Reference ID,Query ID,Reference POS,Reference END,Query POS,REF,ALT,SVLEN
NC_037331.1,NC_032653.1,555821,555822,233625,CA,C,1
NC_037331.1,NC_032653.1,555826,555827,233629,GT,G,1
NC_037331.1,NC_032653.1,721729,721730,481111,CA,C,1
NC_037331.1,NC_032653.1,993570,993571,754220,AC,A,1
NC_037331.1,NC_032653.1,1080744,1080745,842691,AG,A,1
NC_037331.1,NC_032653.1,1080781,1080782,842725,GA,G,1
NC_037331.1,NC_032653.1,1080788,1080789,842731,CA,C,1
NC_037331.1,NC_032653.1,1080802,1080803,842744,TA,T,1
NC_037331.1,NC_032653.1,1094675,1094676,856353,TC,T,1
NC_037331.1,NC_032653.1,1405003,1405004,1166767,AC,A,1
NC_037331.1,NC_032653.1,1519395,1519398,1285340,GTGC,G,3
NC_037331.1,NC_032653.1,1553378,1553379,1319319,GT,G,1
NC_037331.1,NC_032653.1,1554713,1554714,1320651,CT,C,1
NC_037331.1,NC_032653.1,1681850,1681851,1447688,CG,C,1
NC_037331.1,NC_032653.1,2169169,2169170,1940839,GT,G,1
NC_037331.1,NC_032653.1,2184135,2184136,1955802,AC,A,1
NC_037331.1,NC_032653.1,2184163,2184165,1955828,TTA,T,2
NC_037331.1,NC_032653.1,2184175,2184176,1955838,AT,A,1
NC_037331.1,NC_032653.1,2188187,2188188,1959862,GA,G,1
NC_037331.1,NC_032653.1,2371353,2371354,2142488,AG,A,1
NC_037331.1,NC_032653.1,2371361,2371362,2142495,TG,T,1
NC_037331.1,NC_032653.1,2377524,2377525,2148652,AT,A,1
NC_037331.1,NC_032653.1,2462958,2462959,2237201,TA,T,1
NC_037331.1,NC_032653.1,2767030,2767056,2601559,TGAGTTAATAAGATTATTTACCTGTGG,T,26
NC_037331.1,NC_032653.1,3220431,3220432,3063531,AT,A,1
NC_037331.1,NC_032653.1,3289227,3289228,3129944,CA,C,1
NC_037331.1,NC_032653.1,3314495,3314496,3156270,CA,C,1
NC_037331.1,NC_032653.1,3421402,3421403,3324853,GC,G,1
NC_037331.1,NC_032653.1,3421418,3421419,3324868,AT,A,1
NC_037331.1,NC_032653.1,4533523,4533524,4546371,AC,A,1
NC_037331.1,NC_032653.1,4533527,4533529,4546374,TTA,T,2
NC_037331.1,NC_032653.1,4719964,4719965,4733333,TG,T,1
NC_037331.1,NC_032653.1,4794082,4794083,4807943,GT,G,1
NC_037331.1,NC_032653.1,4794091,4794092,4807951,AT,A,1
NC_037331.1,NC_032653.1,4794097,4794098,4807956,TC,T,1
NC_037331.1,NC_032653.1,4819359,4819371,4833215,GAAAATACGTTGC,G,12
NC_037331.1,NC_032653.1,4819399,4819424,4833243,GACACATGTTGATGAAATTCAGTCAC,G,25
NC_037331.1,NC_032653.1,4820068,4820077,4833889,ACAAGAGGAT,A,9
NC_037331.1,NC_032653.1,4820088,4820090,4833900,CCT,C,2
NC_037331.1,NC_032653.1,5589280,5589281,5615205,AG,A,1
NC_037331.1,NC_032653.1,5657625,5657626,5683550,CT,C,1
NC_037331.1,NC_032653.1,5657637,5657638,5683561,TG,T,1
NC_037331.1,NC_032653.1,5978017,5978018,6015455,TC,T,1
NC_037331.1,NC_032653.1,5978040,5978041,6015476,GA,G,1
NC_037331.1,NC_032653.1,6691361,6691362,6718832,CG,C,1
NC_037331.1,NC_032653.1,6691574,6691575,6719044,GC,G,1
NC_037331.1,NC_032653.1,6850230,6850231,6878424,GT,G,1
NC_037331.1,NC_032653.1,6850872,6850873,6879065,CG,C,1
NC_037331.1,NC_032653.1,6851952,6851953,6880147,AT,A,1
NC_037331.1,NC_032653.1,6853310,6853311,6881504,GA,G,1
NC_037331.1,NC_032653.1,6853712,6853713,6881902,AT,A,1
NC_037331.1,NC_032653.1,6854883,6854885,6883085,GGA,G,2
NC_037331.1,NC_032653.1,6855253,6855255,6883454,AAG,A,2
NC_037331.1,NC_032653.1,6855403,6855404,6883605,AG,A,1
NC_037331.1,NC_032653.1,6855497,6855499,6883698,GCT,G,2
NC_037331.1,NC_032653.1,6855654,6855655,6883852,CG,C,1
NC_037331.1,NC_032653.1,6855790,6855791,6883988,AT,A,1
NC_037331.1,NC_032653.1,6856157,6856158,6884350,AC,A,1
NC_037331.1,NC_032653.1,6856217,6856218,6884409,TG,T,1
NC_037331.1,NC_032653.1,6856363,6856365,6884553,ACG,A,2
NC_037331.1,NC_032653.1,6856459,6856463,6884648,TTATA,T,4
NC_037331.1,NC_032653.1,6856559,6856560,6884744,GC,G,1
NC_037331.1,NC_032653.1,6856569,6856570,6884753,GT,G,1
NC_037331.1,NC_032653.1,6856721,6856722,6884902,CG,C,1
NC_037331.1,NC_032653.1,6856945,6856946,6885124,CT,C,1
NC_037331.1,NC_032653.1,6856949,6856950,6885127,AC,A,1
NC_037331.1,NC_032653.1,6856960,6856961,6885137,GA,G,1
NC_037331.1,NC_032653.1,6856970,6856971,6885146,CG,C,1
NC_037331.1,NC_032653.1,6857363,6857364,6885536,GC,G,1
NC_037331.1,NC_032653.1,6857621,6857623,6885791,GGA,G,2
NC_037331.1,NC_032653.1,6857637,6857638,6885805,CT,C,1
NC_037331.1,NC_032653.1,6857671,6857672,6885838,CG,C,1
NC_037331.1,NC_032653.1,6857831,6857832,6885998,TG,T,1
NC_037331.1,NC_032653.1,6862058,6862059,6890224,CA,C,1
NC_037331.1,NC_032653.1,6870020,6870021,6898194,CA,C,1
NC_037331.1,NC_032653.1,6876489,6876490,6904658,GC,G,1
NC_037331.1,NC_032653.1,6876500,6876501,6904668,TG,T,1
NC_037331.1,NC_032653.1,6876594,6876595,6904761,GT,G,1
NC_037331.1,NC_032653.1,6876603,6876604,6904769,TG,T,1
NC_037331.1,NC_032653.1,6876819,6876820,6904983,CA,C,1
NC_037331.1,NC_032653.1,6877373,6877375,6905534,CCG,C,2
NC_037331.1,NC_032653.1,6877379,6877380,6905538,GA,G,1
NC_037331.1,NC_032653.1,6877939,6877940,6906096,CA,C,1
NC_037331.1,NC_032653.1,6882243,6882244,6910494,TA,T,1
NC_037331.1,NC_032653.1,6977451,6977452,7006640,AG,A,1
NC_037331.1,NC_032653.1,7124643,7124644,7158067,CT,C,1
NC_037331.1,NC_032653.1,7128422,7128423,7162110,CA,C,1
NC_037331.1,NC_032653.1,9197360,9197361,9372126,CT,C,1
NC_037331.1,NC_032653.1,9339484,9339485,9537610,AT,A,1
NC_037331.1,NC_032653.1,9742395,9742396,9943779,GT,G,1
NC_037331.1,NC_032653.1,9821985,9822016,10024856,ATTGAATTATTCAAGAAAAATCCAAGAACCCT,A,31
NC_037331.1,NC_032653.1,9864238,9864240,10067154,TAA,T,2
NC_037331.1,NC_032653.1,9911593,9911682,10114522,CTTGACCAAGCACAAAACAATTAAAGCTTGTGAGATGCAGGAACTTTTCTTTTACTAAGTCTCTCAAATACTTAATGAGATCAATCTAGT,C,89
NC_037331.1,NC_032653.1,10235372,10235373,10440077,TG,T,1
NC_037331.1,NC_032653.1,10429484,10429487,10645636,ATCT,A,3
NC_037331.1,NC_032653.1,10439169,10439171,10655323,CAG,C,2
NC_037331.1,NC_032653.1,10453930,10453931,10670003,TC,T,1
NC_037331.1,NC_032653.1,10606054,10606055,10796435,AG,A,1
NC_037331.1,NC_032653.1,10864323,10864324,11056690,CT,C,1
NC_037331.1,NC_032653.1,11033510,11033511,11225564,CT,C,1
NC_037331.1,NC_032653.1,11078613,11078614,11271294,AC,A,1
NC_037331.1,NC_032653.1,11082742,11082743,11275424,GT,G,1
NC_037331.1,NC_032653.1,11082753,11082754,11275434,AT,A,1
NC_037331.1,NC_032653.1,11082763,11082764,11275443,GT,G,1
NC_037331.1,NC_032653.1,11085959,11085960,11278897,TA,T,1
NC_037331.1,NC_032653.1,11127839,11127840,11320779,CA,C,1
NC_037331.1,NC_032653.1,11170441,11170442,11363377,AC,A,1
NC_037331.1,NC_032653.1,11182036,11182037,11374975,TC,T,1
NC_037331.1,NC_032653.1,11201526,11201527,11394559,TC,T,1
NC_037331.1,NC_032653.1,11201581,11201583,11394611,CCT,C,2
NC_037331.1,NC_032653.1,11201590,11201592,11394618,GTA,G,2
NC_037331.1,NC_032653.1,11453670,11453672,11648881,CTT,C,2
NC_037331.1,NC_032653.1,11510873,11510874,11705991,GA,G,1
NC_037331.1,NC_032653.1,11571263,11571264,11766057,CG,C,1
NC_037331.1,NC_032653.1,11630869,11630870,11824510,TC,T,1
NC_037331.1,NC_032653.1,11670764,11670765,11871305,TA,T,1
NC_037331.1,NC_032653.1,12157709,12157711,12358728,AAC,A,2
NC_037331.1,NC_032653.1,12779515,12779519,12992896,CTTCT,C,4
NC_037331.1,NC_032653.1,12779525,12779526,12992902,TG,T,1
NC_037331.1,NC_032653.1,12779543,12779544,12992919,AT,A,1
NC_037331.1,NC_032653.1,12779556,12779557,12992931,AG,A,1
NC_037331.1,NC_032653.1,12779593,12779594,12992967,AC,A,1
NC_037331.1,NC_032653.1,12779599,12779600,12992972,CT,C,1
NC_037331.1,NC_032653.1,12884233,12884234,13098363,CT,C,1
NC_037331.1,NC_032653.1,12884245,12884246,13098374,CT,C,1
NC_037331.1,NC_032653.1,12884254,12884255,13098382,CT,C,1
NC_037331.1,NC_032653.1,12884260,12884261,13098387,TG,T,1
NC_037331.1,NC_032653.1,13135908,13135909,13349546,TG,T,1
NC_037331.1,NC_032653.1,13194561,13194562,13408397,GA,G,1
NC_037331.1,NC_032653.1,13367327,13367328,13581936,TA,T,1
NC_037331.1,NC_032653.1,13505251,13505252,13720045,GT,G,1
NC_037331.1,NC_032653.1,14853509,14853510,15070036,CA,C,1
NC_037331.1,NC_032653.1,15018319,15018320,15234949,GA,G,1
NC_037331.1,NC_032653.1,15018332,15018333,15234961,CA,C,1
NC_037331.1,NC_032653.1,15062893,15062894,15279522,AT,A,1
NC_037331.1,NC_032653.1,15444369,15444370,15715169,AG,A,1
NC_037331.1,NC_032653.1,15553779,15553780,15826443,GC,G,1
NC_037331.1,NC_032653.1,16116489,16116490,16392418,TA,T,1
NC_037331.1,NC_032653.1,16116516,16116517,16392443,CA,C,1
NC_037331.1,NC_032653.1,16116549,16116551,16392475,TTA,T,2
NC_037331.1,NC_032653.1,16131184,16131185,16407107,GT,G,1
NC_037331.1,NC_032653.1,16700512,16700513,16978018,CT,C,1
NC_037331.1,NC_032653.1,16765354,16765355,17043001,TC,T,1
NC_037331.1,NC_032653.1,16787472,16787473,17064927,GC,G,1
NC_037331.1,NC_032653.1,16901655,16901656,17182671,TG,T,1
NC_037331.1,NC_032653.1,17878677,17878678,18185980,CT,C,1
NC_037331.1,NC_032653.1,17878726,17878727,18186027,TC,T,1
NC_037331.1,NC_032653.1,18145540,18145541,18451224,TG,T,1
NC_037331.1,NC_032653.1,18198099,18198101,18500329,CAG,C,2
NC_037331.1,NC_032653.1,18201212,18201213,18503446,AT,A,1
NC_037331.1,NC_032653.1,18208385,18208392,18510578,GAGTCACC,G,7
NC_037331.1,NC_032653.1,18221539,18221540,18523724,CT,C,1
NC_037331.1,NC_032653.1,18361004,18361005,18662820,TG,T,1
NC_037331.1,NC_032653.1,18447702,18447704,18750797,AAC,A,2
NC_037331.1,NC_032653.1,18469579,18469580,18771864,AT,A,1
NC_037331.1,NC_032653.1,18541745,18541746,18855440,GA,G,1
NC_037331.1,NC_032653.1,18682199,18682200,19001906,CA,C,1
NC_037331.1,NC_032653.1,18759066,18759078,19078857,AGGTCAAATCCTT,A,12
NC_037331.1,NC_032653.1,18759080,18759081,19078859,TA,T,1
NC_037331.1,NC_032653.1,18787213,18787214,19107063,GT,G,1
NC_037331.1,NC_032653.1,18843004,18843005,19162838,GA,G,1
NC_037331.1,NC_032653.1,19056290,19056291,19431000,TA,T,1
NC_037331.1,NC_032653.1,19241182,19241183,19672574,CT,C,1
NC_037331.1,NC_032653.1,19246298,19246301,19677694,GAGA,G,3
NC_037331.1,NC_032653.1,19303287,19303289,19909328,GCA,G,2
NC_037331.1,NC_032653.1,19476582,19476583,20082981,TG,T,1
NC_037331.1,NC_032653.1,19602480,19602481,20209927,AT,A,1
NC_037331.1,NC_032653.1,19641219,19641220,20248541,GA,G,1
NC_037331.1,NC_032653.1,19646306,19646307,20253646,TA,T,1
NC_037331.1,NC_032653.1,19664465,19664466,20271806,GA,G,1
NC_037331.1,NC_032653.1,19934582,19934583,20542030,CA,C,1
NC_037331.1,NC_032653.1,19934587,19934588,20542034,GA,G,1
NC_037331.1,NC_032653.1,20225062,20225063,20897228,GA,G,1
NC_037331.1,NC_032653.1,20270083,20270084,20942824,GC,G,1
NC_037331.1,NC_032653.1,20272707,20272710,20945443,ATTC,A,3
NC_037331.1,NC_032653.1,20329866,20329867,21007239,AT,A,1
NC_037331.1,NC_032653.1,20476569,20476572,21153933,ATTT,A,3
NC_037331.1,NC_032653.1,20489123,20489124,21166483,AT,A,1
NC_037331.1,NC_032653.1,20525967,20525968,21203367,GA,G,1
NC_037331.1,NC_032653.1,20525975,20525977,21203374,AAG,A,2
NC_037331.1,NC_032653.1,20526024,20526026,21203420,AAC,A,2
NC_037331.1,NC_032653.1,20548128,20548133,21226163,AGCTTT,A,5
NC_037331.1,NC_032653.1,20807034,20807035,21573691,AT,A,1
NC_037331.1,NC_032653.1,20843459,20843462,21610139,TAAC,T,3
NC_037331.1,NC_032653.1,20843802,20843803,21610479,TG,T,1
NC_037331.1,NC_032653.1,21076636,21076661,21920101,CCAGGAAGTATGCAATTAATATTTCA,C,25
NC_037331.1,NC_032653.1,21097236,21097237,21940672,GA,G,1
NC_037331.1,NC_032653.1,21168176,21168177,22061498,GC,G,1
NC_037331.1,NC_032653.1,21218495,21218497,22111906,AAT,A,2
NC_037331.1,NC_032653.1,21218506,21218507,22111915,TA,T,1
NC_037331.1,NC_032653.1,21218513,21218514,22111921,AT,A,1
NC_037331.1,NC_032653.1,21218524,21218525,22111931,CA,C,1
NC_037331.1,NC_032653.1,21219148,21219149,22112553,TG,T,1
NC_037331.1,NC_032653.1,21239935,21239937,22133360,CTT,C,2
NC_037331.1,NC_032653.1,21322077,21322078,22230847,CA,C,1
NC_037331.1,NC_032653.1,21525816,21525818,22469483,TTG,T,2
NC_037331.1,NC_032653.1,21884265,21884266,22839427,TA,T,1
NC_037331.1,NC_032653.1,21991254,21991255,22946276,CA,C,1
NC_037331.1,NC_032653.1,22004665,22004666,22959714,CG,C,1
NC_037331.1,NC_032653.1,22259148,22259149,23187312,TG,T,1
NC_037331.1,NC_032653.1,22600785,22600786,23538213,CG,C,1
NC_037331.1,NC_032653.1,22630095,22630096,23567524,GA,G,1
NC_037331.1,NC_032653.1,22788423,22788424,23726292,AT,A,1
NC_037331.1,NC_032653.1,22802842,22802843,23740740,CT,C,1
NC_037331.1,NC_032653.1,23792074,23792076,24818360,TTC,T,2
NC_037331.1,NC_032653.1,24137240,24137241,25155815,GA,G,1
NC_037331.1,NC_032653.1,24226936,24226937,25300369,AC,A,1
NC_037331.1,NC_032653.1,24448127,24448128,25462878,GA,G,1
NC_037331.1,NC_032653.1,24448144,24448145,25462894,TA,T,1
NC_037331.1,NC_032653.1,24448157,24448158,25462906,AT,A,1
NC_037331.1,NC_032653.1,24582699,24582700,25643940,TA,T,1
NC_037331.1,NC_032653.1,24781123,24781125,25870688,CTT,C,2
NC_037331.1,NC_032653.1,24781123,24781125,25874521,CTT,C,2
NC_037331.1,NC_032653.1,25402623,25402624,26495594,GA,G,1
NC_037331.1,NC_032653.1,25427916,25427918,26520893,GGC,G,2
NC_037331.1,NC_032653.1,25524731,25524732,26622334,AC,A,1
NC_037331.1,NC_032653.1,25546924,25546928,26706871,TTCTC,T,4
NC_037331.1,NC_032653.1,25548078,25548079,26708021,CA,C,1
NC_037331.1,NC_032653.1,25622923,25622924,26784721,GT,G,1
NC_037331.1,NC_032653.1,25699227,25699264,26886011,CATCAGACCTTTTCATGGCTACACTTCTCATGGCTACT,C,37
NC_037331.1,NC_032653.1,25720697,25720698,26907443,TG,T,1
NC_037331.1,NC_032653.1,25972722,25972723,27160426,GC,G,1
NC_037331.1,NC_032653.1,26002317,26002318,27190020,CG,C,1
NC_037331.1,NC_032653.1,26232940,26232949,27421527,CTTGATCTGG,C,9
NC_037331.1,NC_032653.1,26258057,26258058,27446630,CA,C,1
NC_037331.1,NC_032653.1,26258080,26258081,27446652,GA,G,1
NC_037331.1,NC_032653.1,26258128,26258129,27446700,GT,G,1
NC_037331.1,NC_032653.1,26516801,26516802,27695648,CG,C,1
NC_037331.1,NC_032653.1,26516827,26516832,27695673,AAAAGG,A,5
NC_037331.1,NC_032653.1,26534295,26534296,27713133,CA,C,1
NC_037331.1,NC_032653.1,26534366,26534367,27713202,GA,G,1
NC_037331.1,NC_032653.1,26675552,26675553,27850786,AG,A,1
NC_037331.1,NC_032653.1,26771538,26771539,27946876,AT,A,1
NC_037331.1,NC_032653.1,26771569,26771571,27946906,GGC,G,2
NC_037331.1,NC_032653.1,26822272,26822273,27998195,CT,C,1
NC_037331.1,NC_032653.1,26856022,26856024,28031845,GGT,G,2
NC_037331.1,NC_032653.1,27092483,27092484,28268395,AT,A,1
NC_037331.1,NC_032653.1,27092488,27092489,28268399,AT,A,1
NC_037331.1,NC_032653.1,27092514,27092516,28268424,CCT,C,2
NC_037331.1,NC_032653.1,27124850,27124851,28300810,CA,C,1
NC_037331.1,NC_032653.1,27134050,27134051,28310009,AG,A,1
NC_037331.1,NC_032653.1,27199003,27199004,28375288,GA,G,1
NC_037331.1,NC_032653.1,27273317,27273318,28449646,AT,A,1
NC_037331.1,NC_032653.1,27337365,27337366,28513448,CG,C,1
NC_037331.1,NC_032653.1,27500436,27500442,28676551,TAAGAAC,T,6
NC_037331.1,NC_032653.1,27620990,27620991,28797106,CT,C,1
NC_037331.1,NC_032653.1,27625817,27625818,28801936,AC,A,1
NC_037331.1,NC_032653.1,27754804,27754805,28912796,TA,T,1
NC_037331.1,NC_032653.1,28159833,28159834,29394097,TC,T,1
NC_037331.1,NC_032653.1,28206066,28206071,29440344,AGAGGG,A,5
NC_037331.1,NC_032653.1,28218093,28218094,29452371,CT,C,1
NC_037331.1,NC_032653.1,28303507,28303531,29540564,GAGTAAATTTTCCATTAATTTATTA,G,24
NC_037331.1,NC_032653.1,28342930,28342931,29580102,TA,T,1
NC_037331.1,NC_032653.1,28575130,28575132,29821136,GGT,G,2
NC_037331.1,NC_032653.1,29355417,29355418,30612623,AT,A,1
NC_037331.1,NC_032653.1,29355475,29355476,30612679,TA,T,1
NC_037331.1,NC_032653.1,29355484,29355485,30612687,CA,C,1
NC_037331.1,NC_032653.1,29416252,29416271,30675835,AACCATGTACCAATTAATGC,A,19
NC_037331.1,NC_032653.1,29420122,29420123,30679685,AT,A,1
NC_037331.1,NC_032653.1,29420128,29420129,30679690,TC,T,1
NC_037331.1,NC_032653.1,29437480,29437482,30697121,CAT,C,2
NC_037331.1,NC_032653.1,29734366,29734367,30945754,GA,G,1
NC_037331.1,NC_032653.1,29855550,29855551,31105070,TC,T,1
NC_037331.1,NC_032653.1,29855561,29855562,31105080,CA,C,1
NC_037331.1,NC_032653.1,29859092,29859093,31105070,TC,T,1
NC_037331.1,NC_032653.1,29859103,29859104,31105080,CA,C,1
NC_037331.1,NC_032653.1,29860078,29860080,31106053,TTA,T,2
NC_037331.1,NC_032653.1,29860086,29860087,31106059,GT,G,1
NC_037331.1,NC_032653.1,29926122,29926125,31172106,GAAA,G,3
NC_037331.1,NC_032653.1,30177040,30177041,31424145,TC,T,1
NC_037331.1,NC_032653.1,30249663,30249664,31502336,TG,T,1
NC_037331.1,NC_032653.1,30279461,30279464,31533564,ACTC,A,3
NC_037331.1,NC_032653.1,30307862,30307864,31549541,AAT,A,2
NC_037331.1,NC_032653.1,30441248,30441250,31681707,CTT,C,2
NC_037331.1,NC_032653.1,30500042,30500043,31740491,AT,A,1
NC_037331.1,NC_032653.1,30583066,30583067,31823451,AG,A,1
NC_037331.1,NC_032653.1,30616913,30616915,31857701,TTA,T,2
NC_037331.1,NC_032653.1,30735897,30735898,31979989,TG,T,1
NC_037331.1,NC_032653.1,30801049,30801050,32053388,CA,C,1
NC_037331.1,NC_032653.1,30857054,30857055,32109449,AC,A,1
NC_037331.1,NC_032653.1,30857112,30857113,32109509,CT,C,1
NC_037331.1,NC_032653.1,30866802,30866804,32119200,TGA,T,2
NC_037331.1,NC_032653.1,30881863,30881864,32134302,AC,A,1
NC_037331.1,NC_032653.1,30903201,30903202,32155654,TA,T,1
NC_037331.1,NC_032653.1,30977476,30977477,32230044,CA,C,1
NC_037331.1,NC_032653.1,31015763,31015775,32268345,CTATTTCCAATAG,C,12
NC_037331.1,NC_032653.1,31084487,31084488,32337061,AT,A,1
NC_037331.1,NC_032653.1,31116511,31116512,32369085,CA,C,1
NC_037331.1,NC_032653.1,31143647,31143648,32396221,AC,A,1
NC_037331.1,NC_032653.1,31153564,31153568,32406141,AGACC,A,4
NC_037331.1,NC_032653.1,31153572,31153574,32406145,ACT,A,2
NC_037331.1,NC_032653.1,31154055,31154060,32406620,CTGTGA,C,5
NC_037331.1,NC_032653.1,31154570,31154572,32407130,TAA,T,2
NC_037331.1,NC_032653.1,31154739,31154743,32407297,ACCTG,A,4
NC_037331.1,NC_032653.1,31156491,31156492,32409056,AT,A,1
NC_037331.1,NC_032653.1,31449538,31449541,32709273,TTAC,T,3
NC_037331.1,NC_032653.1,31580989,31580990,32824388,TC,T,1
NC_037331.1,NC_032653.1,31580995,31580996,32824393,AT,A,1
NC_037331.1,NC_032653.1,31581001,31581002,32824398,TG,T,1
NC_037331.1,NC_032653.1,31760361,31760362,33004041,GA,G,1
NC_037331.1,NC_032653.1,31788891,31788893,33056129,CCT,C,2
NC_037331.1,NC_032653.1,31845992,31846001,33129393,TATTGTTCAA,T,9
NC_037331.1,NC_032653.1,31872155,31872165,33155555,TGTGCTTATCC,T,10
NC_037331.1,NC_032653.1,32110700,32110701,33394217,TG,T,1
NC_037331.1,NC_032653.1,32187806,32187807,33470808,AC,A,1
NC_037331.1,NC_032653.1,32417742,32417743,33698955,TC,T,1
NC_037331.1,NC_032653.1,32417888,32417889,33699100,TC,T,1
NC_037331.1,NC_032653.1,32434713,32434714,33715928,GC,G,1
NC_037331.1,NC_032653.1,32434733,32434734,33715948,TA,T,1
NC_037331.1,NC_032653.1,32471091,32471093,33752240,CAG,C,2
NC_037331.1,NC_032653.1,32473552,32473554,33754615,CTG,C,2
NC_037331.1,NC_032653.1,32473628,32473631,33754689,CTTT,C,3
NC_037331.1,NC_032653.1,32473846,32473848,33754905,ACT,A,2
NC_037331.1,NC_032653.1,32475288,32475294,33756350,TCCACTC,T,6
NC_037331.1,NC_032653.1,32475658,32475660,33756714,GCA,G,2
NC_037331.1,NC_032653.1,32561810,32561811,33835734,AT,A,1
NC_037331.1,NC_032653.1,33009778,33009780,33989071,AAG,A,2
NC_037331.1,NC_032653.1,33009786,33009787,33989077,AG,A,1
NC_037331.1,NC_032653.1,33040857,33040859,34020147,TAA,T,2
NC_037331.1,NC_032653.1,33273248,33273250,34305753,TTG,T,2
NC_037331.1,NC_032653.1,33399063,33399074,34432416,GCTCCAGGTTTC,G,11
NC_037331.1,NC_032653.1,33402236,33402237,34435579,GA,G,1
NC_037331.1,NC_032653.1,33403532,33403533,34436877,TC,T,1
NC_037331.1,NC_032653.1,33416822,33416824,34450158,AAC,A,2
NC_037331.1,NC_032653.1,33418234,33418235,34451568,CA,C,1
NC_037331.1,NC_032653.1,33500965,33500966,34541928,GC,G,1
NC_037331.1,NC_032653.1,33529893,33529895,34571210,AGT,A,2
NC_037331.1,NC_032653.1,33624794,33624795,34666141,TG,T,1
NC_037331.1,NC_032653.1,33783879,33783880,34824253,CA,C,1
NC_037331.1,NC_032653.1,33783888,33783889,34824261,AT,A,1
NC_037331.1,NC_032653.1,33826318,33826319,34866647,CT,C,1
NC_037331.1,NC_032653.1,33868909,33868910,34910814,TG,T,1
NC_037331.1,NC_032653.1,33981177,33981178,35023558,AT,A,1
NC_037331.1,NC_032653.1,34156272,34156274,35201715,CAT,C,2
NC_037331.1,NC_032653.1,34163494,34163495,35209125,CA,C,1
NC_037331.1,NC_032653.1,34163559,34163560,35209189,CT,C,1
NC_037331.1,NC_032653.1,34180775,34180777,35226393,AAC,A,2
NC_037331.1,NC_032653.1,34247423,34247446,35291982,TTCTATAATTTTCAAAGATCTGAA,T,23
NC_037331.1,NC_032653.1,34691630,34691631,35768091,TG,T,1
NC_037331.1,NC_032653.1,35011125,35011126,36112785,GA,G,1
NC_037331.1,NC_032653.1,35016760,35016762,36211987,CAT,C,2
NC_037331.1,NC_032653.1,35580842,35580843,36821251,AT,A,1
NC_037331.1,NC_032653.1,35731022,35731023,36971483,CG,C,1
NC_037331.1,NC_032653.1,35749762,35749763,36990100,AG,A,1
NC_037331.1,NC_032653.1,35787954,35787956,37028330,GGA,G,2
NC_037331.1,NC_032653.1,35788921,35788928,37029299,AGTTACCC,A,7
NC_037331.1,NC_032653.1,35839840,35839841,37080305,TG,T,1
NC_037331.1,NC_032653.1,35846937,35846938,37087421,AG,A,1
NC_037331.1,NC_032653.1,35854671,35854672,37095087,AT,A,1
NC_037331.1,NC_032653.1,35944792,35944794,37185367,AAC,A,2
NC_037331.1,NC_032653.1,36289887,36289888,37530607,GA,G,1
NC_037331.1,NC_032653.1,36581162,36581163,37862676,TC,T,1
NC_037331.1,NC_032653.1,36632480,36632481,37916535,GA,G,1
NC_037331.1,NC_032653.1,36735734,36735735,38019939,GA,G,1
NC_037331.1,NC_032653.1,36743155,36743156,38027197,CT,C,1
NC_037331.1,NC_032653.1,36780816,36780821,38063630,ATTGTT,A,5
NC_037331.1,NC_032653.1,36819741,36819742,38103448,AT,A,1
NC_037331.1,NC_032653.1,36973284,36973285,38256837,TA,T,1
NC_037331.1,NC_032653.1,36983345,36983346,38266904,GT,G,1
NC_037331.1,NC_032653.1,37047588,37047589,38329655,TC,T,1
NC_037331.1,NC_032653.1,37056176,37056177,38338234,TA,T,1
NC_037331.1,NC_032653.1,37056276,37056314,38338333,TCTCTGGAGTCCTTTCCAGTTCTCACTCTCCTGCTGCTA,T,38
NC_037331.1,NC_032653.1,37308915,37308916,38591825,TC,T,1
NC_037331.1,NC_032653.1,37308927,37308928,38591836,AC,A,1
NC_037331.1,NC_032653.1,37435885,37435893,38719729,GTCCTCAGA,G,8
NC_037331.1,NC_032653.1,37744743,37744744,39042611,TG,T,1
NC_037331.1,NC_032653.1,37787701,37787702,39085586,AC,A,1
NC_037331.1,NC_032653.1,37995604,37995605,39294056,AT,A,1
NC_037331.1,NC_032653.1,38078379,38078380,39376631,CA,C,1
NC_037331.1,NC_032653.1,38412597,38412598,39752380,AG,A,1
NC_037331.1,NC_032653.1,38412603,38412604,39752385,TG,T,1
NC_037331.1,NC_032653.1,38872654,38872655,40260501,TA,T,1
NC_037331.1,NC_032653.1,38998056,38998057,40379509,GA,G,1
NC_037331.1,NC_032653.1,39668719,39668720,41064580,AT,A,1
NC_037331.1,NC_032653.1,39885798,39885800,41287879,AAC,A,2
NC_037331.1,NC_032653.1,40139514,40139515,41542620,CT,C,1
NC_037331.1,NC_032653.1,40207416,40207417,41610530,GT,G,1
NC_037331.1,NC_032653.1,40330320,40330321,41733430,GA,G,1
NC_037331.1,NC_032653.1,40541746,40541748,41884010,CTT,C,2
NC_037331.1,NC_032653.1,40603729,40603731,41945719,AAG,A,2
NC_037331.1,NC_032653.1,40603766,40603767,41945754,AT,A,1
NC_037331.1,NC_032653.1,40686122,40686123,42028108,AT,A,1
NC_037331.1,NC_032653.1,40686140,40686141,42028125,CA,C,1
NC_037331.1,NC_032653.1,40914528,40914529,42258011,GC,G,1
NC_037331.1,NC_032653.1,41188814,41188815,42536776,TA,T,1
NC_037331.1,NC_032653.1,41188847,41188848,42536808,CG,C,1
NC_037331.1,NC_032653.1,41482604,41482609,42919585,CTGTGT,C,5
NC_037331.1,NC_032653.1,41651843,41651844,43085853,CA,C,1
NC_037331.1,NC_032653.1,41787969,41787970,43225640,AT,A,1
NC_037331.1,NC_032653.1,42083493,42083494,43526155,GA,G,1
NC_037331.1,NC_032653.1,42097327,42097328,43539991,AC,A,1
NC_037331.1,NC_032653.1,42481534,42481535,43942911,AG,A,1
NC_037331.1,NC_032653.1,42481550,42481551,43942926,AC,A,1
NC_037331.1,NC_032653.1,42500764,42500765,43962140,GT,G,1
NC_037331.1,NC_032653.1,42500777,42500778,43962152,GT,G,1
NC_037331.1,NC_032653.1,42500797,42500798,43962171,GT,G,1
NC_037331.1,NC_032653.1,42859391,42859392,44319377,TG,T,1
NC_037331.1,NC_032653.1,42865071,42865072,44324993,AG,A,1
NC_037331.1,NC_032653.1,42865079,42865080,44325000,CA,C,1
NC_037331.1,NC_032653.1,42865432,42865433,44325352,AC,A,1
NC_037331.1,NC_032653.1,43019833,43019834,44480199,CA,C,1
NC_037331.1,NC_032653.1,43162763,43162764,44724295,AT,A,1
NC_037331.1,NC_032653.1,43164374,43164375,44725911,TG,T,1
NC_037331.1,NC_032653.1,43242746,43242748,44804296,CCT,C,2
NC_037331.1,NC_032653.1,43242752,43242753,44804300,AC,A,1
NC_037331.1,NC_032653.1,43242765,43242767,44804312,TCC,T,2
NC_037331.1,NC_032653.1,43242772,43242773,44804317,GC,G,1
NC_037331.1,NC_032653.1,43242777,43242778,44804321,AG,A,1
NC_037331.1,NC_032653.1,44355828,44355829,45930172,AG,A,1
NC_037331.1,NC_032653.1,44355833,44355834,45930176,AC,A,1
NC_037331.1,NC_032653.1,44362345,44362346,45936689,CG,C,1
NC_037331.1,NC_032653.1,44397757,44397758,45972101,AG,A,1
NC_037331.1,NC_032653.1,44454205,44454208,46028544,CTCT,C,3
NC_037331.1,NC_032653.1,44510541,44510546,46086648,TTAAAA,T,5
NC_037331.1,NC_032653.1,44544086,44544087,46120228,CT,C,1
NC_037331.1,NC_032653.1,44647707,44647708,46241619,TC,T,1
NC_037331.1,NC_032653.1,44647739,44647740,46241649,CG,C,1
NC_037331.1,NC_032653.1,44647751,44647752,46241660,AG,A,1
NC_037331.1,NC_032653.1,44647764,44647765,46241672,CA,C,1
NC_037331.1,NC_032653.1,44679270,44679272,46273365,CTT,C,2
NC_037331.1,NC_032653.1,44686366,44686371,46280884,AAATTT,A,5
NC_037331.1,NC_032653.1,44689678,44689679,46284190,AG,A,1
NC_037331.1,NC_032653.1,44703808,44703809,46298312,AC,A,1
NC_037331.1,NC_032653.1,44707192,44707193,46301695,CG,C,1
NC_037331.1,NC_032653.1,44782096,44782097,46461170,TA,T,1
NC_037331.1,NC_032653.1,45019441,45019442,46797603,AC,A,1
NC_037331.1,NC_032653.1,45642208,45642209,47519136,CA,C,1
NC_037331.1,NC_032653.1,45642253,45642254,47519178,CA,C,1
NC_037331.1,NC_032653.1,45642264,45642265,47519188,AT,A,1
NC_037331.1,NC_032653.1,45706259,45706260,47582979,GT,G,1
NC_037331.1,NC_032653.1,45828686,45828687,47706017,AC,A,1
NC_037331.1,NC_032653.1,46071283,46071285,47946498,CTT,C,2
NC_037331.1,NC_032653.1,46723397,46723398,48598422,GA,G,1
NC_037331.1,NC_032653.1,46748057,46748058,48623075,CA,C,1
NC_037331.1,NC_032653.1,46936802,46936803,48812204,CT,C,1
NC_037331.1,NC_032653.1,47081760,47081761,48953078,CG,C,1
NC_037331.1,NC_032653.1,47122373,47122374,48993674,AT,A,1
NC_037331.1,NC_032653.1,47378038,47378039,49255447,GC,G,1
NC_037331.1,NC_032653.1,47563424,47563425,49441395,AG,A,1
NC_037331.1,NC_032653.1,47657029,47657030,49538112,TC,T,1
NC_037331.1,NC_032653.1,47677185,47677186,49558271,TA,T,1
NC_037331.1,NC_032653.1,47715754,47715755,49596930,AC,A,1
NC_037331.1,NC_032653.1,47892961,47892962,49805919,GC,G,1
NC_037331.1,NC_032653.1,47892978,47892979,49805935,CA,C,1
NC_037331.1,NC_032653.1,47903107,47903108,49816472,AG,A,1
NC_037331.1,NC_032653.1,47967657,47967658,49881248,GA,G,1
NC_037331.1,NC_032653.1,48165053,48165054,50144682,CG,C,1
NC_037331.1,NC_032653.1,48408637,48408638,50391302,GC,G,1
NC_037331.1,NC_032653.1,48653118,48653123,50634922,TTTCCC,T,5
NC_037331.1,NC_032653.1,48897535,48897536,50884100,TG,T,1
NC_037331.1,NC_032653.1,49074491,49074492,51054647,AT,A,1
NC_037331.1,NC_032653.1,49102551,49102552,51082709,GC,G,1
NC_037331.1,NC_032653.1,49103078,49103079,51083250,CT,C,1
NC_037331.1,NC_032653.1,49106076,49106077,51086245,AT,A,1
NC_037331.1,NC_032653.1,49130512,49130513,51110709,AC,A,1
NC_037331.1,NC_032653.1,49135413,49135425,51116074,TCCCAGTTGTAAA,T,12
NC_037331.1,NC_032653.1,49315990,49315991,51295385,CA,C,1
NC_037331.1,NC_032653.1,49452022,49452023,51431434,TA,T,1
NC_037331.1,NC_032653.1,49452029,49452030,51431440,GT,G,1
NC_037331.1,NC_032653.1,49531176,49531178,51510597,ACG,A,2
NC_037331.1,NC_032653.1,49678560,49678561,51657989,GA,G,1
NC_037331.1,NC_032653.1,49744402,49744404,51722808,CCT,C,2
NC_037331.1,NC_032653.1,49767266,49767267,51745672,TA,T,1
NC_037331.1,NC_032653.1,49922039,49922040,51898116,CA,C,1
NC_037331.1,NC_032653.1,49922052,49922053,51898128,GA,G,1
NC_037331.1,NC_032653.1,50147637,50147638,52132317,TC,T,1
NC_037331.1,NC_032653.1,50163589,50163590,52148275,CG,C,1
NC_037331.1,NC_032653.1,50179497,50179498,52164191,TA,T,1
NC_037331.1,NC_032653.1,50196059,50196060,52180660,AC,A,1
NC_037331.1,NC_032653.1,50202230,50202231,52186830,GC,G,1
NC_037331.1,NC_032653.1,50361812,50361815,52351944,GACA,G,3
NC_037331.1,NC_032653.1,50364935,50364936,52355076,TA,T,1
NC_037331.1,NC_032653.1,51126034,51126035,53130232,AG,A,1
NC_037331.1,NC_032653.1,51341848,51341849,53345513,CT,C,1
NC_037331.1,NC_032653.1,51446363,51446364,53450859,TA,T,1
NC_037331.1,NC_032653.1,51623539,51623540,53711164,AT,A,1
NC_037331.1,NC_032653.1,51649925,51649926,53737615,TC,T,1
NC_037331.1,NC_032653.1,51823500,51823501,53911476,GA,G,1
NC_037331.1,NC_032653.1,52169538,52169539,54255829,CG,C,1
NC_037331.1,NC_032653.1,52169538,52169539,54308818,CG,C,1
NC_037331.1,NC_032653.1,52315180,52315181,54459284,TA,T,1
NC_037331.1,NC_032653.1,52335395,52335396,54479898,GA,G,1
NC_037331.1,NC_032653.1,52656841,52656842,54842917,TA,T,1
NC_037331.1,NC_032653.1,52660856,52660857,54846935,TA,T,1
NC_037331.1,NC_032653.1,52828192,52828193,55014915,AG,A,1
NC_037331.1,NC_032653.1,52929586,52929587,55116114,GT,G,1
NC_037331.1,NC_032653.1,53105389,53105390,55292121,CA,C,1
NC_037331.1,NC_032653.1,53154802,53154803,55341532,GT,G,1
NC_037331.1,NC_032653.1,53154812,53154813,55341541,GT,G,1
NC_037331.1,NC_032653.1,53154824,53154825,55341552,TA,T,1
NC_037331.1,NC_032653.1,53253750,53253751,55440563,CG,C,1
NC_037331.1,NC_032653.1,53256387,53256389,55443199,CTT,C,2
NC_037331.1,NC_032653.1,53526495,53526497,55713334,AGT,A,2
NC_037331.1,NC_032653.1,53550182,53550183,55737018,AG,A,1
NC_037331.1,NC_032653.1,53628014,53628015,55814536,CA,C,1
NC_037331.1,NC_032653.1,53628078,53628080,55814597,GGA,G,2
NC_037331.1,NC_032653.1,53628098,53628099,55814615,AT,A,1
NC_037331.1,NC_032653.1,53661988,53661990,55848418,ACG,A,2
NC_037331.1,NC_032653.1,53674637,53674638,55861045,GA,G,1
NC_037331.1,NC_032653.1,53688241,53688243,55874638,AAC,A,2
NC_037331.1,NC_032653.1,53725653,53725654,55911636,AT,A,1
NC_037331.1,NC_032653.1,53755708,53755709,55941617,AT,A,1
NC_037331.1,NC_032653.1,53757092,53757093,55943008,TA,T,1
NC_037331.1,NC_032653.1,54025169,54025170,56210721,TA,T,1
NC_037331.1,NC_032653.1,54355615,54355616,56583881,TA,T,1
NC_037331.1,NC_032653.1,54419027,54419028,56647308,CA,C,1
NC_037331.1,NC_032653.1,54419052,54419053,56647332,TC,T,1
NC_037331.1,NC_032653.1,54419064,54419065,56647343,GA,G,1
NC_037331.1,NC_032653.1,54461977,54461978,56688828,GA,G,1
NC_037331.1,NC_032653.1,54461984,54461985,56688834,TA,T,1
NC_037331.1,NC_032653.1,54461996,54461998,56688845,TTA,T,2
NC_037331.1,NC_032653.1,54462005,54462006,56688852,AC,A,1
NC_037331.1,NC_032653.1,54775635,54775636,57004195,GT,G,1
NC_037331.1,NC_032653.1,54775651,54775652,57004210,CT,C,1
NC_037331.1,NC_032653.1,54775659,54775660,57004217,AT,A,1
NC_037331.1,NC_032653.1,54775673,54775674,57004230,AT,A,1
NC_037331.1,NC_032653.1,55150579,55150580,57463327,AC,A,1
NC_037331.1,NC_032653.1,55320651,55320664,57590487,TTTTTCTAGTTTAA,T,13
NC_037331.1,NC_032653.1,55375153,55375159,57644894,TATCATC,T,6
NC_037331.1,NC_032653.1,55402035,55402038,57675867,AGAT,A,3
NC_037331.1,NC_032653.1,55403860,55403861,57676947,AG,A,1
NC_037331.1,NC_032653.1,55430105,55430106,57703192,TA,T,1
NC_037331.1,NC_032653.1,55430206,55430215,57703291,ACTCTGTGCT,A,9
NC_037331.1,NC_032653.1,55444863,55444866,57718112,TTGC,T,3
NC_037331.1,NC_032653.1,56007806,56007808,58281540,TTA,T,2
NC_037331.1,NC_032653.1,56065550,56065552,58339282,GGA,G,2
NC_037331.1,NC_032653.1,56395922,56395924,58669386,TTC,T,2
NC_037331.1,NC_032653.1,56395951,56395952,58669412,AT,A,1
NC_037331.1,NC_032653.1,56436486,56436487,58710269,AT,A,1
NC_037331.1,NC_032653.1,56695653,56695654,58882149,TG,T,1
NC_037331.1,NC_032653.1,56695659,56695660,58882154,AT,A,1
NC_037331.1,NC_032653.1,56741155,56741156,58927625,CG,C,1
NC_037331.1,NC_032653.1,56993159,56993160,59179287,CT,C,1
NC_037331.1,NC_032653.1,56993164,56993165,59179291,GT,G,1
NC_037331.1,NC_032653.1,57020159,57020167,59206292,CTATGTTTG,C,8
NC_037331.1,NC_032653.1,57225990,57225992,59411914,AAT,A,2
NC_037331.1,NC_032653.1,57828547,57828549,60012306,CTA,C,2
NC_037331.1,NC_032653.1,58038513,58038514,60219601,AT,A,1
NC_037331.1,NC_032653.1,58265575,58265576,60447701,TA,T,1
NC_037331.1,NC_032653.1,58369993,58369994,60536671,CA,C,1
NC_037331.1,NC_032653.1,58621285,58621287,60622262,CAA,C,2
NC_037331.1,NC_032653.1,58647975,58647976,60595527,AT,A,1
NC_037331.1,NC_032653.1,58647975,58647976,60817614,AT,A,1
NC_037331.1,NC_032653.1,58658027,58658028,60827542,GA,G,1
NC_037331.1,NC_032653.1,58658712,58658713,60828229,TG,T,1
NC_037331.1,NC_032653.1,59026497,59026498,61227989,AC,A,1
NC_037331.1,NC_032653.1,59027475,59027476,61228965,TG,T,1
NC_037331.1,NC_032653.1,59030913,59030914,61232403,AT,A,1
NC_037331.1,NC_032653.1,59068563,59068564,61277113,GT,G,1
NC_037331.1,NC_032653.1,59068590,59068593,61277139,AGAT,A,3
NC_037331.1,NC_032653.1,59068624,59068625,61277169,TG,T,1
NC_037331.1,NC_032653.1,59068645,59068646,61277189,TC,T,1
NC_037331.1,NC_032653.1,59068694,59068696,61277236,CCA,C,2
NC_037331.1,NC_032653.1,59070291,59070292,61278822,AT,A,1
NC_037331.1,NC_032653.1,59127839,59127840,61336619,GA,G,1
NC_037331.1,NC_032653.1,59127856,59127857,61336635,AT,A,1
NC_037331.1,NC_032653.1,59139542,59139543,61347769,TC,T,1
NC_037331.1,NC_032653.1,59171054,59171055,61379269,TC,T,1
NC_037331.1,NC_032653.1,59793959,59793960,62041763,AC,A,1
NC_037331.1,NC_032653.1,59793982,59793983,62041785,CT,C,1
NC_037331.1,NC_032653.1,59869459,59869648,62117402,CCTCGCAGGGCATACTCTGTGGTGCCCAGTGCCCCAAAATTGGGCCTGCTAACATCACTGGCCTTAAATGATACGAACTTAGATCGTTATATTTAAGATTTCAGAGAATCTGTGACAAGGGTTTCTCCACCCTTGAGACAGAGGCCGCGGTGCTCCCCACGGTAGCGCTGCCAGTGACTCGGGGGTGAAT,C,189
NC_037331.1,NC_032653.1,60397356,60397357,62648043,AG,A,1
NC_037331.1,NC_032653.1,60574353,60574355,62922714,CTT,C,2
NC_037331.1,NC_032653.1,60588915,60588927,62937271,TGCTTATTCTTCA,T,12
NC_037331.1,NC_032653.1,60588935,60588936,62937279,TA,T,1
NC_037331.1,NC_032653.1,60588948,60588949,62937291,AC,A,1
NC_037331.1,NC_032653.1,60588976,60588977,62937318,AC,A,1
NC_037331.1,NC_032653.1,60603095,60603096,62951845,AC,A,1
NC_037331.1,NC_032653.1,60606693,60606698,62955440,CTGAAT,C,5
NC_037331.1,NC_032653.1,60907914,60907915,63227586,CG,C,1
NC_037331.1,NC_032653.1,60915334,60915336,63235006,TCA,T,2
NC_037331.1,NC_032653.1,60967915,60967916,63291862,GA,G,1
NC_037331.1,NC_032653.1,61152976,61152979,63476860,AATT,A,3
NC_037331.1,NC_032653.1,61175380,61175381,63499339,CT,C,1
NC_037331.1,NC_032653.1,61206120,61206124,63530212,TGCTC,T,4
NC_037331.1,NC_032653.1,61312850,61312852,63638891,TTG,T,2
NC_037331.1,NC_032653.1,61312878,61312879,63638916,AT,A,1
NC_037331.1,NC_032653.1,61528239,61528240,63853949,TG,T,1
NC_037331.1,NC_032653.1,61529951,61529952,63855662,CG,C,1
NC_037331.1,NC_032653.1,61975985,61975986,64296315,CA,C,1
NC_037331.1,NC_032653.1,62055984,62055986,64376091,CAG,C,2
NC_037331.1,NC_032653.1,62060444,62060445,64381553,AT,A,1
NC_037331.1,NC_032653.1,62104620,62104621,64425507,AC,A,1
NC_037331.1,NC_032653.1,62132752,62132753,64453674,AT,A,1
NC_037331.1,NC_032653.1,62144337,62144338,64465260,AC,A,1
NC_037331.1,NC_032653.1,62187201,62187202,64508126,CT,C,1
NC_037331.1,NC_032653.1,62532030,62532031,64839788,TG,T,1
NC_037331.1,NC_032653.1,62532621,62532622,64840379,AT,A,1
NC_037331.1,NC_032653.1,62532658,62532659,64840415,TG,T,1
NC_037331.1,NC_032653.1,62532716,62532717,64840472,TC,T,1
NC_037331.1,NC_032653.1,62532798,62532799,64840553,AG,A,1
NC_037331.1,NC_032653.1,62532922,62532923,64840679,CA,C,1
NC_037331.1,NC_032653.1,62533767,62533768,64841515,AC,A,1
NC_037331.1,NC_032653.1,62533778,62533779,64841525,CA,C,1
NC_037331.1,NC_032653.1,62533797,62533798,64841543,CA,C,1
NC_037331.1,NC_032653.1,62533833,62533834,64841578,TA,T,1
NC_037331.1,NC_032653.1,62533879,62533880,64841624,AT,A,1
NC_037331.1,NC_032653.1,62533898,62533899,64841642,TA,T,1
NC_037331.1,NC_032653.1,62533927,62533928,64841670,TG,T,1
NC_037331.1,NC_032653.1,62533946,62533947,64841688,GA,G,1
NC_037331.1,NC_032653.1,62533979,62533980,64841720,TA,T,1
NC_037331.1,NC_032653.1,62534016,62534017,64841757,TA,T,1
NC_037331.1,NC_032653.1,62534057,62534058,64841797,TC,T,1
NC_037331.1,NC_032653.1,62534139,62534140,64841877,CA,C,1
NC_037331.1,NC_032653.1,62534477,62534478,64842215,AC,A,1
NC_037331.1,NC_032653.1,62534587,62534588,64842324,AC,A,1
NC_037331.1,NC_032653.1,62534839,62534840,64842575,TC,T,1
NC_037331.1,NC_032653.1,62535201,62535202,64842938,TA,T,1
NC_037331.1,NC_032653.1,62536020,62536021,64843776,TG,T,1
NC_037331.1,NC_032653.1,62536030,62536031,64843785,TA,T,1
NC_037331.1,NC_032653.1,62536074,62536075,64843828,AT,A,1
NC_037331.1,NC_032653.1,62536164,62536165,64843917,CT,C,1
NC_037331.1,NC_032653.1,62536263,62536264,64844015,TC,T,1
NC_037331.1,NC_032653.1,62536273,62536274,64844024,AT,A,1
NC_037331.1,NC_032653.1,62536661,62536662,64844415,AT,A,1
NC_037331.1,NC_032653.1,62536760,62536761,64844514,TA,T,1
NC_037331.1,NC_032653.1,62536781,62536782,64844534,GC,G,1
NC_037331.1,NC_032653.1,62536819,62536820,64844572,TG,T,1
NC_037331.1,NC_032653.1,62536853,62536854,64844605,TC,T,1
NC_037331.1,NC_032653.1,62537255,62537256,64845010,CT,C,1
NC_037331.1,NC_032653.1,62537748,62537749,64845501,TC,T,1
NC_037331.1,NC_032653.1,62538260,62538261,64846017,GA,G,1
NC_037331.1,NC_032653.1,62538426,62538427,64846183,TC,T,1
NC_037331.1,NC_032653.1,62538481,62538482,64846240,TG,T,1
NC_037331.1,NC_032653.1,62656408,62656409,64976475,AC,A,1
NC_037331.1,NC_032653.1,62719247,62719248,65039349,GA,G,1
NC_037331.1,NC_032653.1,63088676,63088677,65427492,TG,T,1
NC_037331.1,NC_032653.1,63872584,63872585,66251620,GT,G,1
NC_037331.1,NC_032653.1,64247104,64247105,66634882,AG,A,1
NC_037331.1,NC_032653.1,64247137,64247138,66634916,AG,A,1
NC_037331.1,NC_032653.1,64719087,64719089,67122292,AAT,A,2
NC_037331.1,NC_032653.1,65031432,65031433,67503402,CA,C,1
NC_037331.1,NC_032653.1,65031432,65031433,67433216,CA,C,1
NC_037331.1,NC_032653.1,65224566,65224567,67713026,AG,A,1
NC_037331.1,NC_032653.1,65486630,65486631,67974203,AC,A,1
NC_037331.1,NC_032653.1,65798975,65798976,68295444,AC,A,1
NC_037331.1,NC_032653.1,65846118,65846119,68342324,GC,G,1
NC_037331.1,NC_032653.1,65886134,65886135,68454514,CA,C,1
NC_037331.1,NC_032653.1,65998275,65998276,68576082,GT,G,1
NC_037331.1,NC_032653.1,66126187,66126188,68704120,GC,G,1
NC_037331.1,NC_032653.1,66126469,66126470,68704401,CA,C,1
NC_037331.1,NC_032653.1,66460035,66460036,69039847,CA,C,1
NC_037331.1,NC_032653.1,66460041,66460042,69039852,TG,T,1
NC_037331.1,NC_032653.1,66460078,66460079,69039888,AT,A,1
NC_037331.1,NC_032653.1,66460089,66460090,69039898,GT,G,1
NC_037331.1,NC_032653.1,66464829,66464831,69044636,TTC,T,2
NC_037331.1,NC_032653.1,66464843,66464844,69044648,GA,G,1
NC_037331.1,NC_032653.1,66554725,66554726,69134526,GT,G,1
NC_037331.1,NC_032653.1,66556897,66556898,69136699,CA,C,1
NC_037331.1,NC_032653.1,66670629,66670630,69250608,CG,C,1
NC_037331.1,NC_032653.1,66762472,66762487,69341940,GAGGAGCATCCTCAAC,G,15
NC_037331.1,NC_032653.1,66768284,66768285,69347767,GC,G,1
NC_037331.1,NC_032653.1,66773483,66773484,69352964,CT,C,1
NC_037331.1,NC_032653.1,66831070,66831071,69412936,CT,C,1
NC_037331.1,NC_032653.1,66856189,66856190,69438133,AT,A,1
NC_037331.1,NC_032653.1,67170197,67170198,69773134,TG,T,1
NC_037331.1,NC_032653.1,67943584,67943585,70548310,TA,T,1
NC_037331.1,NC_032653.1,67993518,67993547,70598597,CCGGCGCTGGGCAGGGGCGCGGAGTTAGTT,C,29
NC_037331.1,NC_032653.1,68099772,68099774,70706394,AAG,A,2
NC_037331.1,NC_032653.1,69431577,69431578,72044931,TA,T,1
NC_037331.1,NC_032653.1,69600642,69600643,72214280,AT,A,1
NC_037331.1,NC_032653.1,69600655,69600656,72214292,CA,C,1
NC_037331.1,NC_032653.1,69600668,69600669,72214304,CA,C,1
NC_037331.1,NC_032653.1,69600677,69600678,72214312,TA,T,1
NC_037331.1,NC_032653.1,69600696,69600697,72214330,GT,G,1
NC_037331.1,NC_032653.1,69600767,69600769,72214400,TTC,T,2
NC_037331.1,NC_032653.1,70070167,70070168,72708868,GT,G,1
NC_037331.1,NC_032653.1,70070706,70070707,72709408,AG,A,1
NC_037331.1,NC_032653.1,70070726,70070727,72709427,TA,T,1
NC_037331.1,NC_032653.1,70070943,70070944,72709643,GT,G,1
NC_037331.1,NC_032653.1,70071378,70071379,72710080,TG,T,1
NC_037331.1,NC_032653.1,70071531,70071532,72710233,TA,T,1
NC_037331.1,NC_032653.1,70071538,70071539,72710239,GT,G,1
NC_037331.1,NC_032653.1,70071602,70071603,72710302,TA,T,1
NC_037331.1,NC_032653.1,70071915,70071916,72710618,TC,T,1
NC_037331.1,NC_032653.1,70072318,70072319,72711023,TG,T,1
NC_037331.1,NC_032653.1,70072460,70072461,72711164,AT,A,1
NC_037331.1,NC_032653.1,70072516,70072517,72711219,AG,A,1
NC_037331.1,NC_032653.1,70072677,70072678,72711381,CT,C,1
NC_037331.1,NC_032653.1,70073370,70073371,72712082,TC,T,1
NC_037331.1,NC_032653.1,70645840,70645841,73323651,AC,A,1
NC_037331.1,NC_032653.1,70703090,70703092,73380888,AAC,A,2
NC_037331.1,NC_032653.1,71846481,71846482,74182491,GT,G,1
NC_037331.1,NC_032653.1,71897480,71897482,74233492,GGC,G,2
NC_037331.1,NC_032653.1,71897495,71897496,74233505,CT,C,1
NC_037331.1,NC_032653.1,72289056,72289057,74630612,GC,G,1
NC_037331.1,NC_032653.1,72289086,72289087,74630641,TA,T,1
NC_037331.1,NC_032653.1,72292241,72292242,74633795,AG,A,1
NC_037331.1,NC_032653.1,72588640,72588641,74932407,TA,T,1
NC_037331.1,NC_032653.1,72601349,72601350,74945110,AG,A,1
NC_037331.1,NC_032653.1,72601400,72601401,74945160,AT,A,1
NC_037331.1,NC_032653.1,72767909,72767910,75114017,AT,A,1
NC_037331.1,NC_032653.1,72797313,72797316,75143465,CCAA,C,3
NC_037331.1,NC_032653.1,72810002,72810005,75155676,TGAG,T,3
NC_037331.1,NC_032653.1,72815170,72815171,75160898,TG,T,1
NC_037331.1,NC_032653.1,72827198,72827199,75172940,TC,T,1
NC_037331.1,NC_032653.1,72845816,72845817,75191602,TC,T,1
NC_037331.1,NC_032653.1,73013608,73013609,75358564,CA,C,1
NC_037331.1,NC_032653.1,73035052,73035053,75380009,AT,A,1
NC_037331.1,NC_032653.1,73167156,73167157,75511494,TG,T,1
NC_037331.1,NC_032653.1,73171954,73171982,75516292,AAGATCAGAATAACCTGTGGTTCTCTTGG,A,28
NC_037331.1,NC_032653.1,73172147,73172148,75516456,CA,C,1
NC_037331.1,NC_032653.1,73235860,73235861,75580189,TC,T,1
NC_037331.1,NC_032653.1,73238488,73238489,75582816,GA,G,1
NC_037331.1,NC_032653.1,73244610,73244613,75588883,ACTT,A,3
NC_037331.1,NC_032653.1,73325223,73325224,75669505,TA,T,1
NC_037331.1,NC_032653.1,73425637,73425638,75833492,TA,T,1
NC_037331.1,NC_032653.1,73471843,73471845,75880825,AAT,A,2
NC_037331.1,NC_032653.1,73471855,73471856,75880835,GT,G,1
NC_037331.1,NC_032653.1,73571709,73571710,75985268,GA,G,1
NC_037331.1,NC_032653.1,73796742,73796743,76210217,CA,C,1
NC_037331.1,NC_032653.1,73808828,73808829,76222311,AG,A,1
NC_037331.1,NC_032653.1,73808842,73808843,76222324,GA,G,1
NC_037331.1,NC_032653.1,73873062,73873063,76283047,GT,G,1
NC_037331.1,NC_032653.1,73922547,73922548,76335890,GT,G,1
NC_037331.1,NC_032653.1,73951537,73951538,76364878,AT,A,1
NC_037331.1,NC_032653.1,74004389,74004391,76417757,CAA,C,2
NC_037331.1,NC_032653.1,74115902,74115903,76549571,CG,C,1
NC_037331.1,NC_032653.1,74151123,74151125,76584811,GAA,G,2
NC_037331.1,NC_032653.1,74472526,74472530,76911251,ATTAC,A,4
NC_037331.1,NC_032653.1,74533732,74533733,76972942,AC,A,1
NC_037331.1,NC_032653.1,74552855,74552856,76992123,TG,T,1
NC_037331.1,NC_032653.1,74553370,74553371,76992635,AT,A,1
NC_037331.1,NC_032653.1,74569308,74569309,77008589,GA,G,1
NC_037331.1,NC_032653.1,74591315,74591316,77030973,AG,A,1
NC_037331.1,NC_032653.1,74657231,74657232,77096885,CT,C,1
NC_037331.1,NC_032653.1,74678393,74678394,77118047,GA,G,1
NC_037331.1,NC_032653.1,74680121,74680122,77119774,TC,T,1
NC_037331.1,NC_032653.1,74711734,74711735,77151381,TA,T,1
NC_037331.1,NC_032653.1,74743722,74743723,77183371,TG,T,1
NC_037331.1,NC_032653.1,74743722,74743723,77229653,TG,T,1
NC_037331.1,NC_032653.1,74890441,74890442,77376392,GA,G,1
NC_037331.1,NC_032653.1,74932358,74932364,77418301,ATGGAGG,A,6
NC_037331.1,NC_032653.1,75006543,75006544,77492497,GA,G,1
NC_037331.1,NC_032653.1,75364102,75364104,77888107,CTT,C,2
NC_037331.1,NC_032653.1,75400771,75400772,77924459,AT,A,1
NC_037331.1,NC_032653.1,75575215,75575225,78258640,ACTGCTCCATG,A,10
NC_037331.1,NC_032653.1,75602769,75602772,78286331,CTTG,C,3
NC_037331.1,NC_032653.1,75604341,75604342,78287897,TA,T,1
NC_037331.1,NC_032653.1,75763133,75763134,78448408,GC,G,1
NC_037331.1,NC_032653.1,75767880,75767881,78453155,AG,A,1
NC_037331.1,NC_032653.1,75868314,75868315,78553590,AT,A,1
NC_037331.1,NC_032653.1,75941365,75941366,78629238,GT,G,1
NC_037331.1,NC_032653.1,76778672,76778673,79454437,TG,T,1
NC_037331.1,NC_032653.1,76778898,76778899,79454664,CA,C,1
NC_037331.1,NC_032653.1,76779191,76779192,79454958,AG,A,1
NC_037331.1,NC_032653.1,76779214,76779215,79454980,TC,T,1
NC_037331.1,NC_032653.1,76779892,76779893,79455661,GC,G,1
NC_037331.1,NC_032653.1,76780048,76780049,79455816,CT,C,1
NC_037331.1,NC_032653.1,76780150,76780151,79455917,GA,G,1
NC_037331.1,NC_032653.1,76780838,76780839,79456606,TC,T,1
NC_037331.1,NC_032653.1,76917174,76917175,79593309,AC,A,1
NC_037331.1,NC_032653.1,77034683,77034684,79709850,CA,C,1
NC_037331.1,NC_032653.1,77034714,77034715,79709879,AT,A,1
NC_037331.1,NC_032653.1,77102938,77102939,79778098,CA,C,1
NC_037331.1,NC_032653.1,77154354,77154356,79830726,GCA,G,2
NC_037331.1,NC_032653.1,77157720,77157721,79834091,CA,C,1
NC_037331.1,NC_032653.1,77164232,77164233,79840608,GC,G,1
NC_037331.1,NC_032653.1,77230569,77230570,79907188,GC,G,1
NC_037331.1,NC_032653.1,77277146,77277147,79954412,CA,C,1
NC_037331.1,NC_032653.1,77370169,77370170,80047578,GC,G,1
NC_037331.1,NC_032653.1,77560167,77560168,80259327,AT,A,1
NC_037331.1,NC_032653.1,77560182,77560183,80259341,CT,C,1
NC_037331.1,NC_032653.1,77690006,77690010,80389226,ATAGC,A,4
NC_037331.1,NC_032653.1,77691555,77691556,80390758,CT,C,1
NC_037331.1,NC_032653.1,77698876,77698878,80405248,CCA,C,2
NC_037331.1,NC_032653.1,77733895,77733896,80440273,TC,T,1
NC_037331.1,NC_032653.1,77736898,77736899,80443274,GC,G,1
NC_037331.1,NC_032653.1,77806267,77806268,80514365,CA,C,1
NC_037331.1,NC_032653.1,77866281,77866282,80574393,GT,G,1
NC_037331.1,NC_032653.1,77866343,77866348,80574454,TTCTTC,T,5
NC_037331.1,NC_032653.1,78061375,78061376,80753843,AG,A,1
NC_037331.1,NC_032653.1,78582202,78582203,81326854,AG,A,1
NC_037331.1,NC_032653.1,78629955,78629956,81374927,AG,A,1
NC_037331.1,NC_032653.1,78802096,78802097,81546878,GA,G,1
NC_037331.1,NC_032653.1,78802143,78802145,81546923,AAT,A,2
NC_037331.1,NC_032653.1,78802152,78802154,81546930,AAG,A,2
NC_037331.1,NC_032653.1,78802158,78802159,81546934,AT,A,1
NC_037331.1,NC_032653.1,79206710,79206711,81982047,GT,G,1
NC_037331.1,NC_032653.1,79265356,79265358,82040785,ATG,A,2
NC_037331.1,NC_032653.1,79374210,79374211,82149116,TC,T,1
NC_037331.1,NC_032653.1,79491026,79491031,82265479,AGTCCC,A,5
NC_037331.1,NC_032653.1,79526896,79526897,82301335,AC,A,1
NC_037331.1,NC_032653.1,79531212,79531213,82305654,TC,T,1
NC_037331.1,NC_032653.1,79577353,79577354,82410218,AG,A,1
NC_037331.1,NC_032653.1,79701263,79701264,82534663,TC,T,1
NC_037331.1,NC_032653.1,79713926,79713927,82556011,CA,C,1
NC_037331.1,NC_032653.1,79713937,79713938,82556021,GA,G,1
NC_037331.1,NC_032653.1,79821164,79821165,82664478,AG,A,1
NC_037331.1,NC_032653.1,79937320,79937321,82781008,GC,G,1
NC_037331.1,NC_032653.1,79960642,79960643,82804330,AT,A,1
NC_037331.1,NC_032653.1,79960655,79960656,82804342,GC,G,1
NC_037331.1,NC_032653.1,79960683,79960684,82804369,AG,A,1
NC_037331.1,NC_032653.1,80029990,80029992,82876216,TTC,T,2
NC_037331.1,NC_032653.1,80034841,80034842,82880985,AC,A,1
NC_037331.1,NC_032653.1,80108683,80108685,82963035,TCA,T,2
NC_037331.1,NC_032653.1,80108698,80108699,82963048,GT,G,1
NC_037331.1,NC_032653.1,80114896,80114897,82969255,AG,A,1
NC_037331.1,NC_032653.1,80159430,80159431,83013803,GA,G,1
NC_037331.1,NC_032653.1,80224764,80224765,83079156,GA,G,1
NC_037331.1,NC_032653.1,80237285,80237286,83091746,CA,C,1
NC_037331.1,NC_032653.1,80254505,80254506,83108980,CT,C,1
NC_037331.1,NC_032653.1,80287259,80287260,83141749,AG,A,1
NC_037331.1,NC_032653.1,80294884,80294887,83147925,GGAT,G,3
NC_037331.1,NC_032653.1,80350290,80350291,83202951,AT,A,1
NC_037331.1,NC_032653.1,80350294,80350295,83202954,CT,C,1
NC_037331.1,NC_032653.1,80662100,80662101,83513441,CA,C,1
NC_037331.1,NC_032653.1,80662105,80662107,83513445,AAT,A,2
NC_037331.1,NC_032653.1,80662115,80662116,83513453,CT,C,1
NC_037331.1,NC_032653.1,80662147,80662148,83513484,TA,T,1
NC_037331.1,NC_032653.1,80662156,80662157,83513492,GT,G,1
NC_037331.1,NC_032653.1,81054510,81054511,83907777,CG,C,1
NC_037331.1,NC_032653.1,81183063,81183064,84043382,AT,A,1
NC_037331.1,NC_032653.1,81183841,81183857,84044159,TCGAGAAACTTCAGCTG,T,16
NC_037331.1,NC_032653.1,81406284,81406285,84462487,TC,T,1
NC_037331.1,NC_032653.1,81540278,81540279,84596790,CT,C,1
NC_037331.1,NC_032653.1,81666915,81666916,84731013,TG,T,1
NC_037331.1,NC_032653.1,81717282,81717283,84781375,AT,A,1
NC_037331.1,NC_032653.1,81819370,81819371,84885543,CT,C,1
NC_037331.1,NC_032653.1,81982388,81982389,85060925,CT,C,1
NC_037331.1,NC_032653.1,82055525,82055526,85134332,TG,T,1
NC_037331.1,NC_032653.1,82060436,82060437,85139273,TC,T,1
NC_037331.1,NC_032653.1,82098525,82098526,85177160,AG,A,1
NC_037331.1,NC_032653.1,82099038,82099041,85177679,ATAT,A,3
NC_037331.1,NC_032653.1,82178507,82178508,85255015,TC,T,1
NC_037331.1,NC_032653.1,82232373,82232374,85308909,GC,G,1
NC_037331.1,NC_032653.1,82234778,82234779,85311313,TA,T,1
NC_037331.1,NC_032653.1,82359381,82359382,85438313,TG,T,1
NC_037331.1,NC_032653.1,82377627,82377630,85456566,ATTT,A,3
NC_037331.1,NC_032653.1,82564230,82564231,85678427,TA,T,1
NC_037331.1,NC_032653.1,82566374,82566376,85680945,GAT,G,2
NC_037331.1,NC_032653.1,82567101,82567102,85681669,TG,T,1
NC_037331.1,NC_032653.1,82568717,82568718,85683346,AT,A,1
NC_037331.1,NC_032653.1,82571690,82571691,85686365,TC,T,1
NC_037331.1,NC_032653.1,82583390,82583395,85698068,TAAGCG,T,5
NC_037331.1,NC_032653.1,82606180,82606181,85707502,AG,A,1
NC_037331.1,NC_032653.1,82607960,82607961,85709283,TA,T,1
NC_037331.1,NC_032653.1,82692442,82692445,85793756,TGTC,T,3
NC_037331.1,NC_032653.1,82696789,82696790,85798102,GA,G,1
NC_037331.1,NC_032653.1,82698814,82698815,85800128,TC,T,1
NC_037331.1,NC_032653.1,82728880,82728881,85830344,TA,T,1
NC_037331.1,NC_032653.1,82814301,82814302,85916061,GT,G,1
NC_037331.1,NC_032653.1,82814970,82814971,85916729,CT,C,1
NC_037331.1,NC_032653.1,82824593,82824594,85926301,TC,T,1
NC_037331.1,NC_032653.1,82836245,82836246,85937986,GT,G,1
NC_037331.1,NC_032653.1,82873669,82873670,85976255,GA,G,1
NC_037331.1,NC_032653.1,82921066,82921067,86023621,AC,A,1
NC_037331.1,NC_032653.1,83061094,83061096,86163668,TTA,T,2
NC_037331.1,NC_032653.1,83385337,83385338,86514645,AG,A,1
NC_037331.1,NC_032653.1,84104187,84104188,86980448,CA,C,1
NC_037331.1,NC_032653.1,84140898,84140900,87016910,TTC,T,2
NC_037331.1,NC_032653.1,84189398,84189399,87065672,CT,C,1
NC_037331.1,NC_032653.1,84201538,84201539,87077809,CA,C,1
NC_037331.1,NC_032653.1,84309092,84309093,87186036,CG,C,1
NC_037331.1,NC_032653.1,84309103,84309104,87186046,GT,G,1
NC_037331.1,NC_032653.1,84309119,84309120,87186061,CT,C,1
NC_037331.1,NC_032653.1,84309183,84309184,87186124,AT,A,1
NC_037331.1,NC_032653.1,84327823,84327824,87204765,GC,G,1
NC_037331.1,NC_032653.1,84882082,84882084,87830751,ATT,A,2
NC_037331.1,NC_032653.1,84898907,84898908,87848296,TC,T,1
NC_037331.1,NC_032653.1,85225485,85225486,88190903,TG,T,1
NC_037331.1,NC_032653.1,85225511,85225512,88190928,AC,A,1
NC_037331.1,NC_032653.1,85227323,85227325,88192742,CAA,C,2
NC_037331.1,NC_032653.1,85515589,85515593,88478210,CTGGA,C,4
NC_037331.1,NC_032653.1,85637596,85637599,88600103,TCTA,T,3
NC_037331.1,NC_032653.1,85665004,85665005,88619563,GT,G,1
NC_037331.1,NC_032653.1,85691276,85691277,88645831,CA,C,1
NC_037331.1,NC_032653.1,85726031,85726034,88680401,TTAA,T,3
NC_037331.1,NC_032653.1,85727927,85727928,88682292,CT,C,1
NC_037331.1,NC_032653.1,85882389,85882391,88862250,TTG,T,2
NC_037331.1,NC_032653.1,85882403,85882404,88862262,GT,G,1
NC_037331.1,NC_032653.1,85940762,85940764,88920223,GTC,G,2
NC_037331.1,NC_032653.1,86106381,86106382,89086743,CT,C,1
NC_037331.1,NC_032653.1,86301792,86301795,89281556,CCCG,C,3
NC_037331.1,NC_032653.1,86503441,86503443,89481620,CAG,C,2
NC_037331.1,NC_032653.1,86870720,86870721,89849290,TA,T,1
NC_037331.1,NC_032653.1,86875462,86875463,89854032,TA,T,1
NC_037331.1,NC_032653.1,86985618,86985624,89964247,TTACTAA,T,6
NC_037331.1,NC_032653.1,88029831,88029832,90988965,CA,C,1
NC_037331.1,NC_032653.1,88469521,88469522,91429856,AG,A,1
NC_037331.1,NC_032653.1,88494441,88494450,91454907,GTGTGTAACT,G,9
NC_037331.1,NC_032653.1,88498379,88498380,91458855,GT,G,1
NC_037331.1,NC_032653.1,88504055,88504056,91464528,AG,A,1
NC_037331.1,NC_032653.1,88589992,88589993,91548317,GT,G,1
NC_037331.1,NC_032653.1,88590025,88590027,91548348,GGA,G,2
NC_037331.1,NC_032653.1,88604617,88604618,91562313,TC,T,1
NC_037331.1,NC_032653.1,88724406,88724407,91679636,AT,A,1
NC_037331.1,NC_032653.1,88724414,88724415,91679643,GT,G,1
NC_037331.1,NC_032653.1,89137444,89137446,92192618,ACT,A,2
NC_037331.1,NC_032653.1,89309485,89309504,92367765,ACTAAAGTTTTAGTCTAAAG,A,19
NC_037331.1,NC_032653.1,89319623,89319624,92377882,AT,A,1
NC_037331.1,NC_032653.1,89325350,89325352,92383619,CAT,C,2
NC_037331.1,NC_032653.1,89452579,89452580,92510116,CA,C,1
NC_037331.1,NC_032653.1,89511648,89511649,92574203,AG,A,1
NC_037331.1,NC_032653.1,89528354,89528355,92591141,TA,T,1
NC_037331.1,NC_032653.1,89573623,89573625,92636173,AAC,A,2
NC_037331.1,NC_032653.1,89652280,89652289,92718848,TCCAAAAGCA,T,9
NC_037331.1,NC_032653.1,89778849,89778857,92844288,TGGTATTTC,T,8
NC_037331.1,NC_032653.1,89814571,89814572,92880011,TC,T,1
NC_037331.1,NC_032653.1,89836617,89836618,92902047,AT,A,1
NC_037331.1,NC_032653.1,89857042,89857044,92922490,TCA,T,2
NC_037331.1,NC_032653.1,89861399,89861400,92926851,GC,G,1
NC_037331.1,NC_032653.1,90084365,90084366,93155354,TC,T,1
NC_037331.1,NC_032653.1,90126783,90126784,93198709,GA,G,1
NC_037331.1,NC_032653.1,90281613,90281614,93353118,CG,C,1
NC_037331.1,NC_032653.1,90407409,90407410,93480418,AG,A,1
NC_037331.1,NC_032653.1,90466602,90466603,93541477,GT,G,1
NC_037331.1,NC_032653.1,90494282,90494283,93573107,GC,G,1
NC_037331.1,NC_032653.1,90530986,90530987,93610186,TG,T,1
NC_037331.1,NC_032653.1,90755553,90755554,93916160,CA,C,1
NC_037331.1,NC_032653.1,91049999,91050020,94210376,GTGAACTGAGTTACAAGCAATA,G,21
NC_037331.1,NC_032653.1,91064863,91064864,94225218,CG,C,1
NC_037331.1,NC_032653.1,91094352,91094353,94254712,TG,T,1
NC_037331.1,NC_032653.1,91103120,91103121,94263525,TG,T,1
NC_037331.1,NC_032653.1,91195004,91195005,94356761,AT,A,1
NC_037331.1,NC_032653.1,91224797,91224799,94386649,GGC,G,2
NC_037331.1,NC_032653.1,91321579,91321580,94483426,CT,C,1
NC_037331.1,NC_032653.1,91338067,91338069,94499916,CAT,C,2
NC_037331.1,NC_032653.1,91474124,91474125,94636205,AC,A,1
NC_037331.1,NC_032653.1,91492441,91492442,94654543,GC,G,1
NC_037331.1,NC_032653.1,91527300,91527301,94689391,TA,T,1
NC_037331.1,NC_032653.1,91571654,91571657,94733789,GTCA,G,3
NC_037331.1,NC_032653.1,91965679,91965681,95167773,CCT,C,2
NC_037331.1,NC_032653.1,91965698,91965699,95167790,CT,C,1
NC_037331.1,NC_032653.1,91965717,91965718,95167808,CT,C,1
NC_037331.1,NC_032653.1,92081682,92081683,95283490,AC,A,1
NC_037331.1,NC_032653.1,92182031,92182033,95392464,CCA,C,2
NC_037331.1,NC_032653.1,92280303,92280304,95498195,TC,T,1
NC_037331.1,NC_032653.1,92288068,92288069,95505927,CA,C,1
NC_037331.1,NC_032653.1,92288089,92288091,95505947,GCA,G,2
NC_037331.1,NC_032653.1,92290734,92290736,95508590,ACT,A,2
NC_037331.1,NC_032653.1,92310292,92310294,95527923,CAG,C,2
NC_037331.1,NC_032653.1,92361050,92361051,95579692,AG,A,1
NC_037331.1,NC_032653.1,92379512,92379513,95598157,AG,A,1
NC_037331.1,NC_032653.1,92432431,92432547,95651555,AATTATCCTGTTGCTCCTCCTCACTGTGGGTTGAAAGGCACATTTCACACAAGAGAAGGTGCCTGGGATTGCCTAAGATCAGAACAGAGATCTAACCTTTGTCTGCCTTTTTCTTCC,A,116
NC_037331.1,NC_032653.1,92433619,92433621,95652620,TTA,T,2
NC_037331.1,NC_032653.1,92433652,92433653,95652650,GC,G,1
NC_037331.1,NC_032653.1,92433662,92433664,95652659,GCA,G,2
NC_037331.1,NC_032653.1,92459411,92459412,95678405,CA,C,1
NC_037331.1,NC_032653.1,92459449,92459451,95678442,TTG,T,2
NC_037331.1,NC_032653.1,92459456,92459457,95678447,TA,T,1
NC_037331.1,NC_032653.1,92459465,92459466,95678455,AG,A,1
NC_037331.1,NC_032653.1,92513565,92513566,95732482,CA,C,1
NC_037331.1,NC_032653.1,92513610,92513611,95732525,TA,T,1
NC_037331.1,NC_032653.1,92513622,92513623,95732536,GA,G,1
NC_037331.1,NC_032653.1,93300530,93300531,96517372,AG,A,1
NC_037331.1,NC_032653.1,93300605,93300606,96517445,GT,G,1
NC_037331.1,NC_032653.1,93516747,93516748,96734551,GT,G,1
NC_037331.1,NC_032653.1,93516776,93516777,96734580,GA,G,1
NC_037331.1,NC_032653.1,93516796,93516797,96734599,TA,T,1
NC_037331.1,NC_032653.1,93840749,93840756,97055033,CCAGAGAT,C,7
NC_037331.1,NC_032653.1,93905966,93905967,97122865,GT,G,1
NC_037331.1,NC_032653.1,94259605,94259606,97476213,CT,C,1
NC_037331.1,NC_032653.1,94259612,94259613,97476219,CT,C,1
NC_037331.1,NC_032653.1,94567265,94567266,97735633,AT,A,1
NC_037331.1,NC_032653.1,94567286,94567287,97735653,GA,G,1
NC_037331.1,NC_032653.1,94567299,94567300,97735665,GA,G,1
NC_037331.1,NC_032653.1,94721701,94721702,97890096,CG,C,1
NC_037331.1,NC_032653.1,95062569,95062570,98230910,TA,T,1
NC_037331.1,NC_032653.1,95238918,95238919,98408399,GA,G,1
NC_037331.1,NC_032653.1,95238944,95238945,98408424,TC,T,1
NC_037331.1,NC_032653.1,95238969,95238970,98408447,GA,G,1
NC_037331.1,NC_032653.1,95238978,95238979,98408455,AT,A,1
NC_037331.1,NC_032653.1,95287879,95287880,98457062,GA,G,1
NC_037331.1,NC_032653.1,95360726,95360727,98529626,CA,C,1
NC_037331.1,NC_032653.1,95378769,95378770,98547677,GC,G,1
NC_037331.1,NC_032653.1,95660627,95660630,98836540,TAAC,T,3
NC_037331.1,NC_032653.1,95679607,95679609,98855524,GAC,G,2
NC_037331.1,NC_032653.1,95781246,95781247,98957233,CA,C,1
NC_037331.1,NC_032653.1,95781479,95781487,98957465,ACGTAGTAG,A,8
NC_037331.1,NC_032653.1,95781490,95781491,98957468,AC,A,1
NC_037331.1,NC_032653.1,95788848,95788849,99056263,TA,T,1
NC_037331.1,NC_032653.1,95868528,95868529,99136013,TA,T,1
NC_037331.1,NC_032653.1,95933681,95933682,99201088,AG,A,1
NC_037331.1,NC_032653.1,95945879,95945880,99215885,GC,G,1
NC_037331.1,NC_032653.1,96159975,96159976,99429977,GC,G,1
NC_037331.1,NC_032653.1,96159983,96159987,99429984,GGCAA,G,4
NC_037331.1,NC_032653.1,96160001,96160002,99429998,GC,G,1
NC_037331.1,NC_032653.1,96268093,96268094,99576297,TC,T,1
NC_037331.1,NC_032653.1,96268103,96268104,99576306,TG,T,1
NC_037331.1,NC_032653.1,96268119,96268120,99576321,GC,G,1
NC_037331.1,NC_032653.1,96274762,96274763,99582864,TG,T,1
NC_037331.1,NC_032653.1,96274793,96274794,99582893,TC,T,1
NC_037331.1,NC_032653.1,96274814,96274815,99582913,CA,C,1
NC_037331.1,NC_032653.1,96274818,96274819,99582916,TC,T,1
NC_037331.1,NC_032653.1,96274828,96274829,99582925,AC,A,1
NC_037331.1,NC_032653.1,96388924,96388925,99706589,CA,C,1
NC_037331.1,NC_032653.1,96703899,96703900,100021871,CA,C,1
NC_037331.1,NC_032653.1,97864155,97864156,101466508,GT,G,1
NC_037331.1,NC_032653.1,98240141,98240142,101790746,GA,G,1
NC_037331.1,NC_032653.1,98240155,98240156,101790759,AC,A,1
NC_037331.1,NC_032653.1,98878952,98878953,102555709,AG,A,1
NC_037331.1,NC_032653.1,98930533,98930534,102652860,GC,G,1
NC_037331.1,NC_032653.1,99283009,99283010,102839577,CA,C,1
NC_037331.1,NC_032653.1,99297371,99297372,102853963,CA,C,1
NC_037331.1,NC_032653.1,100105069,100105070,103671107,TG,T,1
NC_037331.1,NC_032653.1,100220673,100220674,103786843,CA,C,1
NC_037331.1,NC_032653.1,100757014,100757015,104346618,TG,T,1
NC_037331.1,NC_032653.1,100757022,100757023,104346625,AG,A,1
NC_037331.1,NC_032653.1,100757041,100757042,104346643,GT,G,1
NC_037331.1,NC_032653.1,101114915,101114916,104709849,TA,T,1
NC_037331.1,NC_032653.1,101114945,101114946,104709877,AT,A,1
NC_037331.1,NC_032653.1,101114965,101114966,104709896,CA,C,1
NC_037331.1,NC_032653.1,102587806,102587807,106218366,GA,G,1
NC_037331.1,NC_032653.1,102881347,102881365,106509660,TTCAGGCTTAGCTGAATCA,T,18
NC_037331.1,NC_032653.1,102915781,102915782,106577968,CA,C,1
NC_037331.1,NC_032653.1,103171788,103171789,106833248,GT,G,1
NC_037331.1,NC_032653.1,103171814,103171815,106833273,AT,A,1
NC_037331.1,NC_032653.1,103175220,103175221,106836678,AT,A,1
NC_037331.1,NC_032653.1,103175279,103175280,106836736,TC,T,1
NC_037331.1,NC_032653.1,103822244,103822245,107496094,CA,C,1
NC_037331.1,NC_032653.1,103822248,103822249,107496097,AG,A,1
NC_037331.1,NC_032653.1,103843014,103843015,107517291,CG,C,1
NC_037331.1,NC_032653.1,103843023,103843024,107517299,AG,A,1
NC_037331.1,NC_032653.1,104648590,104648591,108327692,CA,C,1
NC_037331.1,NC_032653.1,104709968,104709969,108389068,CG,C,1
NC_037331.1,NC_032653.1,105399200,105399201,109124371,CA,C,1
NC_037331.1,NC_032653.1,105399207,105399208,109124377,TA,T,1
NC_037331.1,NC_032653.1,105399219,105399220,109124388,TA,T,1
NC_037331.1,NC_032653.1,105399227,105399228,109124395,AC,A,1
NC_037331.1,NC_032653.1,105569815,105569817,109294412,GGT,G,2
NC_037331.1,NC_032653.1,105583478,105583479,109308079,GC,G,1
NC_037331.1,NC_032653.1,105587711,105587712,109312215,TG,T,1
NC_037331.1,NC_032653.1,105592173,105592174,109316690,CA,C,1
NC_037331.1,NC_032653.1,105602844,105602845,109332710,AC,A,1
NC_037331.1,NC_032653.1,105605051,105605053,109334915,TTG,T,2
NC_037331.1,NC_032653.1,105605068,105605069,109334930,CT,C,1
NC_037331.1,NC_032653.1,105605077,105605078,109334938,GA,G,1
NC_037331.1,NC_032653.1,105605895,105605896,109335755,GC,G,1
NC_037331.1,NC_032653.1,105607913,105607914,109337778,CT,C,1
NC_037331.1,NC_032653.1,105608448,105608449,109338289,GT,G,1
NC_037331.1,NC_032653.1,105608742,105608743,109338582,GT,G,1
NC_037331.1,NC_032653.1,105609628,105609629,109339468,TG,T,1
NC_037331.1,NC_032653.1,105609792,105609793,109339631,GC,G,1
NC_037331.1,NC_032653.1,105611097,105611098,109340939,AG,A,1
NC_037331.1,NC_032653.1,105611159,105611160,109341000,TG,T,1
NC_037331.1,NC_032653.1,105611172,105611173,109341012,AC,A,1
NC_037331.1,NC_032653.1,105632417,105632418,109357807,CG,C,1
NC_037331.1,NC_032653.1,105632425,105632426,109357814,AG,A,1
NC_037331.1,NC_032653.1,105632435,105632436,109357823,AG,A,1
NC_037331.1,NC_032653.1,105632475,105632476,109357861,AT,A,1
NC_037331.1,NC_032653.1,105648981,105648982,109426393,AG,A,1
NC_037331.1,NC_032653.1,105665699,105665700,109436163,TC,T,1
NC_037331.1,NC_032653.1,105666114,105666115,109436577,GA,G,1
NC_037331.1,NC_032653.1,105666205,105666206,109436668,AG,A,1
NC_037331.1,NC_032653.1,105666843,105666844,109437305,CA,C,1
NC_037331.1,NC_032653.1,105667001,105667002,109437462,TG,T,1
NC_037331.1,NC_032653.1,105667040,105667041,109437500,AG,A,1
NC_037331.1,NC_032653.1,105679242,105679243,109449700,TC,T,1
NC_037331.1,NC_032653.1,105726334,105726335,109512057,TC,T,1
NC_037331.1,NC_032653.1,105726512,105726513,109512207,AG,A,1
NC_037331.1,NC_032653.1,105746813,105746814,109532021,AT,A,1
NC_037331.1,NC_032653.1,105746886,105746887,109532090,AT,A,1
NC_037331.1,NC_032653.1,105834294,105834295,109630834,TG,T,1
NC_037331.1,NC_032653.1,105834313,105834315,109630852,GGA,G,2
NC_037331.1,NC_032653.1,105835566,105835567,109632108,GA,G,1
NC_037331.1,NC_032653.1,105849939,105849940,109646963,GT,G,1
NC_037331.1,NC_032653.1,105958276,105958277,109755123,AG,A,1
NC_037331.1,NC_032653.1,105958300,105958301,109755146,AT,A,1
NC_037331.1,NC_032653.1,105961364,105961365,109758218,AT,A,1
NC_037331.1,NC_032653.1,106809264,106809265,110839995,TA,T,1
NC_037331.1,NC_032653.1,107195837,107195838,111338859,CA,C,1
NC_037331.1,NC_032653.1,107295995,107295996,111439449,AT,A,1
NC_037331.1,NC_032653.1,107708438,107708439,111853825,CA,C,1
NC_037331.1,NC_032653.1,108013841,108013842,112159379,GT,G,1
NC_037331.1,NC_032653.1,108124473,108124474,112270010,GT,G,1
NC_037331.1,NC_032653.1,108155403,108155404,112300739,AT,A,1
NC_037331.1,NC_032653.1,108486388,108486389,112638932,CA,C,1
NC_037331.1,NC_032653.1,108685464,108685465,112839035,TA,T,1
NC_037331.1,NC_032653.1,108767155,108767156,112920480,TA,T,1
NC_037331.1,NC_032653.1,109178815,109178816,113333842,GT,G,1
NC_037331.1,NC_032653.1,109450028,109450029,113681677,TA,T,1
NC_037331.1,NC_032653.1,109537639,109537640,113769004,CT,C,1
NC_037331.1,NC_032653.1,109553318,109553319,113784689,GC,G,1
NC_037331.1,NC_032653.1,109553334,109553335,113784704,GC,G,1
NC_037331.1,NC_032653.1,109566878,109566879,113799345,TA,T,1
NC_037331.1,NC_032653.1,109780758,109780759,114013013,AT,A,1
NC_037331.1,NC_032653.1,110104211,110104212,114336259,TC,T,1
NC_037331.1,NC_032653.1,110246890,110246891,114447076,TG,T,1
NC_037331.1,NC_032653.1,110351417,110351432,114551040,TTTTCCCTATAAAAGG,T,15
NC_037331.1,NC_032653.1,110353934,110353935,114553565,CT,C,1
NC_037331.1,NC_032653.1,110755488,110755489,114946952,CT,C,1
NC_037331.1,NC_032653.1,110827174,110827175,115018639,AG,A,1
NC_037331.1,NC_032653.1,110954345,110954346,115157545,GT,G,1
NC_037331.1,NC_032653.1,111110593,111110594,115314844,GC,G,1
NC_037331.1,NC_032653.1,111241519,111241521,115457903,CAA,C,2
NC_037331.1,NC_032653.1,111391308,111391309,115626369,TC,T,1
NC_037331.1,NC_032653.1,111465485,111465486,115701850,AG,A,1
NC_037331.1,NC_032653.1,111470942,111470943,115707306,TA,T,1
NC_037331.1,NC_032653.1,111618765,111618766,115867359,CG,C,1
NC_037331.1,NC_032653.1,111986464,111986465,116240393,CA,C,1
NC_037331.1,NC_032653.1,112165426,112165441,116449530,TGGATAGCCATCCAGA,T,15
NC_037331.1,NC_032653.1,112212478,112212479,116496561,GA,G,1
NC_037331.1,NC_032653.1,112212485,112212486,116496567,CT,C,1
NC_037331.1,NC_032653.1,112223883,112223884,116507966,GT,G,1
NC_037331.1,NC_032653.1,112223907,112223908,116507989,TA,T,1
NC_037331.1,NC_032653.1,112246788,112246789,116530906,AC,A,1
NC_037331.1,NC_032653.1,112269619,112269678,116553741,GTTGCTGAAGCGCCCTGCTCTTACTTCATGGAGGTGGCAGTTGGTGGGCCTCTCCTCTCC,G,59
NC_037331.1,NC_032653.1,112546907,112546909,116829815,CCT,C,2
NC_037331.1,NC_032653.1,112570170,112570171,116853099,AC,A,1
NC_037331.1,NC_032653.1,112590236,112590244,116873167,CGGTGGTCT,C,8
NC_037331.1,NC_032653.1,112684808,112684809,116968702,GC,G,1
NC_037331.1,NC_032653.1,112722830,112722831,117006744,GA,G,1
NC_037331.1,NC_032653.1,112844289,112844290,117126253,TG,T,1
NC_037331.1,NC_032653.1,112844294,112844295,117126257,TG,T,1
NC_037331.1,NC_032653.1,113139574,113139576,117386149,TGA,T,2
NC_037331.1,NC_032653.1,113289215,113289217,117557471,GCA,G,2
NC_037331.1,NC_032653.1,113296807,113296808,117565063,GT,G,1
NC_037331.1,NC_032653.1,113484556,113484557,117743062,AG,A,1
NC_037331.1,NC_032653.1,113510989,113510990,117769512,CA,C,1
NC_037331.1,NC_032653.1,113514309,113514310,117772831,TG,T,1
NC_037331.1,NC_032653.1,113534033,113534034,117792445,CA,C,1
NC_037331.1,NC_032653.1,113545940,113545941,117803488,CA,C,1
NC_037331.1,NC_032653.1,113592266,113592267,117848561,GA,G,1
NC_037331.1,NC_032653.1,113612949,113612950,117869322,CA,C,1
NC_037331.1,NC_032653.1,113674080,113674081,117930479,TA,T,1
NC_037331.1,NC_032653.1,113696499,113696500,117952735,CT,C,1
NC_037331.1,NC_032653.1,113711023,113711024,117967039,GA,G,1
NC_037331.1,NC_032653.1,113765622,113765623,118021060,CA,C,1
NC_037331.1,NC_032653.1,113963934,113963935,118239858,TC,T,1
NC_037331.1,NC_032653.1,114218727,114218728,118493444,TC,T,1
NC_037331.1,NC_032653.1,114265363,114265364,118510288,TG,T,1
NC_037331.1,NC_032653.1,114265687,114265688,118510615,CA,C,1
NC_037331.1,NC_032653.1,114268125,114268126,118513078,AC,A,1
NC_037331.1,NC_032653.1,114268576,114268577,118513531,TA,T,1
NC_037331.1,NC_032653.1,114268597,114268598,118513552,GT,G,1
NC_037331.1,NC_032653.1,114268605,114268606,118513559,TG,T,1
NC_037331.1,NC_032653.1,114268726,114268727,118513680,AC,A,1
NC_037331.1,NC_032653.1,114268914,114268915,118513867,TC,T,1
NC_037331.1,NC_032653.1,114269034,114269035,118513985,CT,C,1
NC_037331.1,NC_032653.1,114269052,114269053,118514002,GC,G,1
NC_037331.1,NC_032653.1,114269257,114269258,118514206,GC,G,1
NC_037331.1,NC_032653.1,114269275,114269276,118514223,TC,T,1
NC_037331.1,NC_032653.1,114269339,114269340,118514286,CT,C,1
NC_037331.1,NC_032653.1,114269439,114269440,118514385,TA,T,1
NC_037331.1,NC_032653.1,114269799,114269800,118514742,CG,C,1
NC_037331.1,NC_032653.1,114269883,114269884,118514826,CA,C,1
NC_037331.1,NC_032653.1,114269887,114269888,118514829,CA,C,1
NC_037331.1,NC_032653.1,114270067,114270068,118515009,TG,T,1
NC_037331.1,NC_032653.1,114270101,114270103,118515042,AAT,A,2
NC_037331.1,NC_032653.1,114270118,114270119,118515057,TA,T,1
NC_037331.1,NC_032653.1,114270152,114270153,118515090,TC,T,1
NC_037331.1,NC_032653.1,114270625,114270626,118515565,AG,A,1
NC_037331.1,NC_032653.1,114270641,114270642,118515580,TA,T,1
NC_037331.1,NC_032653.1,114270723,114270724,118515661,TG,T,1
NC_037331.1,NC_032653.1,114270904,114270905,118515843,GA,G,1
NC_037331.1,NC_032653.1,114285545,114285546,118530485,GT,G,1
NC_037331.1,NC_032653.1,114328592,114328593,118573533,CT,C,1
NC_037331.1,NC_032653.1,114388580,114388581,118633311,AG,A,1
NC_037331.1,NC_032653.1,114388589,114388590,118633319,AG,A,1
NC_037331.1,NC_032653.1,114430472,114430474,118675228,CTT,C,2
NC_037331.1,NC_032653.1,114436750,114436753,118681504,CCAT,C,3
NC_037331.1,NC_032653.1,114448445,114448446,118693215,AC,A,1
NC_037331.1,NC_032653.1,114697355,114697356,118919790,CG,C,1
NC_037331.1,NC_032653.1,114946599,114946600,119168318,AG,A,1
NC_037331.1,NC_032653.1,114968439,114968448,119190187,TCCATTTGTA,T,9
NC_037331.1,NC_032653.1,115037608,115037609,119260789,AT,A,1
NC_037331.1,NC_032653.1,115082078,115082079,119305293,CA,C,1
NC_037331.1,NC_032653.1,115082143,115082144,119305356,CA,C,1
NC_037331.1,NC_032653.1,115131666,115131667,119354865,GA,G,1
NC_037331.1,NC_032653.1,115221149,115221150,119442168,GA,G,1
NC_037331.1,NC_032653.1,115401328,115401329,119611787,GC,G,1
NC_037331.1,NC_032653.1,115410705,115410706,119621170,CT,C,1
NC_037331.1,NC_032653.1,115444376,115444377,119664041,TC,T,1
NC_037331.1,NC_032653.1,115445270,115445271,119664935,TC,T,1
NC_037331.1,NC_032653.1,115455196,115455197,119674849,CG,C,1
NC_037331.1,NC_032653.1,115601477,115601478,119820566,AT,A,1
NC_037331.1,NC_032653.1,115664259,115664260,119883847,TC,T,1
NC_037331.1,NC_032653.1,116016612,116016663,120243654,GCAAGGATTCCTGGCATCTTGCCAGGCCCCTTGTCCTCAGGTACCAGCTCAA,G,51
NC_037331.1,NC_032653.1,116201971,116201972,120439579,TA,T,1
NC_037331.1,NC_032653.1,116426158,116426166,120634380,AGGTCTGCC,A,8
NC_037331.1,NC_032653.1,116438036,116438037,120646255,GT,G,1
NC_037331.1,NC_032653.1,116440741,116440742,120648959,TA,T,1
NC_037331.1,NC_032653.1,116460367,116460368,120668581,AG,A,1
NC_037331.1,NC_032653.1,116468188,116468189,120676401,GA,G,1
NC_037331.1,NC_032653.1,116481181,116481182,120689400,TG,T,1
NC_037331.1,NC_032653.1,116482075,116482076,120690295,GA,G,1
NC_037331.1,NC_032653.1,116486042,116486044,120694279,TAA,T,2
NC_037331.1,NC_032653.1,116506907,116506908,120715184,CA,C,1
NC_037331.1,NC_032653.1,116523560,116523561,120731897,GT,G,1
NC_037331.1,NC_032653.1,116609140,116609148,120816903,GCATCCGTA,G,8
NC_037331.1,NC_032653.1,116624292,116624294,120832066,AGT,A,2
NC_037331.1,NC_032653.1,116627763,116627764,120835530,CA,C,1
NC_037331.1,NC_032653.1,116687147,116687148,120894930,CG,C,1
NC_037331.1,NC_032653.1,116699513,116699521,120907296,CCCTGTGTG,C,8
NC_037331.1,NC_032653.1,116699546,116699547,120907321,AG,A,1
NC_037331.1,NC_032653.1,116763643,116763644,120970275,GA,G,1
NC_037331.1,NC_032653.1,116763653,116763654,120970284,TG,T,1
NC_037331.1,NC_032653.1,116811266,116811267,121017971,CG,C,1
NC_037331.1,NC_032653.1,116890523,116890527,121096948,ACAGC,A,4
NC_037331.1,NC_032653.1,116944006,116944007,121150374,CT,C,1
NC_037331.1,NC_032653.1,117299483,117299484,121507357,TG,T,1
NC_037331.1,NC_032653.1,117317161,117317162,121524987,GA,G,1
NC_037331.1,NC_032653.1,117317642,117317643,121525467,CT,C,1
NC_037331.1,NC_032653.1,117320227,117320340,121528120,GGCCCCAGGGAGTCGTCCCTCACCCCCACCGCTCCCCTAGGCCCCAGGCAGTCGTCCCTCACCCCCACCGCTCCCCTAGGCCCCAGGGAGTCGTCCCTCACCCCCACCGCTCCA,G,113
NC_037331.1,NC_032653.1,117323573,117323574,121531354,GA,G,1
NC_037331.1,NC_032653.1,117348013,117348014,121555812,GT,G,1
NC_037331.1,NC_032653.1,117388492,117388493,121595991,CT,C,1
NC_037331.1,NC_032653.1,117477239,117477240,121685254,TG,T,1
NC_037331.1,NC_032653.1,117558906,117558907,121765252,CA,C,1
NC_037331.1,NC_032653.1,117602729,117602730,121809643,GA,G,1
NC_037331.1,NC_032653.1,117606220,117606230,121813135,CACCCCCGCTG,C,10
NC_037331.1,NC_032653.1,117629198,117629199,121835995,TG,T,1
NC_037331.1,NC_032653.1,117629225,117629226,121836020,AG,A,1
NC_037331.1,NC_032653.1,117629235,117629236,121836029,AG,A,1
NC_037331.1,NC_032653.1,117674144,117674146,121881063,GGT,G,2
NC_037331.1,NC_032653.1,117718049,117718050,121910883,TC,T,1
NC_037331.1,NC_032653.1,117817124,117817125,122012909,TG,T,1
NC_037331.1,NC_032653.1,117877069,117877070,122073004,CG,C,1
NC_037331.1,NC_032653.1,117879050,117879051,122074984,CT,C,1
NC_037331.1,NC_032653.1,117946951,117946952,122142820,CT,C,1
NC_037331.1,NC_032653.1,117959613,117959631,122155499,ATTGACCACACCCACCGCT,A,18
NC_037331.1,NC_032653.1,117965657,117965658,122161527,GC,G,1
NC_037331.1,NC_032653.1,118054089,118054090,122293420,GC,G,1
NC_037331.1,NC_032653.1,118128489,118128490,122371472,GA,G,1
NC_037331.1,NC_032653.1,118130709,118130710,122373691,TA,T,1
NC_037331.1,NC_032653.1,118141472,118141473,122384862,TG,T,1
NC_037331.1,NC_032653.1,118147982,118147984,122391445,CCA,C,2
NC_037331.1,NC_032653.1,118246312,118246313,122489804,TC,T,1
NC_037331.1,NC_032653.1,118682336,118682337,122926867,AG,A,1
NC_037331.1,NC_032653.1,118685152,118685153,122929679,CT,C,1
NC_037331.1,NC_032653.1,118744465,118744466,122992206,AG,A,1
NC_037331.1,NC_032653.1,118895676,118895677,123158407,CG,C,1
NC_037331.1,NC_032653.1,118966262,118966263,123228837,AC,A,1
NC_037331.1,NC_032653.1,119036164,119036165,123298813,AC,A,1
NC_037331.1,NC_032653.1,119582347,119582348,123852344,TC,T,1
NC_037331.1,NC_032653.1,119615997,119615998,123885995,TA,T,1
NC_037331.1,NC_032653.1,119843209,119843210,124102644,TC,T,1
NC_037331.1,NC_032653.1,119874301,119874302,124318889,GA,G,1
NC_037331.1,NC_032653.1,119881236,119881237,124311962,CA,C,1
NC_037331.1,NC_032653.1,119895851,119895861,124283057,CTAGTAAACCT,C,10
NC_037331.1,NC_032653.1,119902509,119902510,124291127,CA,C,1
