Reference ID,Query ID,Reference POS,Reference END,Query POS,REF,ALT,SVLEN
NC_037349.1,NC_032671.1,598623,598624,303149,TC,T,1
NC_037349.1,NC_032671.1,756895,756899,464106,CACAA,C,4
NC_037349.1,NC_032671.1,793134,793135,500236,TG,T,1
NC_037349.1,NC_032671.1,885571,885572,593167,CT,C,1
NC_037349.1,NC_032671.1,933365,933366,640976,AC,A,1
NC_037349.1,NC_032671.1,937512,937513,645121,GA,G,1
NC_037349.1,NC_032671.1,1289224,1289225,1024290,AG,A,1
NC_037349.1,NC_032671.1,1291643,1291647,1026709,TACCC,T,4
NC_037349.1,NC_032671.1,1291643,1291647,1027475,TACCC,T,4
NC_037349.1,NC_032671.1,1468366,1468368,1208554,CAG,C,2
NC_037349.1,NC_032671.1,1738803,1738804,1539079,GC,G,1
NC_037349.1,NC_032671.1,1945212,1945213,1752136,CT,C,1
NC_037349.1,NC_032671.1,2063808,2063827,1890513,TGGCCTCCGAGAAGAAGCAG,T,19
NC_037349.1,NC_032671.1,2636470,2636473,2470005,AATT,A,3
NC_037349.1,NC_032671.1,2641175,2641177,2474709,TGC,T,2
NC_037349.1,NC_032671.1,2742881,2742883,2576396,TCA,T,2
NC_037349.1,NC_032671.1,2857491,2857493,2708759,TTC,T,2
NC_037349.1,NC_032671.1,2903131,2903132,2758909,TC,T,1
NC_037349.1,NC_032671.1,2905048,2905049,2760819,AC,A,1
NC_037349.1,NC_032671.1,3175024,3175025,3030826,AG,A,1
NC_037349.1,NC_032671.1,3176917,3176918,3032718,GC,G,1
NC_037349.1,NC_032671.1,3246505,3246506,3103602,CA,C,1
NC_037349.1,NC_032671.1,3288584,3288585,3145692,AT,A,1
NC_037349.1,NC_032671.1,3297109,3297110,3154217,AT,A,1
NC_037349.1,NC_032671.1,3499542,3499543,3357282,CT,C,1
NC_037349.1,NC_032671.1,3567329,3567330,3425101,CT,C,1
NC_037349.1,NC_032671.1,3568246,3568247,3426033,TC,T,1
NC_037349.1,NC_032671.1,3741849,3741850,3599915,GA,G,1
NC_037349.1,NC_032671.1,3970750,3970751,3912068,CA,C,1
NC_037349.1,NC_032671.1,3988799,3988800,3930377,CA,C,1
NC_037349.1,NC_032671.1,4003352,4003356,3944928,CACAG,C,4
NC_037349.1,NC_032671.1,4153317,4153318,4094710,AT,A,1
NC_037349.1,NC_032671.1,4643099,4643100,4582587,GA,G,1
NC_037349.1,NC_032671.1,4702221,4702236,4641855,GTGGACTGGGTAATGC,G,15
NC_037349.1,NC_032671.1,4956112,4956113,4895353,CT,C,1
NC_037349.1,NC_032671.1,5005753,5005754,4946803,AG,A,1
NC_037349.1,NC_032671.1,5005760,5005761,4946809,CT,C,1
NC_037349.1,NC_032671.1,5077528,5077529,5018646,CA,C,1
NC_037349.1,NC_032671.1,5285863,5285864,5228265,TA,T,1
NC_037349.1,NC_032671.1,5294546,5294547,5236961,CA,C,1
NC_037349.1,NC_032671.1,5336049,5336050,5278458,GA,G,1
NC_037349.1,NC_032671.1,5343670,5343671,5286078,TA,T,1
NC_037349.1,NC_032671.1,5358355,5358356,5300745,CA,C,1
NC_037349.1,NC_032671.1,5358438,5358439,5300827,AT,A,1
NC_037349.1,NC_032671.1,5543941,5543944,5485445,GCAA,G,3
NC_037349.1,NC_032671.1,5543956,5543957,5485457,GA,G,1
NC_037349.1,NC_032671.1,5555157,5555158,5496655,CA,C,1
NC_037349.1,NC_032671.1,5556569,5556570,5498065,AG,A,1
NC_037349.1,NC_032671.1,5846848,5846852,5788055,GGTAA,G,4
NC_037349.1,NC_032671.1,5846892,5846893,5788095,TA,T,1
NC_037349.1,NC_032671.1,5846897,5846898,5788099,TG,T,1
NC_037349.1,NC_032671.1,5862956,5862957,5803862,GA,G,1
NC_037349.1,NC_032671.1,5969502,5969503,5910414,AG,A,1
NC_037349.1,NC_032671.1,5982925,5982926,5961425,CA,C,1
NC_037349.1,NC_032671.1,5982970,5982971,5961469,AC,A,1
NC_037349.1,NC_032671.1,6177275,6177276,6165962,CG,C,1
NC_037349.1,NC_032671.1,6180642,6180645,6169532,TGAG,T,3
NC_037349.1,NC_032671.1,6189860,6189861,6178752,AC,A,1
NC_037349.1,NC_032671.1,6263008,6263009,6251932,AC,A,1
NC_037349.1,NC_032671.1,6263017,6263018,6251940,CA,C,1
NC_037349.1,NC_032671.1,6263022,6263023,6251944,AT,A,1
NC_037349.1,NC_032671.1,6270954,6270956,6259746,AAG,A,2
NC_037349.1,NC_032671.1,6445996,6446004,6420666,CTGCCCCGT,C,8
NC_037349.1,NC_032671.1,6447044,6447045,6421710,TG,T,1
NC_037349.1,NC_032671.1,6728132,6728134,6714567,TCC,T,2
NC_037349.1,NC_032671.1,6764182,6764183,6751372,CA,C,1
NC_037349.1,NC_032671.1,6870940,6870941,6882288,AG,A,1
NC_037349.1,NC_032671.1,7017538,7017543,7032594,TTTACA,T,5
NC_037349.1,NC_032671.1,7200256,7200258,7215958,AAT,A,2
NC_037349.1,NC_032671.1,7200266,7200267,7215966,CA,C,1
NC_037349.1,NC_032671.1,7581165,7581166,7602390,GT,G,1
NC_037349.1,NC_032671.1,7705295,7705296,7726438,TA,T,1
NC_037349.1,NC_032671.1,7866626,7866627,7887838,GA,G,1
NC_037349.1,NC_032671.1,8292930,8292931,8328628,AG,A,1
NC_037349.1,NC_032671.1,8292949,8292950,8328646,TG,T,1
NC_037349.1,NC_032671.1,8400394,8400446,8435772,TCTACAGATTGTTATTTTAGGAAAGTCAATCATTCAGTGGTGGGGAGGATGGA,T,52
NC_037349.1,NC_032671.1,8584028,8584029,8618527,CT,C,1
NC_037349.1,NC_032671.1,8596197,8596198,8630700,GC,G,1
NC_037349.1,NC_032671.1,8693902,8693903,8729592,GC,G,1
NC_037349.1,NC_032671.1,8694628,8694629,8730320,TG,T,1
NC_037349.1,NC_032671.1,8695358,8695359,8731054,AT,A,1
NC_037349.1,NC_032671.1,8695800,8695801,8731495,TC,T,1
NC_037349.1,NC_032671.1,8698388,8698389,8734089,TC,T,1
NC_037349.1,NC_032671.1,8698448,8698449,8734149,GA,G,1
NC_037349.1,NC_032671.1,8698521,8698522,8734221,AT,A,1
NC_037349.1,NC_032671.1,8698567,8698568,8734266,TA,T,1
NC_037349.1,NC_032671.1,8698648,8698649,8734346,GC,G,1
NC_037349.1,NC_032671.1,8698732,8698733,8734429,GT,G,1
NC_037349.1,NC_032671.1,8698854,8698855,8734549,CT,C,1
NC_037349.1,NC_032671.1,8719256,8719257,8721721,AG,A,1
NC_037349.1,NC_032671.1,8719516,8719517,8721980,AT,A,1
NC_037349.1,NC_032671.1,8719550,8719551,8722013,TA,T,1
NC_037349.1,NC_032671.1,8719576,8719577,8722038,TG,T,1
NC_037349.1,NC_032671.1,8719672,8719673,8722132,AG,A,1
NC_037349.1,NC_032671.1,8719707,8719708,8722166,TC,T,1
NC_037349.1,NC_032671.1,8719744,8719745,8722202,GA,G,1
NC_037349.1,NC_032671.1,8719796,8719797,8722253,GA,G,1
NC_037349.1,NC_032671.1,8719809,8719810,8722265,TA,T,1
NC_037349.1,NC_032671.1,8719856,8719857,8722311,GT,G,1
NC_037349.1,NC_032671.1,8719875,8719876,8722329,TA,T,1
NC_037349.1,NC_032671.1,8719880,8719881,8722333,CA,C,1
NC_037349.1,NC_032671.1,8719994,8719995,8722444,AT,A,1
NC_037349.1,NC_032671.1,8720056,8720057,8722504,AG,A,1
NC_037349.1,NC_032671.1,8720099,8720101,8722545,CCA,C,2
NC_037349.1,NC_032671.1,8720159,8720160,8722603,AT,A,1
NC_037349.1,NC_032671.1,8720184,8720185,8722627,GC,G,1
NC_037349.1,NC_032671.1,8720240,8720241,8722682,AG,A,1
NC_037349.1,NC_032671.1,8720312,8720313,8722753,GA,G,1
NC_037349.1,NC_032671.1,8752164,8752165,8754624,AC,A,1
NC_037349.1,NC_032671.1,8753720,8753721,8756210,CA,C,1
NC_037349.1,NC_032671.1,8948254,8948255,8950749,CA,C,1
NC_037349.1,NC_032671.1,9009711,9009714,9012255,CTTG,C,3
NC_037349.1,NC_032671.1,9046996,9046997,9049542,AG,A,1
NC_037349.1,NC_032671.1,9047138,9047139,9049683,AG,A,1
NC_037349.1,NC_032671.1,9062432,9062433,9065070,AC,A,1
NC_037349.1,NC_032671.1,9256952,9256953,9259679,AG,A,1
NC_037349.1,NC_032671.1,9400619,9400620,9416879,GT,G,1
NC_037349.1,NC_032671.1,9490920,9490921,9505542,GT,G,1
NC_037349.1,NC_032671.1,9537926,9537930,9555459,AAAGT,A,4
NC_037349.1,NC_032671.1,9548956,9548957,9566484,CT,C,1
NC_037349.1,NC_032671.1,9560231,9560233,9577502,AAG,A,2
NC_037349.1,NC_032671.1,9641355,9641356,9659102,AG,A,1
NC_037349.1,NC_032671.1,9797530,9797531,9815451,CT,C,1
NC_037349.1,NC_032671.1,9963836,9963837,9981616,AC,A,1
NC_037349.1,NC_032671.1,10032128,10032129,10049655,AG,A,1
NC_037349.1,NC_032671.1,10038146,10038147,10055668,GC,G,1
NC_037349.1,NC_032671.1,10085948,10085949,10128301,GT,G,1
NC_037349.1,NC_032671.1,10111024,10111025,10153371,CT,C,1
NC_037349.1,NC_032671.1,10167636,10167637,10209934,CT,C,1
NC_037349.1,NC_032671.1,10207735,10207739,10250064,GTAAT,G,4
NC_037349.1,NC_032671.1,10221405,10221406,10263741,CG,C,1
NC_037349.1,NC_032671.1,10553371,10553374,10596197,GCAA,G,3
NC_037349.1,NC_032671.1,10621324,10621325,10663238,AG,A,1
NC_037349.1,NC_032671.1,10969660,10969661,11008553,TG,T,1
NC_037349.1,NC_032671.1,11107959,11107960,11147283,GT,G,1
NC_037349.1,NC_032671.1,11205310,11205317,11249100,TGGTCCTA,T,7
NC_037349.1,NC_032671.1,11417952,11417953,11461610,GA,G,1
NC_037349.1,NC_032671.1,11500866,11500867,11618347,TC,T,1
NC_037349.1,NC_032671.1,11500878,11500881,11618358,ACAG,A,3
NC_037349.1,NC_032671.1,11776188,11776189,11893356,TA,T,1
NC_037349.1,NC_032671.1,11945036,11945037,12063016,CA,C,1
NC_037349.1,NC_032671.1,11955659,11955660,12073631,AC,A,1
NC_037349.1,NC_032671.1,11995442,11995443,12113340,AC,A,1
NC_037349.1,NC_032671.1,12201019,12201020,12339152,GT,G,1
NC_037349.1,NC_032671.1,12201033,12201034,12339165,AG,A,1
NC_037349.1,NC_032671.1,12201043,12201044,12339174,AG,A,1
NC_037349.1,NC_032671.1,12201052,12201053,12339182,CT,C,1
NC_037349.1,NC_032671.1,12385372,12385373,12678804,AT,A,1
NC_037349.1,NC_032671.1,12653292,12653293,12854083,GA,G,1
NC_037349.1,NC_032671.1,12653483,12653484,12854270,TC,T,1
NC_037349.1,NC_032671.1,12653487,12653488,12854273,CA,C,1
NC_037349.1,NC_032671.1,12653511,12653512,12854296,GC,G,1
NC_037349.1,NC_032671.1,12653518,12653519,12854302,GC,G,1
NC_037349.1,NC_032671.1,12653531,12653532,12854314,GC,G,1
NC_037349.1,NC_032671.1,12704367,12704369,12905158,TTC,T,2
NC_037349.1,NC_032671.1,12704393,12704394,12905181,GA,G,1
NC_037349.1,NC_032671.1,12958453,12958455,13172206,CTT,C,2
NC_037349.1,NC_032671.1,13258523,13258524,13550771,AT,A,1
NC_037349.1,NC_032671.1,13258532,13258534,13550779,TTA,T,2
NC_037349.1,NC_032671.1,13317844,13317845,13608598,GA,G,1
NC_037349.1,NC_032671.1,13410504,13410505,13702230,GA,G,1
NC_037349.1,NC_032671.1,13410504,13410505,13741352,GA,G,1
NC_037349.1,NC_032671.1,13495986,13495987,13826582,CG,C,1
NC_037349.1,NC_032671.1,13608463,13608464,13938786,GT,G,1
NC_037349.1,NC_032671.1,13608470,13608471,13938792,TA,T,1
NC_037349.1,NC_032671.1,13692873,13692874,14025493,CA,C,1
NC_037349.1,NC_032671.1,13692881,13692882,14025500,GA,G,1
NC_037349.1,NC_032671.1,13692890,13692891,14025508,CA,C,1
NC_037349.1,NC_032671.1,13859325,13859327,14191906,GGC,G,2
NC_037349.1,NC_032671.1,13862602,13862607,14195180,TGACGA,T,5
NC_037349.1,NC_032671.1,13876635,13876636,14209207,TA,T,1
NC_037349.1,NC_032671.1,13876697,13876698,14209268,GC,G,1
NC_037349.1,NC_032671.1,13978489,13978490,14312291,TG,T,1
NC_037349.1,NC_032671.1,14169621,14169622,14502812,CT,C,1
NC_037349.1,NC_032671.1,14575437,14575438,14933507,TG,T,1
NC_037349.1,NC_032671.1,14576011,14576012,14934080,CT,C,1
NC_037349.1,NC_032671.1,14595724,14595725,14953622,GT,G,1
NC_037349.1,NC_032671.1,14634977,14634978,14993414,CA,C,1
NC_037349.1,NC_032671.1,14758385,14758386,15170767,TA,T,1
NC_037349.1,NC_032671.1,14831885,14831886,15244622,GA,G,1
NC_037349.1,NC_032671.1,14833958,14833959,15246694,TC,T,1
NC_037349.1,NC_032671.1,15024611,15024612,15438557,CA,C,1
NC_037349.1,NC_032671.1,15055135,15055136,15469227,GA,G,1
NC_037349.1,NC_032671.1,15171129,15171130,15585162,TG,T,1
NC_037349.1,NC_032671.1,15171145,15171147,15585177,TTA,T,2
NC_037349.1,NC_032671.1,15175209,15175210,15589235,CT,C,1
NC_037349.1,NC_032671.1,15175216,15175217,15589241,GC,G,1
NC_037349.1,NC_032671.1,15296353,15296354,15710492,CT,C,1
NC_037349.1,NC_032671.1,15571330,15571331,15991166,TC,T,1
NC_037349.1,NC_032671.1,15886478,15886479,16303631,AT,A,1
NC_037349.1,NC_032671.1,15949694,15949695,16367379,GC,G,1
NC_037349.1,NC_032671.1,15956143,15956144,16373826,CA,C,1
NC_037349.1,NC_032671.1,16254097,16254101,16671210,CATAT,C,4
NC_037349.1,NC_032671.1,16482157,16482158,16902413,TA,T,1
NC_037349.1,NC_032671.1,16586680,16586691,17006733,TCTGGGGCATCA,T,11
NC_037349.1,NC_032671.1,16694758,16694759,17120443,CG,C,1
NC_037349.1,NC_032671.1,16778550,16778553,17204055,GAGA,G,3
NC_037349.1,NC_032671.1,16808035,16808036,17233359,AG,A,1
NC_037349.1,NC_032671.1,16844312,16844313,17269644,GC,G,1
NC_037349.1,NC_032671.1,17053029,17053034,17478487,ATTTAT,A,5
NC_037349.1,NC_032671.1,17251126,17251127,17721929,TA,T,1
NC_037349.1,NC_032671.1,17308317,17308319,17778734,AAT,A,2
NC_037349.1,NC_032671.1,17525535,17525536,17996392,AG,A,1
NC_037349.1,NC_032671.1,17525642,17525643,17996496,GA,G,1
NC_037349.1,NC_032671.1,17718898,17718911,18229091,CCGTGAATAATAAT,C,13
NC_037349.1,NC_032671.1,17772207,17772215,18281826,TCCAGACTC,T,8
NC_037349.1,NC_032671.1,17844107,17844108,18370085,AG,A,1
NC_037349.1,NC_032671.1,18088888,18088889,18614697,TG,T,1
NC_037349.1,NC_032671.1,18091760,18091764,18617569,CTTTA,C,4
NC_037349.1,NC_032671.1,18270803,18270804,18800028,AG,A,1
NC_037349.1,NC_032671.1,18363856,18363914,18893145,GTTAGAGGCAAGGTCAGAGGCCTGTTCTGCATGTCTCTGAAGCCTAATCAAGACTCAGT,G,58
NC_037349.1,NC_032671.1,18701915,18701916,19231966,GA,G,1
NC_037349.1,NC_032671.1,18706159,18706160,19236211,GC,G,1
NC_037349.1,NC_032671.1,18710545,18710546,19240611,AC,A,1
NC_037349.1,NC_032671.1,18740553,18740555,19269796,TGG,T,2
NC_037349.1,NC_032671.1,18789219,18789220,19314411,AG,A,1
NC_037349.1,NC_032671.1,18789231,18789232,19314422,CA,C,1
NC_037349.1,NC_032671.1,18789273,18789274,19314462,GA,G,1
NC_037349.1,NC_032671.1,18799760,18799761,19324946,CT,C,1
NC_037349.1,NC_032671.1,19118449,19118450,19663092,AT,A,1
NC_037349.1,NC_032671.1,19284441,19284442,19829099,TC,T,1
NC_037349.1,NC_032671.1,19333450,19333451,19878120,AC,A,1
NC_037349.1,NC_032671.1,19333832,19333833,19878500,TG,T,1
NC_037349.1,NC_032671.1,19432644,19432647,20007547,TATG,T,3
NC_037349.1,NC_032671.1,19455758,19455760,20034852,AAC,A,2
NC_037349.1,NC_032671.1,19614971,19614974,20164773,TAAC,T,3
NC_037349.1,NC_032671.1,19629812,19629813,20179716,TG,T,1
NC_037349.1,NC_032671.1,19634842,19634843,20184768,GT,G,1
NC_037349.1,NC_032671.1,19656320,19656321,20206283,GT,G,1
NC_037349.1,NC_032671.1,19656339,19656340,20206301,AT,A,1
NC_037349.1,NC_032671.1,19703796,19703798,20253762,CCT,C,2
NC_037349.1,NC_032671.1,19703811,19703812,20253775,AT,A,1
NC_037349.1,NC_032671.1,19703872,19703873,20253833,GT,G,1
NC_037349.1,NC_032671.1,19726721,19726722,20276693,AT,A,1
NC_037349.1,NC_032671.1,19774492,19774493,20327563,GA,G,1
NC_037349.1,NC_032671.1,19780017,19780018,20333087,GA,G,1
NC_037349.1,NC_032671.1,19813129,19813130,20369026,TG,T,1
NC_037349.1,NC_032671.1,20073048,20073049,20639245,GC,G,1
NC_037349.1,NC_032671.1,20685745,20685746,21303199,GA,G,1
NC_037349.1,NC_032671.1,20689842,20689843,21307296,CA,C,1
NC_037349.1,NC_032671.1,20768032,20768033,21387592,GA,G,1
NC_037349.1,NC_032671.1,20796964,20796965,21416709,GA,G,1
NC_037349.1,NC_032671.1,20965588,20965589,21628932,GC,G,1
NC_037349.1,NC_032671.1,21067976,21067977,21739226,CG,C,1
NC_037349.1,NC_032671.1,21068012,21068013,21739260,CT,C,1
NC_037349.1,NC_032671.1,21100044,21100045,21771311,GA,G,1
NC_037349.1,NC_032671.1,21124300,21124301,21795570,CA,C,1
NC_037349.1,NC_032671.1,21127861,21127862,21799130,TA,T,1
NC_037349.1,NC_032671.1,21137483,21137484,21808778,AT,A,1
NC_037349.1,NC_032671.1,21153411,21153412,21824709,AT,A,1
NC_037349.1,NC_032671.1,21216200,21216201,21895186,GA,G,1
NC_037349.1,NC_032671.1,21216261,21216262,21895245,AG,A,1
NC_037349.1,NC_032671.1,21224327,21224328,21903311,CA,C,1
NC_037349.1,NC_032671.1,21270715,21270716,21949349,GT,G,1
NC_037349.1,NC_032671.1,21280892,21280894,21959527,CCT,C,2
NC_037349.1,NC_032671.1,21280919,21280920,21959551,GC,G,1
NC_037349.1,NC_032671.1,21350369,21350370,22029022,TG,T,1
NC_037349.1,NC_032671.1,21507717,21507718,22183203,TG,T,1
NC_037349.1,NC_032671.1,21611497,21611498,22286928,GT,G,1
NC_037349.1,NC_032671.1,21651352,21651353,22326795,TA,T,1
NC_037349.1,NC_032671.1,21656913,21656914,22332358,TG,T,1
NC_037349.1,NC_032671.1,21660961,21660963,22336414,GGC,G,2
NC_037349.1,NC_032671.1,21660971,21660972,22336422,CT,C,1
NC_037349.1,NC_032671.1,21661047,21661048,22336496,GC,G,1
NC_037349.1,NC_032671.1,21661060,21661061,22336508,CA,C,1
NC_037349.1,NC_032671.1,21727161,21727162,22402595,TA,T,1
NC_037349.1,NC_032671.1,21773200,21773201,22448653,AG,A,1
NC_037349.1,NC_032671.1,21789848,21789849,22465572,AC,A,1
NC_037349.1,NC_032671.1,22164413,22164415,22853794,AAG,A,2
NC_037349.1,NC_032671.1,22489572,22489573,23071249,AT,A,1
NC_037349.1,NC_032671.1,23129582,23129583,23743402,TG,T,1
NC_037349.1,NC_032671.1,23326102,23326104,23940768,TTA,T,2
NC_037349.1,NC_032671.1,23336013,23336014,23950673,TC,T,1
NC_037349.1,NC_032671.1,23910916,23910917,24537410,AG,A,1
NC_037349.1,NC_032671.1,24024128,24024134,24649683,CTTTGTA,C,6
NC_037349.1,NC_032671.1,24025603,24025604,24651152,CA,C,1
NC_037349.1,NC_032671.1,24049942,24049947,24675486,TTATCA,T,5
NC_037349.1,NC_032671.1,24059572,24059573,24685109,TC,T,1
NC_037349.1,NC_032671.1,24063642,24063643,24689180,AG,A,1
NC_037349.1,NC_032671.1,24175585,24175586,24811866,GC,G,1
NC_037349.1,NC_032671.1,24196082,24196083,24832362,GA,G,1
NC_037349.1,NC_032671.1,24360502,24360509,24996961,ACCTCTTT,A,7
NC_037349.1,NC_032671.1,24915240,24915242,25566700,AAT,A,2
NC_037349.1,NC_032671.1,24915296,24915297,25566753,AT,A,1
NC_037349.1,NC_032671.1,24918464,24918465,25569920,AG,A,1
NC_037349.1,NC_032671.1,24991840,24991841,25643300,TA,T,1
NC_037349.1,NC_032671.1,24993213,24993214,25644672,TC,T,1
NC_037349.1,NC_032671.1,25359601,25359602,26010590,GA,G,1
NC_037349.1,NC_032671.1,25593802,25593803,26244850,TC,T,1
NC_037349.1,NC_032671.1,25593813,25593815,26244860,AAT,A,2
NC_037349.1,NC_032671.1,25593828,25593829,26244873,CT,C,1
NC_037349.1,NC_032671.1,25638875,25638896,26289927,CTCACAAGCTGCTTATTACTTT,C,21
NC_037349.1,NC_032671.1,25895068,25895069,26544784,CG,C,1
NC_037349.1,NC_032671.1,26018828,26018829,26680600,TC,T,1
NC_037349.1,NC_032671.1,26019715,26019716,26681486,AC,A,1
NC_037349.1,NC_032671.1,26082535,26082537,26744053,AAT,A,2
NC_037349.1,NC_032671.1,26423757,26423785,27099872,TGTCTCCACAACATTCTTCTTCTATAAAC,T,28
NC_037349.1,NC_032671.1,26570994,26571007,27247946,ATGACTACAACAAG,A,13
NC_037349.1,NC_032671.1,27049385,27049386,27798697,GC,G,1
NC_037349.1,NC_032671.1,27509168,27509170,28270735,TTA,T,2
NC_037349.1,NC_032671.1,27718743,27718744,28480310,GA,G,1
NC_037349.1,NC_032671.1,27742633,27742634,28504199,AG,A,1
NC_037349.1,NC_032671.1,27742646,27742648,28504211,GGT,G,2
NC_037349.1,NC_032671.1,28336412,28336413,29071501,AG,A,1
NC_037349.1,NC_032671.1,28336464,28336465,29071551,GC,G,1
NC_037349.1,NC_032671.1,28336523,28336524,29071608,AT,A,1
NC_037349.1,NC_032671.1,28538516,28538517,29273956,GA,G,1
NC_037349.1,NC_032671.1,28961084,28961086,29678149,CCA,C,2
NC_037349.1,NC_032671.1,29147030,29147031,29863641,AC,A,1
NC_037349.1,NC_032671.1,29148285,29148286,29864894,GC,G,1
NC_037349.1,NC_032671.1,29152216,29152218,29868642,TCC,T,2
NC_037349.1,NC_032671.1,29729718,29729720,30444078,TTC,T,2
NC_037349.1,NC_032671.1,30516570,30516571,31234343,AG,A,1
NC_037349.1,NC_032671.1,30516580,30516581,31234352,GA,G,1
NC_037349.1,NC_032671.1,30516618,30516619,31234389,TG,T,1
NC_037349.1,NC_032671.1,30516633,30516634,31234403,CT,C,1
NC_037349.1,NC_032671.1,30516675,30516705,31234443,TGCAGACCTGGAGTGATTTAGATACAGTGTA,T,30
NC_037349.1,NC_032671.1,30768142,30768143,31486530,AC,A,1
NC_037349.1,NC_032671.1,32321686,32321691,33062700,AGTTAT,A,5
NC_037349.1,NC_032671.1,34104930,34104931,34956942,TA,T,1
NC_037349.1,NC_032671.1,35177383,35177384,35926787,AT,A,1
NC_037349.1,NC_032671.1,35623093,35623094,36433445,CA,C,1
NC_037349.1,NC_032671.1,35819605,35819606,36627850,GT,G,1
NC_037349.1,NC_032671.1,35819613,35819614,36627857,GT,G,1
NC_037349.1,NC_032671.1,36630299,36630300,37497454,TC,T,1
NC_037349.1,NC_032671.1,36761474,36761483,37627889,CCTCCCAGGA,C,9
NC_037349.1,NC_032671.1,37194655,37194656,38059384,GA,G,1
NC_037349.1,NC_032671.1,38409121,38409122,39319038,AC,A,1
NC_037349.1,NC_032671.1,38411245,38411246,39321158,AG,A,1
NC_037349.1,NC_032671.1,38509287,38509288,39419586,TA,T,1
NC_037349.1,NC_032671.1,38544330,38544331,39454630,TA,T,1
NC_037349.1,NC_032671.1,38886163,38886165,39850893,ATC,A,2
NC_037349.1,NC_032671.1,38931903,38931904,39896650,CG,C,1
NC_037349.1,NC_032671.1,38934794,38934796,39899540,TTC,T,2
NC_037349.1,NC_032671.1,38934808,38934810,39899552,GTT,G,2
NC_037349.1,NC_032671.1,38956841,38956843,39921587,TTC,T,2
NC_037349.1,NC_032671.1,38960256,38960257,39925038,TA,T,1
NC_037349.1,NC_032671.1,38961851,38961852,39926632,AT,A,1
NC_037349.1,NC_032671.1,38993874,38993875,39958677,AC,A,1
NC_037349.1,NC_032671.1,38996100,38996101,39960919,CT,C,1
NC_037349.1,NC_032671.1,39002976,39002979,39967688,CCAA,C,3
NC_037349.1,NC_032671.1,39078835,39078836,40042850,AG,A,1
NC_037349.1,NC_032671.1,39242025,39242026,40206113,AC,A,1
NC_037349.1,NC_032671.1,39264147,39264148,40228244,GC,G,1
NC_037349.1,NC_032671.1,39324266,39324276,40288371,ACGGCAGAACT,A,10
NC_037349.1,NC_032671.1,39621180,39621181,40585566,AC,A,1
NC_037349.1,NC_032671.1,39728235,39728236,40692748,TG,T,1
NC_037349.1,NC_032671.1,39995707,39995708,40901623,GA,G,1
NC_037349.1,NC_032671.1,40009726,40009727,40915649,CT,C,1
NC_037349.1,NC_032671.1,40097402,40097403,41002925,AC,A,1
NC_037349.1,NC_032671.1,40100824,40100825,41006342,AC,A,1
NC_037349.1,NC_032671.1,40154796,40154797,41059883,AT,A,1
NC_037349.1,NC_032671.1,40168888,40168890,41073994,CCT,C,2
NC_037349.1,NC_032671.1,40170977,40170978,41076123,AG,A,1
NC_037349.1,NC_032671.1,40171138,40171139,41076282,TA,T,1
NC_037349.1,NC_032671.1,40191945,40191946,41096440,TG,T,1
NC_037349.1,NC_032671.1,40211271,40211272,41138551,GA,G,1
NC_037349.1,NC_032671.1,40225298,40225299,41152830,AT,A,1
NC_037349.1,NC_032671.1,40887540,40887543,41820019,CTCT,C,3
NC_037349.1,NC_032671.1,40896723,40896724,41829216,GC,G,1
NC_037349.1,NC_032671.1,40914319,40914320,41847608,AC,A,1
NC_037349.1,NC_032671.1,40919627,40919629,41852920,ACT,A,2
NC_037349.1,NC_032671.1,40970177,40970178,41903489,CG,C,1
NC_037349.1,NC_032671.1,41039363,41039366,41972690,TGTG,T,3
NC_037349.1,NC_032671.1,41428266,41428267,42361641,AC,A,1
NC_037349.1,NC_032671.1,41436202,41436203,42369599,TC,T,1
NC_037349.1,NC_032671.1,41661197,41661198,42592655,GA,G,1
NC_037349.1,NC_032671.1,41688924,41688925,42620257,TG,T,1
NC_037349.1,NC_032671.1,41721088,41721089,42652424,TC,T,1
NC_037349.1,NC_032671.1,41903870,41903872,42835191,CCT,C,2
NC_037349.1,NC_032671.1,42338716,42338718,43233265,TTA,T,2
NC_037349.1,NC_032671.1,42338772,42338773,43233317,TA,T,1
NC_037349.1,NC_032671.1,42555169,42555170,43450291,CT,C,1
NC_037349.1,NC_032671.1,42555176,42555177,43450297,CT,C,1
NC_037349.1,NC_032671.1,42742009,42742010,43637139,TG,T,1
NC_037349.1,NC_032671.1,42775781,42775782,43670933,AG,A,1
NC_037349.1,NC_032671.1,42792929,42792930,43687844,CA,C,1
NC_037349.1,NC_032671.1,43540738,43540739,44421441,CT,C,1
NC_037349.1,NC_032671.1,43717787,43717788,44597328,TC,T,1
NC_037349.1,NC_032671.1,43778525,43778527,44658372,TTA,T,2
NC_037349.1,NC_032671.1,43801862,43801864,44681671,TAA,T,2
NC_037349.1,NC_032671.1,43833852,43833853,44713653,AG,A,1
NC_037349.1,NC_032671.1,44021112,44021114,44961351,ACT,A,2
NC_037349.1,NC_032671.1,44030228,44030229,44970463,GA,G,1
NC_037349.1,NC_032671.1,44037055,44037057,44976604,TTG,T,2
NC_037349.1,NC_032671.1,44239252,44239253,45179579,AC,A,1
NC_037349.1,NC_032671.1,44264570,44264577,45205370,TGACTTAA,T,7
NC_037349.1,NC_032671.1,44353374,44353375,45294909,GC,G,1
NC_037349.1,NC_032671.1,44456894,44456901,45398448,ACATGAAC,A,7
NC_037349.1,NC_032671.1,44828848,44828849,45876732,AT,A,1
NC_037349.1,NC_032671.1,44828860,44828861,45876743,CT,C,1
NC_037349.1,NC_032671.1,45120089,45120090,46168019,CT,C,1
NC_037349.1,NC_032671.1,45245335,45245336,46293220,AG,A,1
NC_037349.1,NC_032671.1,45251503,45251504,46299383,CT,C,1
NC_037349.1,NC_032671.1,45346033,45346034,46394667,GT,G,1
NC_037349.1,NC_032671.1,45642920,45642944,46722203,AGGGCTTGGCAGTGTTGAGGGGAGT,A,24
NC_037349.1,NC_032671.1,46025520,46025537,47103865,GTCATAAACAGAATGAAA,G,17
NC_037349.1,NC_032671.1,46377338,46377347,47561672,CTGGTACGAA,C,9
NC_037349.1,NC_032671.1,46490435,46490436,47577232,GC,G,1
NC_037349.1,NC_032671.1,46546378,46546379,47633934,TC,T,1
NC_037349.1,NC_032671.1,46546440,46546441,47633994,GT,G,1
NC_037349.1,NC_032671.1,46546530,46546532,47634083,AAT,A,2
NC_037349.1,NC_032671.1,46727238,46727239,47814830,CA,C,1
NC_037349.1,NC_032671.1,47065125,47065126,48152668,TA,T,1
NC_037349.1,NC_032671.1,47066145,47066146,48153686,AG,A,1
NC_037349.1,NC_032671.1,47073078,47073079,48160621,AT,A,1
NC_037349.1,NC_032671.1,47081866,47081867,48169408,CA,C,1
NC_037349.1,NC_032671.1,47119916,47119917,48207468,TG,T,1
NC_037349.1,NC_032671.1,47148815,47148816,48236653,CA,C,1
NC_037349.1,NC_032671.1,47173968,47173969,48261814,AG,A,1
NC_037349.1,NC_032671.1,47174392,47174393,48262017,TG,T,1
NC_037349.1,NC_032671.1,47328283,47328284,48415894,TA,T,1
NC_037349.1,NC_032671.1,47368277,47368281,48455874,GCTTT,G,4
NC_037349.1,NC_032671.1,47378279,47378280,48465874,TA,T,1
NC_037349.1,NC_032671.1,47385235,47385236,48472831,CA,C,1
NC_037349.1,NC_032671.1,47402118,47402120,48489721,AGT,A,2
NC_037349.1,NC_032671.1,47449773,47449774,48537568,CA,C,1
NC_037349.1,NC_032671.1,47468425,47468428,48556208,AGGT,A,3
NC_037349.1,NC_032671.1,47468431,47468437,48556211,TCCCACC,T,6
NC_037349.1,NC_032671.1,47480051,47480052,48567834,AT,A,1
NC_037349.1,NC_032671.1,47874925,47874926,48966608,CT,C,1
NC_037349.1,NC_032671.1,47874952,47874953,48966634,GT,G,1
NC_037349.1,NC_032671.1,48011221,48011222,49102182,AC,A,1
NC_037349.1,NC_032671.1,48566875,48566876,49606981,GC,G,1
NC_037349.1,NC_032671.1,48579671,48579673,49619776,TTG,T,2
NC_037349.1,NC_032671.1,48579683,48579685,49619786,CCT,C,2
NC_037349.1,NC_032671.1,48579705,48579706,49619806,AC,A,1
NC_037349.1,NC_032671.1,48582886,48582887,49622986,GT,G,1
NC_037349.1,NC_032671.1,48590467,48590490,49630574,CCTCCAGAGCCTCCTTCAGTTGCA,C,23
NC_037349.1,NC_032671.1,48608853,48608854,49648940,CT,C,1
NC_037349.1,NC_032671.1,48695657,48695658,49735854,AG,A,1
NC_037349.1,NC_032671.1,49028538,49028544,50063062,CTCCACA,C,6
NC_037349.1,NC_032671.1,49231261,49231280,50266660,GCCTACGATAAAGACACTGT,G,19
NC_037349.1,NC_032671.1,49619725,49619726,50569928,AT,A,1
NC_037349.1,NC_032671.1,49619758,49619759,50569960,GT,G,1
NC_037349.1,NC_032671.1,49942334,49942335,50892452,TA,T,1
NC_037349.1,NC_032671.1,50031478,50031479,50981951,TC,T,1
NC_037349.1,NC_032671.1,50578453,50578454,51527859,CT,C,1
NC_037349.1,NC_032671.1,50578457,50578458,51527862,AG,A,1
NC_037349.1,NC_032671.1,50578468,50578469,51527872,TG,T,1
NC_037349.1,NC_032671.1,50602882,50602883,51552261,CA,C,1
NC_037349.1,NC_032671.1,50658100,50658101,51607091,AC,A,1
NC_037349.1,NC_032671.1,50658108,50658109,51607098,GC,G,1
NC_037349.1,NC_032671.1,50658123,50658124,51607112,AT,A,1
NC_037349.1,NC_032671.1,51021628,51021629,51992300,TG,T,1
NC_037349.1,NC_032671.1,51141136,51141139,52114834,AAAT,A,3
NC_037349.1,NC_032671.1,51141217,51141218,52114912,CA,C,1
NC_037349.1,NC_032671.1,51198320,51198321,52251330,GA,G,1
NC_037349.1,NC_032671.1,51254432,51254433,52501801,CA,C,1
NC_037349.1,NC_032671.1,51822156,51822157,53101560,CA,C,1
NC_037349.1,NC_032671.1,52014896,52014897,53292597,AT,A,1
NC_037349.1,NC_032671.1,52529805,52529806,53912321,CA,C,1
NC_037349.1,NC_032671.1,52582750,52582751,53965345,GC,G,1
NC_037349.1,NC_032671.1,52618830,52618831,54001139,CG,C,1
NC_037349.1,NC_032671.1,52741166,52741167,54123412,TC,T,1
NC_037349.1,NC_032671.1,52825760,52825761,54208110,AT,A,1
NC_037349.1,NC_032671.1,52825779,52825780,54208128,GT,G,1
NC_037349.1,NC_032671.1,52825792,52825793,54208140,AG,A,1
NC_037349.1,NC_032671.1,52962795,52962796,54367791,TG,T,1
NC_037349.1,NC_032671.1,53455565,53455566,54862187,AT,A,1
NC_037349.1,NC_032671.1,53476027,53476028,54882606,CA,C,1
NC_037349.1,NC_032671.1,53754780,53754781,55187405,TA,T,1
NC_037349.1,NC_032671.1,53787039,53787040,55219651,TG,T,1
NC_037349.1,NC_032671.1,53787085,53787086,55219696,GA,G,1
NC_037349.1,NC_032671.1,53787134,53787135,55219744,CA,C,1
NC_037349.1,NC_032671.1,53787230,53787232,55219839,CCT,C,2
NC_037349.1,NC_032671.1,53789531,53789532,55222141,AT,A,1
NC_037349.1,NC_032671.1,53789586,53789587,55222195,AT,A,1
NC_037349.1,NC_032671.1,53976695,53976732,55412810,GAATTTAATTTAGAGGGACCCAGGTCTTTAGTGCCTAA,G,37
NC_037349.1,NC_032671.1,54148509,54148510,55584309,CA,C,1
NC_037349.1,NC_032671.1,54261075,54261076,55696561,GA,G,1
NC_037349.1,NC_032671.1,54459748,54459749,55895128,GT,G,1
NC_037349.1,NC_032671.1,54459809,54459810,55895188,TA,T,1
NC_037349.1,NC_032671.1,54476536,54476537,55911941,CG,C,1
NC_037349.1,NC_032671.1,54478759,54478777,55914203,GTCACAGCTGGACCTGGGA,G,18
NC_037349.1,NC_032671.1,54479654,54479655,55915044,TG,T,1
NC_037349.1,NC_032671.1,55086579,55086586,56552691,GGTAGAGT,G,7
NC_037349.1,NC_032671.1,55100055,55100089,56566171,GCCTCAGCACGGTGCCTCTCACCAAGCCCTTTCAC,G,34
NC_037349.1,NC_032671.1,55112243,55112244,56578336,CT,C,1
NC_037349.1,NC_032671.1,55128905,55128906,56593857,TC,T,1
NC_037349.1,NC_032671.1,55269956,55269957,56740074,CA,C,1
NC_037349.1,NC_032671.1,55612383,55612384,57129437,CG,C,1
NC_037349.1,NC_032671.1,55833114,55833115,57355800,CA,C,1
NC_037349.1,NC_032671.1,55900415,55900416,57424114,CG,C,1
NC_037349.1,NC_032671.1,55988977,55988978,57519834,CA,C,1
NC_037349.1,NC_032671.1,55989019,55989020,57519874,GC,G,1
NC_037349.1,NC_032671.1,56129240,56129241,57675492,CA,C,1
NC_037349.1,NC_032671.1,56129252,56129253,57675503,AG,A,1
NC_037349.1,NC_032671.1,56149145,56149147,57695766,CCA,C,2
NC_037349.1,NC_032671.1,56166986,56166987,57713738,GA,G,1
NC_037349.1,NC_032671.1,56274521,56274598,57821097,GGCTGGGAAGGACACAGGCTCTTCCACTCCTGTTGAGGCTCAGCTGCAGATTCACAACTGGGGCCCTGCTAACCTAGT,G,77
NC_037349.1,NC_032671.1,56352517,56352518,57898568,AT,A,1
NC_037349.1,NC_032671.1,56420139,56420140,58061157,AC,A,1
NC_037349.1,NC_032671.1,56433952,56433953,58074987,GC,G,1
NC_037349.1,NC_032671.1,56468819,56468820,58109766,AG,A,1
NC_037349.1,NC_032671.1,56652146,56652147,58293787,TA,T,1
NC_037349.1,NC_032671.1,56652210,56652211,58293849,GA,G,1
NC_037349.1,NC_032671.1,56911471,56911472,58520008,AT,A,1
NC_037349.1,NC_032671.1,56919974,56919975,58528141,GT,G,1
NC_037349.1,NC_032671.1,56957983,56957984,58566143,GC,G,1
NC_037349.1,NC_032671.1,57012032,57012033,58620201,CT,C,1
NC_037349.1,NC_032671.1,57020274,57020275,58627992,TG,T,1
NC_037349.1,NC_032671.1,57052112,57052117,58659687,TTTAAA,T,5
NC_037349.1,NC_032671.1,57161289,57161290,58773772,TG,T,1
NC_037349.1,NC_032671.1,57259972,57259973,58909864,CA,C,1
NC_037349.1,NC_032671.1,57683020,57683021,59479732,TA,T,1
NC_037349.1,NC_032671.1,57844927,57844928,59582065,CG,C,1
NC_037349.1,NC_032671.1,57953808,57953811,59695363,CACT,C,3
NC_037349.1,NC_032671.1,58035072,58035073,59776661,CA,C,1
NC_037349.1,NC_032671.1,58035774,58035775,59777362,AC,A,1
NC_037349.1,NC_032671.1,58185746,58185747,59933499,TC,T,1
NC_037349.1,NC_032671.1,58212491,58212492,59960484,GT,G,1
NC_037349.1,NC_032671.1,58335460,58335461,60151579,TG,T,1
NC_037349.1,NC_032671.1,58341365,58341366,60157479,TC,T,1
NC_037349.1,NC_032671.1,58360657,58360658,60176793,TG,T,1
NC_037349.1,NC_032671.1,58365533,58365534,60181712,GA,G,1
NC_037349.1,NC_032671.1,58402075,58402076,60220641,GC,G,1
NC_037349.1,NC_032671.1,58433216,58433217,60251604,CA,C,1
NC_037349.1,NC_032671.1,58446864,58446865,60265097,GT,G,1
NC_037349.1,NC_032671.1,58452705,58452706,60270933,GA,G,1
NC_037349.1,NC_032671.1,58528637,58528638,60342090,CT,C,1
NC_037349.1,NC_032671.1,58528731,58528732,60342182,CG,C,1
NC_037349.1,NC_032671.1,58695071,58695072,60504981,CT,C,1
NC_037349.1,NC_032671.1,58695641,58695644,60505550,GGGC,G,3
NC_037349.1,NC_032671.1,58710845,58710846,60520742,CT,C,1
NC_037349.1,NC_032671.1,58716816,58716819,60526710,GTCC,G,3
NC_037349.1,NC_032671.1,58719822,58719823,60529859,GA,G,1
NC_037349.1,NC_032671.1,58731915,58731916,60541983,CG,C,1
NC_037349.1,NC_032671.1,58781568,58781569,60591643,CA,C,1
NC_037349.1,NC_032671.1,58814721,58814722,60624090,AT,A,1
NC_037349.1,NC_032671.1,58908940,58908941,60835706,CA,C,1
NC_037349.1,NC_032671.1,59142404,59142417,60990775,AGCTGGCTCAGAGC,A,13
NC_037349.1,NC_032671.1,59164799,59164800,61013089,CA,C,1
NC_037349.1,NC_032671.1,59176577,59176578,61024878,GC,G,1
NC_037349.1,NC_032671.1,59261711,59261712,61109691,AG,A,1
NC_037349.1,NC_032671.1,59261760,59261761,61109738,GA,G,1
NC_037349.1,NC_032671.1,59284244,59284245,61132232,GT,G,1
NC_037349.1,NC_032671.1,59290933,59290934,61138627,CA,C,1
NC_037349.1,NC_032671.1,59293503,59293504,61141734,GC,G,1
NC_037349.1,NC_032671.1,59375907,59375908,61264322,TG,T,1
NC_037349.1,NC_032671.1,59375987,59375988,61264402,CG,C,1
NC_037349.1,NC_032671.1,59546838,59546839,61437051,CA,C,1
NC_037349.1,NC_032671.1,59574275,59574276,61464419,CT,C,1
NC_037349.1,NC_032671.1,59627973,59627996,61518598,AAGAGCCCGCGACCGGCAGGCGCC,A,23
NC_037349.1,NC_032671.1,59663479,59663480,61562331,CT,C,1
NC_037349.1,NC_032671.1,59693176,59693177,61592174,GC,G,1
NC_037349.1,NC_032671.1,59759062,59759063,61658078,AC,A,1
