Reference ID,Query ID,Reference POS,Reference END,Query POS,REF,ALT,SVLEN
NC_037356.1,NC_032678.1,682853,682854,265539,TC,T,1
NC_037356.1,NC_032678.1,718476,718477,301015,AC,A,1
NC_037356.1,NC_032678.1,1189431,1189432,763195,CG,C,1
NC_037356.1,NC_032678.1,1219302,1219303,793047,CT,C,1
NC_037356.1,NC_032678.1,1220098,1220099,793838,GA,G,1
NC_037356.1,NC_032678.1,1295422,1295423,969824,GA,G,1
NC_037356.1,NC_032678.1,1301770,1301771,976172,GT,G,1
NC_037356.1,NC_032678.1,1332914,1332915,838187,TG,T,1
NC_037356.1,NC_032678.1,1357144,1357146,862428,TTA,T,2
NC_037356.1,NC_032678.1,1357144,1357146,1160179,TTA,T,2
NC_037356.1,NC_032678.1,1439016,1439017,1242017,TG,T,1
NC_037356.1,NC_032678.1,1452075,1452078,1255214,TGCC,T,3
NC_037356.1,NC_032678.1,1590839,1590840,1423672,GA,G,1
NC_037356.1,NC_032678.1,1604757,1604758,1437623,TA,T,1
NC_037356.1,NC_032678.1,1647138,1647146,1480149,GAAATTACC,G,8
NC_037356.1,NC_032678.1,1680885,1680886,1514411,CT,C,1
NC_037356.1,NC_032678.1,1685050,1685051,1518578,TG,T,1
NC_037356.1,NC_032678.1,1814749,1814750,1633161,TC,T,1
NC_037356.1,NC_032678.1,1842508,1842509,1661837,CT,C,1
NC_037356.1,NC_032678.1,1915750,1915751,1708908,AC,A,1
NC_037356.1,NC_032678.1,2031260,2031261,1823920,GT,G,1
NC_037356.1,NC_032678.1,2129120,2129121,1921800,GA,G,1
NC_037356.1,NC_032678.1,2282142,2282195,2074802,CGAGTCTCAGGCGCCACCCCCCTGCTTCCGGGTGAGCAGCACACTCGGGCAGGG,C,53
NC_037356.1,NC_032678.1,2306188,2306189,2098826,CT,C,1
NC_037356.1,NC_032678.1,2306307,2306308,2098944,CT,C,1
NC_037356.1,NC_032678.1,2311517,2311518,2104102,CG,C,1
NC_037356.1,NC_032678.1,2315738,2315747,2108337,CGTACTTGTA,C,9
NC_037356.1,NC_032678.1,2373836,2373837,2166506,TA,T,1
NC_037356.1,NC_032678.1,2673227,2673228,2555819,AC,A,1
NC_037356.1,NC_032678.1,2673243,2673244,2555834,TA,T,1
NC_037356.1,NC_032678.1,2755213,2755214,2637790,AT,A,1
NC_037356.1,NC_032678.1,2777488,2777489,2663823,CT,C,1
NC_037356.1,NC_032678.1,2802347,2802348,2688665,CT,C,1
NC_037356.1,NC_032678.1,2924745,2924746,2954914,TC,T,1
NC_037356.1,NC_032678.1,2924752,2924753,2954920,AC,A,1
NC_037356.1,NC_032678.1,2975665,2975666,3005859,TG,T,1
NC_037356.1,NC_032678.1,2995151,2995152,3025360,CA,C,1
NC_037356.1,NC_032678.1,3002763,3002764,3033011,AG,A,1
NC_037356.1,NC_032678.1,3005163,3005164,3035429,TC,T,1
NC_037356.1,NC_032678.1,3017862,3017863,3048120,AC,A,1
NC_037356.1,NC_032678.1,3171640,3171641,3203618,CA,C,1
NC_037356.1,NC_032678.1,3245011,3245012,3277322,GA,G,1
NC_037356.1,NC_032678.1,3357702,3357705,3388428,TTTG,T,3
NC_037356.1,NC_032678.1,3360436,3360437,3391161,TC,T,1
NC_037356.1,NC_032678.1,3365165,3365166,3395887,GT,G,1
NC_037356.1,NC_032678.1,3369779,3369781,3400502,CAT,C,2
NC_037356.1,NC_032678.1,3480168,3480170,3510813,TTA,T,2
NC_037356.1,NC_032678.1,3543537,3543538,3581220,AT,A,1
NC_037356.1,NC_032678.1,3643496,3643498,3681112,AAC,A,2
NC_037356.1,NC_032678.1,3824633,3824634,3863761,GC,G,1
NC_037356.1,NC_032678.1,3919535,3919536,3958648,AC,A,1
NC_037356.1,NC_032678.1,3919626,3919627,3958737,TC,T,1
NC_037356.1,NC_032678.1,3919634,3919635,3958744,AT,A,1
NC_037356.1,NC_032678.1,3985868,3985869,4028777,TG,T,1
NC_037356.1,NC_032678.1,3997592,3997593,4040505,AC,A,1
NC_037356.1,NC_032678.1,4050648,4050649,4098597,AC,A,1
NC_037356.1,NC_032678.1,4135462,4135463,4223381,TC,T,1
NC_037356.1,NC_032678.1,4136528,4136529,4224447,TA,T,1
NC_037356.1,NC_032678.1,4226229,4226230,4318122,AT,A,1
NC_037356.1,NC_032678.1,4231877,4231878,4329170,CT,C,1
NC_037356.1,NC_032678.1,4260641,4260642,4359680,CG,C,1
NC_037356.1,NC_032678.1,4266806,4266807,4365843,GT,G,1
NC_037356.1,NC_032678.1,4273068,4273069,4372097,TG,T,1
NC_037356.1,NC_032678.1,4502558,4502559,4595794,CA,C,1
NC_037356.1,NC_032678.1,4502604,4502605,4595838,TC,T,1
NC_037356.1,NC_032678.1,4573096,4573097,4663499,TG,T,1
NC_037356.1,NC_032678.1,4627115,4627116,4717605,TA,T,1
NC_037356.1,NC_032678.1,4661071,4661081,4752791,GGGATCTCAAA,G,10
NC_037356.1,NC_032678.1,4752391,4752392,4846767,TC,T,1
NC_037356.1,NC_032678.1,4752395,4752413,4846770,ACTCTTCTAAGTATCATTT,A,18
NC_037356.1,NC_032678.1,4862144,4862180,4956262,CTGTTGGGCACAGTAGTAAATTTGGCAATGTATGAGG,C,36
NC_037356.1,NC_032678.1,5019320,5019321,5220466,TG,T,1
NC_037356.1,NC_032678.1,5096243,5096244,5290226,AC,A,1
NC_037356.1,NC_032678.1,5127837,5127839,5321845,AAC,A,2
NC_037356.1,NC_032678.1,5236448,5236450,5431378,CAT,C,2
NC_037356.1,NC_032678.1,5275012,5275017,5469973,GTTTCA,G,5
NC_037356.1,NC_032678.1,5535631,5535633,5583145,CAG,C,2
NC_037356.1,NC_032678.1,5548273,5548274,5595600,TG,T,1
NC_037356.1,NC_032678.1,5803879,5803880,5828137,AC,A,1
NC_037356.1,NC_032678.1,6250012,6250013,6265110,GC,G,1
NC_037356.1,NC_032678.1,6250837,6250839,6265934,CAT,C,2
NC_037356.1,NC_032678.1,6294870,6294874,6309971,GCTGT,G,4
NC_037356.1,NC_032678.1,6534407,6534424,6635839,TAGTTCAGGTAGAGCTGC,T,17
NC_037356.1,NC_032678.1,6567479,6567482,6668911,GAGA,G,3
NC_037356.1,NC_032678.1,6573828,6573829,6675297,GC,G,1
NC_037356.1,NC_032678.1,6678377,6678378,6799972,TG,T,1
NC_037356.1,NC_032678.1,6755097,6755098,6877853,TA,T,1
NC_037356.1,NC_032678.1,6831965,6831966,6955474,TA,T,1
NC_037356.1,NC_032678.1,6840413,6840414,6963913,AG,A,1
NC_037356.1,NC_032678.1,6840621,6840627,6964120,TCCAGAG,T,6
NC_037356.1,NC_032678.1,6857945,6857946,6981509,GA,G,1
NC_037356.1,NC_032678.1,6857964,6857965,6981527,TG,T,1
NC_037356.1,NC_032678.1,6930600,6930601,7054112,GA,G,1
NC_037356.1,NC_032678.1,7169001,7169002,7292224,AG,A,1
NC_037356.1,NC_032678.1,7169351,7169352,7292570,AC,A,1
NC_037356.1,NC_032678.1,7169413,7169414,7292631,AT,A,1
NC_037356.1,NC_032678.1,7185376,7185377,7308502,CT,C,1
NC_037356.1,NC_032678.1,7214062,7214065,7337194,TCTC,T,3
NC_037356.1,NC_032678.1,7214719,7214720,7337849,TA,T,1
NC_037356.1,NC_032678.1,8529562,8529563,8811592,AT,A,1
NC_037356.1,NC_032678.1,8904708,8904724,9249392,GTGCATGTCTGTCTCCA,G,16
NC_037356.1,NC_032678.1,8975582,8975583,9320270,CT,C,1
NC_037356.1,NC_032678.1,9084019,9084022,9428707,GAGC,G,3
NC_037356.1,NC_032678.1,9086292,9086293,9430980,TC,T,1
NC_037356.1,NC_032678.1,9173310,9173311,9517896,GT,G,1
NC_037356.1,NC_032678.1,9202727,9202733,9547856,AAACCAG,A,6
NC_037356.1,NC_032678.1,9417368,9417369,9762513,AC,A,1
NC_037356.1,NC_032678.1,9438215,9438216,9783533,AC,A,1
NC_037356.1,NC_032678.1,9458256,9458257,9802734,CA,C,1
NC_037356.1,NC_032678.1,9458268,9458269,9802745,GT,G,1
NC_037356.1,NC_032678.1,9669798,9669799,10014179,AG,A,1
NC_037356.1,NC_032678.1,9736800,9736801,10081433,AG,A,1
NC_037356.1,NC_032678.1,10132646,10132647,10476175,GC,G,1
NC_037356.1,NC_032678.1,10210940,10210941,10553858,TC,T,1
NC_037356.1,NC_032678.1,10360903,10360904,10672358,CT,C,1
NC_037356.1,NC_032678.1,10423944,10423945,11008409,GC,G,1
NC_037356.1,NC_032678.1,10423956,10423957,11008420,AT,A,1
NC_037356.1,NC_032678.1,10423977,10423978,11008440,CT,C,1
NC_037356.1,NC_032678.1,10502717,10502718,10935906,TA,T,1
NC_037356.1,NC_032678.1,10545069,10545070,11059660,TC,T,1
NC_037356.1,NC_032678.1,10557950,10557951,11072554,AG,A,1
NC_037356.1,NC_032678.1,10642432,10642433,11158885,AG,A,1
NC_037356.1,NC_032678.1,10767807,10767808,11279543,AC,A,1
NC_037356.1,NC_032678.1,10831162,10831163,11342912,TA,T,1
NC_037356.1,NC_032678.1,10832354,10832355,11344103,AC,A,1
NC_037356.1,NC_032678.1,10943306,10943311,11454484,ATAAAG,A,5
NC_037356.1,NC_032678.1,11010481,11010483,11520751,ACT,A,2
NC_037356.1,NC_032678.1,11016413,11016414,11526706,AC,A,1
NC_037356.1,NC_032678.1,11017047,11017051,11527339,ACTCT,A,4
NC_037356.1,NC_032678.1,11018205,11018206,11528493,CA,C,1
NC_037356.1,NC_032678.1,11033340,11033341,11543721,GA,G,1
NC_037356.1,NC_032678.1,11035102,11035103,11545480,TG,T,1
NC_037356.1,NC_032678.1,11067256,11067257,11577942,GA,G,1
NC_037356.1,NC_032678.1,11069282,11069283,11579957,TC,T,1
NC_037356.1,NC_032678.1,11080735,11080736,11591135,TC,T,1
NC_037356.1,NC_032678.1,11371385,11371386,12070655,CA,C,1
NC_037356.1,NC_032678.1,11371441,11371442,12070709,GA,G,1
NC_037356.1,NC_032678.1,11750502,11750503,12328852,CT,C,1
NC_037356.1,NC_032678.1,11834390,11834391,12412120,TG,T,1
NC_037356.1,NC_032678.1,11991692,11991693,12572280,CA,C,1
NC_037356.1,NC_032678.1,12030559,12030560,12611205,CA,C,1
NC_037356.1,NC_032678.1,12090792,12090793,12671450,GA,G,1
NC_037356.1,NC_032678.1,12113022,12113023,12693741,TC,T,1
NC_037356.1,NC_032678.1,12200491,12200492,12782061,TG,T,1
NC_037356.1,NC_032678.1,12206469,12206485,12788066,TTGTGGGTGCTCAAGTC,T,16
NC_037356.1,NC_032678.1,12290467,12290468,12872171,CA,C,1
NC_037356.1,NC_032678.1,12300203,12300204,12881873,TC,T,1
NC_037356.1,NC_032678.1,12364653,12364654,12961110,TG,T,1
NC_037356.1,NC_032678.1,12390636,12390637,12988289,TC,T,1
NC_037356.1,NC_032678.1,12919874,12919875,13596199,CA,C,1
NC_037356.1,NC_032678.1,13220527,13220528,13896823,GA,G,1
NC_037356.1,NC_032678.1,13574350,13574351,14321382,CG,C,1
NC_037356.1,NC_032678.1,13584333,13584334,14331654,TC,T,1
NC_037356.1,NC_032678.1,13586605,13586607,14333637,TCA,T,2
NC_037356.1,NC_032678.1,13602372,13602383,14349433,GAATGCTATTTT,G,11
NC_037356.1,NC_032678.1,13657453,13657454,14404321,TG,T,1
NC_037356.1,NC_032678.1,13667129,13667130,14413991,AT,A,1
NC_037356.1,NC_032678.1,13672778,13672796,14419648,TAGCAAGCGATGGGATAGC,T,18
NC_037356.1,NC_032678.1,13677950,13677951,14424805,TC,T,1
NC_037356.1,NC_032678.1,13720914,13720918,14531571,ACTTT,A,4
NC_037356.1,NC_032678.1,13737384,13737385,14548054,CG,C,1
NC_037356.1,NC_032678.1,13922759,13922760,14733910,AG,A,1
NC_037356.1,NC_032678.1,13923477,13923478,14734627,GA,G,1
NC_037356.1,NC_032678.1,13947905,13947908,14759041,TGAC,T,3
NC_037356.1,NC_032678.1,13957291,13957292,14768423,CA,C,1
NC_037356.1,NC_032678.1,13972460,13972461,14783462,TA,T,1
NC_037356.1,NC_032678.1,13978384,13978385,14789384,CT,C,1
NC_037356.1,NC_032678.1,14000043,14000044,14811498,TC,T,1
NC_037356.1,NC_032678.1,14033121,14033122,14844396,AT,A,1
NC_037356.1,NC_032678.1,14151416,14151417,14969831,TC,T,1
NC_037356.1,NC_032678.1,14444944,14444945,15316435,AC,A,1
NC_037356.1,NC_032678.1,14571125,14571127,15442835,TTG,T,2
NC_037356.1,NC_032678.1,14577363,14577364,15449068,GT,G,1
NC_037356.1,NC_032678.1,14579344,14579347,15451048,TCTC,T,3
NC_037356.1,NC_032678.1,14587829,14587830,15459526,TA,T,1
NC_037356.1,NC_032678.1,14624696,14624697,15494900,CT,C,1
NC_037356.1,NC_032678.1,14699893,14699898,15570152,AAACTT,A,5
NC_037356.1,NC_032678.1,14700158,14700159,15570417,GA,G,1
NC_037356.1,NC_032678.1,14763736,14763759,15661547,CCCGGAACATTGAAAATGCCAGAA,C,23
NC_037356.1,NC_032678.1,14800804,14800805,15697682,CG,C,1
NC_037356.1,NC_032678.1,14966524,14966525,15873039,CA,C,1
NC_037356.1,NC_032678.1,15062203,15062204,15968411,AT,A,1
NC_037356.1,NC_032678.1,15766198,15766199,16670827,TC,T,1
NC_037356.1,NC_032678.1,15990921,15990922,16900375,AC,A,1
NC_037356.1,NC_032678.1,16661846,16661847,17568738,TA,T,1
NC_037356.1,NC_032678.1,16661895,16661896,17568786,TC,T,1
NC_037356.1,NC_032678.1,17158062,17158063,18061609,CT,C,1
NC_037356.1,NC_032678.1,17159030,17159032,18062576,CAG,C,2
NC_037356.1,NC_032678.1,17188631,17188633,18103825,AGT,A,2
NC_037356.1,NC_032678.1,17317086,17317087,18231923,CT,C,1
NC_037356.1,NC_032678.1,17317675,17317676,18232512,CT,C,1
NC_037356.1,NC_032678.1,17349619,17349620,18264467,GA,G,1
NC_037356.1,NC_032678.1,17369469,17369470,18284318,TG,T,1
NC_037356.1,NC_032678.1,17407034,17407035,18322183,CA,C,1
NC_037356.1,NC_032678.1,18601698,18601699,19565534,AG,A,1
NC_037356.1,NC_032678.1,18940340,18940341,19920589,CT,C,1
NC_037356.1,NC_032678.1,18940650,18940651,19920898,GA,G,1
NC_037356.1,NC_032678.1,18957990,18957993,19938270,TGAG,T,3
NC_037356.1,NC_032678.1,19075123,19075124,20055765,TC,T,1
NC_037356.1,NC_032678.1,19085033,19085035,20065678,ATC,A,2
NC_037356.1,NC_032678.1,19090754,19090755,20071413,AC,A,1
NC_037356.1,NC_032678.1,19108736,19108737,20090505,CA,C,1
NC_037356.1,NC_032678.1,19108748,19108749,20090516,CA,C,1
NC_037356.1,NC_032678.1,19108773,19108774,20090540,TA,T,1
NC_037356.1,NC_032678.1,19108783,19108784,20090549,GT,G,1
NC_037356.1,NC_032678.1,19109087,19109098,20090849,AAGTAAATGGAC,A,11
NC_037356.1,NC_032678.1,19121170,19121171,20103020,GA,G,1
NC_037356.1,NC_032678.1,19144011,19144012,20123358,TC,T,1
NC_037356.1,NC_032678.1,19147405,19147406,20126750,CT,C,1
NC_037356.1,NC_032678.1,19179226,19179228,20158931,CTT,C,2
NC_037356.1,NC_032678.1,19182355,19182356,20161589,CT,C,1
NC_037356.1,NC_032678.1,19245387,19245388,20228540,CT,C,1
NC_037356.1,NC_032678.1,19273596,19273603,20256916,ACTCTCCC,A,7
NC_037356.1,NC_032678.1,19277854,19277856,20261166,TTC,T,2
NC_037356.1,NC_032678.1,19320353,19320354,20316722,AG,A,1
NC_037356.1,NC_032678.1,19625345,19625346,20625058,TA,T,1
NC_037356.1,NC_032678.1,19625364,19625365,20625076,CT,C,1
NC_037356.1,NC_032678.1,19661874,19661875,20661710,CA,C,1
NC_037356.1,NC_032678.1,19850590,19850592,20848234,GGT,G,2
NC_037356.1,NC_032678.1,19855321,19855327,20853014,CTACTCA,C,6
NC_037356.1,NC_032678.1,19903265,19903267,20901034,TTC,T,2
NC_037356.1,NC_032678.1,20001106,20001107,21005072,TC,T,1
NC_037356.1,NC_032678.1,20019446,20019447,21024327,AT,A,1
NC_037356.1,NC_032678.1,20030139,20030141,21035023,GGA,G,2
NC_037356.1,NC_032678.1,20114148,20114154,21118960,AGCATAT,A,6
NC_037356.1,NC_032678.1,20138048,20138049,21142864,CT,C,1
NC_037356.1,NC_032678.1,20636272,20636273,21777530,AG,A,1
NC_037356.1,NC_032678.1,20655871,20655872,21797132,AG,A,1
NC_037356.1,NC_032678.1,20908392,20908393,22074043,AC,A,1
NC_037356.1,NC_032678.1,20940388,20940393,22108364,TTTTCA,T,5
NC_037356.1,NC_032678.1,21074186,21074187,22241870,AC,A,1
NC_037356.1,NC_032678.1,21126551,21126552,22312120,TA,T,1
NC_037356.1,NC_032678.1,21126665,21126667,22312232,TTA,T,2
NC_037356.1,NC_032678.1,21159099,21159100,22350032,TG,T,1
NC_037356.1,NC_032678.1,21179385,21179386,22370362,CA,C,1
NC_037356.1,NC_032678.1,21179391,21179392,22370367,GT,G,1
NC_037356.1,NC_032678.1,21215675,21215676,22406657,AT,A,1
NC_037356.1,NC_032678.1,21231180,21231181,22422164,CT,C,1
NC_037356.1,NC_032678.1,21233021,21233022,22424003,AG,A,1
NC_037356.1,NC_032678.1,21233318,21233382,22424294,TATGCAGGTGACTTTTTTCATGGGTGCATACTTATCTCCAGTCTCAACAAATTATGTCCATTATC,T,64
NC_037356.1,NC_032678.1,21383594,21383595,22555169,TC,T,1
NC_037356.1,NC_032678.1,21409628,21409629,22606473,GA,G,1
NC_037356.1,NC_032678.1,21509817,21509818,22706669,TA,T,1
NC_037356.1,NC_032678.1,21509884,21509885,22706734,CA,C,1
NC_037356.1,NC_032678.1,21519292,21519293,22715934,AG,A,1
NC_037356.1,NC_032678.1,21519687,21519688,22716333,GA,G,1
NC_037356.1,NC_032678.1,21519919,21519920,22716564,GA,G,1
NC_037356.1,NC_032678.1,21521142,21521143,22718274,AC,A,1
NC_037356.1,NC_032678.1,21568768,21568769,22768684,CG,C,1
NC_037356.1,NC_032678.1,21720373,21720374,22895397,CT,C,1
NC_037356.1,NC_032678.1,21722116,21722117,22897136,CA,C,1
NC_037356.1,NC_032678.1,21728352,21728353,22903379,TA,T,1
NC_037356.1,NC_032678.1,21747918,21747919,22922969,CT,C,1
NC_037356.1,NC_032678.1,22072952,22072953,23217383,AG,A,1
NC_037356.1,NC_032678.1,22079893,22079894,23224332,AG,A,1
NC_037356.1,NC_032678.1,22079918,22079919,23224356,AC,A,1
NC_037356.1,NC_032678.1,22143122,22143123,23291089,AT,A,1
NC_037356.1,NC_032678.1,22301443,22301444,23449012,CA,C,1
NC_037356.1,NC_032678.1,22322809,22322810,23470577,GT,G,1
NC_037356.1,NC_032678.1,22424786,22424787,23574241,AT,A,1
NC_037356.1,NC_032678.1,22424810,22424811,23574263,GC,G,1
NC_037356.1,NC_032678.1,22576269,22576270,23726388,AT,A,1
NC_037356.1,NC_032678.1,22685510,22685512,23835621,CTT,C,2
NC_037356.1,NC_032678.1,22696590,22696591,23846724,TC,T,1
NC_037356.1,NC_032678.1,22947737,22947738,24102775,TA,T,1
NC_037356.1,NC_032678.1,22951127,22951134,24106170,GACCCAGA,G,7
NC_037356.1,NC_032678.1,22991961,22991962,24148844,AG,A,1
NC_037356.1,NC_032678.1,23065365,23065366,24222315,GT,G,1
NC_037356.1,NC_032678.1,23066993,23066994,24223940,GT,G,1
NC_037356.1,NC_032678.1,23067082,23067083,24224028,CA,C,1
NC_037356.1,NC_032678.1,23091234,23091235,24248170,TC,T,1
NC_037356.1,NC_032678.1,23096666,23096667,24253746,AG,A,1
NC_037356.1,NC_032678.1,23117788,23117789,24270564,TG,T,1
NC_037356.1,NC_032678.1,23126188,23126189,24279876,AC,A,1
NC_037356.1,NC_032678.1,23137517,23137518,24291272,GA,G,1
NC_037356.1,NC_032678.1,23152394,23152395,24326202,TG,T,1
NC_037356.1,NC_032678.1,23152395,23152396,24306158,GC,G,1
NC_037356.1,NC_032678.1,23153742,23153743,24327552,AT,A,1
NC_037356.1,NC_032678.1,23168140,23168141,24341950,TC,T,1
NC_037356.1,NC_032678.1,23174842,23174843,24348670,CA,C,1
NC_037356.1,NC_032678.1,23178403,23178404,24352230,AT,A,1
NC_037356.1,NC_032678.1,23184806,23184807,24358635,CA,C,1
NC_037356.1,NC_032678.1,23196736,23196744,24385637,GCACCCTTC,G,8
NC_037356.1,NC_032678.1,23215579,23215592,24402715,GACTTGCCTTCAAC,G,13
NC_037356.1,NC_032678.1,23238748,23238749,24425675,CT,C,1
NC_037356.1,NC_032678.1,23329510,23329511,24516558,AT,A,1
NC_037356.1,NC_032678.1,23342350,23342352,24529402,CAA,C,2
NC_037356.1,NC_032678.1,23352593,23352594,24539344,TG,T,1
NC_037356.1,NC_032678.1,23486533,23486534,24675569,TA,T,1
NC_037356.1,NC_032678.1,23529530,23529531,24718567,GA,G,1
NC_037356.1,NC_032678.1,23529537,23529538,24718573,TG,T,1
NC_037356.1,NC_032678.1,23529550,23529551,24718585,AT,A,1
NC_037356.1,NC_032678.1,23530322,23530350,24719355,GTGTTGAACAGCCCCTTGATCCCCAGGCA,G,28
NC_037356.1,NC_032678.1,23685352,23685353,24799889,GT,G,1
NC_037356.1,NC_032678.1,23707656,23707657,24822241,CA,C,1
NC_037356.1,NC_032678.1,23733501,23733502,24848086,TG,T,1
NC_037356.1,NC_032678.1,23744950,23744951,24891313,TC,T,1
NC_037356.1,NC_032678.1,23765584,23765585,24911536,CT,C,1
NC_037356.1,NC_032678.1,24107010,24107019,25251614,CCTGAGTCCT,C,9
NC_037356.1,NC_032678.1,24301165,24301166,25497722,AT,A,1
NC_037356.1,NC_032678.1,24795731,24795732,25990336,CA,C,1
NC_037356.1,NC_032678.1,24883401,24883403,26078104,CAG,C,2
NC_037356.1,NC_032678.1,24998320,24998321,26192015,CT,C,1
NC_037356.1,NC_032678.1,24998975,24998976,26192666,CA,C,1
NC_037356.1,NC_032678.1,25326222,25326223,26514280,AG,A,1
NC_037356.1,NC_032678.1,25326250,25326251,26514307,AG,A,1
NC_037356.1,NC_032678.1,25326272,25326274,26514328,GGC,G,2
NC_037356.1,NC_032678.1,25326315,25326316,26514369,AG,A,1
NC_037356.1,NC_032678.1,25326327,25326329,26514380,GGA,G,2
NC_037356.1,NC_032678.1,25326365,25326366,26514416,GC,G,1
NC_037356.1,NC_032678.1,25491361,25491362,26679480,GA,G,1
NC_037356.1,NC_032678.1,25491769,25491770,26679887,CA,C,1
NC_037356.1,NC_032678.1,25543420,25543421,26730903,GA,G,1
NC_037356.1,NC_032678.1,25729169,25729170,26918335,TG,T,1
NC_037356.1,NC_032678.1,25973660,25973661,27209540,CT,C,1
NC_037356.1,NC_032678.1,26019705,26019706,27256242,GT,G,1
NC_037356.1,NC_032678.1,26099245,26099247,27336515,TGG,T,2
NC_037356.1,NC_032678.1,26125245,26125246,27362521,TC,T,1
NC_037356.1,NC_032678.1,26233280,26233282,27510777,CTT,C,2
NC_037356.1,NC_032678.1,26412083,26412084,27689885,TA,T,1
NC_037356.1,NC_032678.1,26480815,26480816,27756943,CG,C,1
NC_037356.1,NC_032678.1,26487395,26487396,27763524,TA,T,1
NC_037356.1,NC_032678.1,26585200,26585201,27862225,GT,G,1
NC_037356.1,NC_032678.1,26585223,26585224,27862247,TA,T,1
NC_037356.1,NC_032678.1,26673683,26673684,27952824,CA,C,1
NC_037356.1,NC_032678.1,26676710,26676711,27955851,TG,T,1
NC_037356.1,NC_032678.1,26676718,26676748,27955858,AGAGAGTTGCTTGAATATTTTAGATATGAAT,A,30
NC_037356.1,NC_032678.1,26705860,26705861,27984984,TG,T,1
NC_037356.1,NC_032678.1,26705939,26705940,27985062,GC,G,1
NC_037356.1,NC_032678.1,26708200,26708201,27987334,TG,T,1
NC_037356.1,NC_032678.1,26722929,26722930,28001957,TA,T,1
NC_037356.1,NC_032678.1,26829073,26829074,28010060,TG,T,1
NC_037356.1,NC_032678.1,26836046,26836047,28017034,CT,C,1
NC_037356.1,NC_032678.1,26848302,26848303,28029258,AC,A,1
NC_037356.1,NC_032678.1,26864977,26864978,28045957,CT,C,1
NC_037356.1,NC_032678.1,26885453,26885454,28066292,GA,G,1
NC_037356.1,NC_032678.1,26885510,26885512,28066348,TAA,T,2
NC_037356.1,NC_032678.1,26979395,26979396,28162031,CA,C,1
NC_037356.1,NC_032678.1,27156617,27156618,28341595,AT,A,1
NC_037356.1,NC_032678.1,27156625,27156626,28341602,CA,C,1
NC_037356.1,NC_032678.1,27156634,27156635,28341610,AT,A,1
NC_037356.1,NC_032678.1,27209834,27209835,28394802,GA,G,1
NC_037356.1,NC_032678.1,27212429,27212430,28397389,TC,T,1
NC_037356.1,NC_032678.1,27217738,27217739,28402740,TG,T,1
NC_037356.1,NC_032678.1,27217878,27217879,28402879,AC,A,1
NC_037356.1,NC_032678.1,27225576,27225577,28410591,TG,T,1
NC_037356.1,NC_032678.1,27237882,27237883,28426154,CT,C,1
NC_037356.1,NC_032678.1,27290445,27290446,28486838,TC,T,1
NC_037356.1,NC_032678.1,27300167,27300169,28683281,ACC,A,2
NC_037356.1,NC_032678.1,27300177,27300178,28683289,GC,G,1
NC_037356.1,NC_032678.1,27301698,27301699,28683976,GA,G,1
NC_037356.1,NC_032678.1,27301745,27301763,28684022,CTAGGAAAGTGTATGTACA,C,18
NC_037356.1,NC_032678.1,27328854,27328855,28711239,CA,C,1
NC_037356.1,NC_032678.1,27341466,27341471,28723833,ACATTC,A,5
NC_037356.1,NC_032678.1,27387658,27387659,28622484,CT,C,1
NC_037356.1,NC_032678.1,27458634,27458636,28884375,CTG,C,2
NC_037356.1,NC_032678.1,27524662,27524663,28950166,GT,G,1
NC_037356.1,NC_032678.1,27544937,27544938,28970506,TG,T,1
NC_037356.1,NC_032678.1,27556319,27556320,28981894,CT,C,1
NC_037356.1,NC_032678.1,27559368,27559369,29121149,TG,T,1
NC_037356.1,NC_032678.1,27559368,27559369,28990032,TG,T,1
NC_037356.1,NC_032678.1,27619315,27619316,29101198,CG,C,1
NC_037356.1,NC_032678.1,27707412,27707413,29178667,TA,T,1
NC_037356.1,NC_032678.1,27825353,27825354,29301150,CT,C,1
NC_037356.1,NC_032678.1,28237768,28237769,29708452,AG,A,1
NC_037356.1,NC_032678.1,28237778,28237780,29708461,TGG,T,2
NC_037356.1,NC_032678.1,28237791,28237792,29708472,AG,A,1
NC_037356.1,NC_032678.1,28237831,28237832,29708510,GT,G,1
NC_037356.1,NC_032678.1,28351322,28351323,29894988,CT,C,1
NC_037356.1,NC_032678.1,28385227,28385228,29928603,CT,C,1
NC_037356.1,NC_032678.1,28447077,28447078,29990604,AG,A,1
NC_037356.1,NC_032678.1,28464948,28464949,30008597,CT,C,1
NC_037356.1,NC_032678.1,28543901,28543902,30086773,CT,C,1
NC_037356.1,NC_032678.1,28639332,28639338,30184894,TGGTGGA,T,6
NC_037356.1,NC_032678.1,28864664,28864665,30418567,AG,A,1
NC_037356.1,NC_032678.1,28870527,28870528,30424398,TC,T,1
NC_037356.1,NC_032678.1,28952004,28952005,30507201,CA,C,1
NC_037356.1,NC_032678.1,29119317,29119318,30673699,AC,A,1
NC_037356.1,NC_032678.1,29151067,29151068,30705443,CG,C,1
NC_037356.1,NC_032678.1,29155657,29155659,30710036,CCA,C,2
NC_037356.1,NC_032678.1,29174917,29174918,30729300,CA,C,1
NC_037356.1,NC_032678.1,29348108,29348109,30903253,GA,G,1
NC_037356.1,NC_032678.1,29422982,29423030,30977936,AGGTGTGTTATCACCTATCATAGGTTATCGTCCCTATGACGGTGAGAAG,A,48
NC_037356.1,NC_032678.1,29527324,29527325,31082257,CT,C,1
NC_037356.1,NC_032678.1,29531808,29531811,31086743,GATC,G,3
NC_037356.1,NC_032678.1,29628507,29628508,31224954,AG,A,1
NC_037356.1,NC_032678.1,29628827,29628837,31226540,TGTTGAGAGGA,T,10
NC_037356.1,NC_032678.1,29731075,29731076,31367545,TA,T,1
NC_037356.1,NC_032678.1,29759999,29760000,31396470,TG,T,1
NC_037356.1,NC_032678.1,29886781,29886783,31522798,GGT,G,2
NC_037356.1,NC_032678.1,29886789,29886790,31522804,CT,C,1
NC_037356.1,NC_032678.1,29886804,29886805,31522818,TG,T,1
NC_037356.1,NC_032678.1,30253858,30253864,31889801,GAGCGGC,G,6
NC_037356.1,NC_032678.1,30256405,30256407,31892347,TTA,T,2
NC_037356.1,NC_032678.1,30256906,30256907,31892846,CT,C,1
NC_037356.1,NC_032678.1,30257903,30257904,31893842,AG,A,1
NC_037356.1,NC_032678.1,30319975,30319976,31954624,TC,T,1
NC_037356.1,NC_032678.1,30353830,30353834,31988488,TTAAC,T,4
NC_037356.1,NC_032678.1,30380156,30380161,32014819,TCCAGC,T,5
NC_037356.1,NC_032678.1,30473908,30473909,32109094,GA,G,1
NC_037356.1,NC_032678.1,30520088,30520089,32152112,TA,T,1
NC_037356.1,NC_032678.1,30540605,30540628,32172629,TAGACTCCATGCATTCCAGCTAAG,T,23
NC_037356.1,NC_032678.1,30561067,30561071,32192348,ACAGG,A,4
NC_037356.1,NC_032678.1,30574622,30574623,32205864,CG,C,1
NC_037356.1,NC_032678.1,30724373,30724376,32289872,ACAG,A,3
NC_037356.1,NC_032678.1,30854617,30854618,32518002,GA,G,1
NC_037356.1,NC_032678.1,30855584,30855585,32518953,CG,C,1
NC_037356.1,NC_032678.1,30957205,30957206,32620584,AC,A,1
NC_037356.1,NC_032678.1,30994647,30994656,32658115,TGTCTTCTAG,T,9
NC_037356.1,NC_032678.1,31054054,31054055,32717541,AT,A,1
NC_037356.1,NC_032678.1,31145922,31145924,32811991,ATG,A,2
NC_037356.1,NC_032678.1,31325270,31325272,32991932,TAG,T,2
NC_037356.1,NC_032678.1,31739614,31739615,33406668,TG,T,1
NC_037356.1,NC_032678.1,31741622,31741624,33408675,CCG,C,2
NC_037356.1,NC_032678.1,31973357,31973358,33641848,AC,A,1
NC_037356.1,NC_032678.1,32102306,32102307,33767203,CA,C,1
NC_037356.1,NC_032678.1,32450616,32450617,34116181,AT,A,1
NC_037356.1,NC_032678.1,32939763,32939765,34470562,CCT,C,2
NC_037356.1,NC_032678.1,32939770,32939771,34470567,GC,G,1
NC_037356.1,NC_032678.1,32939777,32939778,34470573,GA,G,1
NC_037356.1,NC_032678.1,32939791,32939792,34470586,AC,A,1
NC_037356.1,NC_032678.1,32940926,32940928,34471718,AAC,A,2
NC_037356.1,NC_032678.1,32940984,32940986,34471772,CCA,C,2
NC_037356.1,NC_032678.1,32940997,32940999,34471783,CCA,C,2
NC_037356.1,NC_032678.1,32941007,32941008,34471791,TC,T,1
NC_037356.1,NC_032678.1,32941161,32941164,34471942,AAAG,A,3
NC_037356.1,NC_032678.1,33033263,33033264,34564686,CA,C,1
NC_037356.1,NC_032678.1,33033390,33033391,34564812,GC,G,1
NC_037356.1,NC_032678.1,33263477,33263478,34792204,TG,T,1
NC_037356.1,NC_032678.1,33265822,33265823,34794722,TA,T,1
NC_037356.1,NC_032678.1,33370674,33370675,34934305,TC,T,1
NC_037356.1,NC_032678.1,33372477,33372478,34936107,CT,C,1
NC_037356.1,NC_032678.1,33443303,33443304,35011936,GT,G,1
NC_037356.1,NC_032678.1,33443826,33443827,35012458,AT,A,1
NC_037356.1,NC_032678.1,33444531,33444532,35013163,AT,A,1
NC_037356.1,NC_032678.1,33494556,33494557,35107707,TC,T,1
NC_037356.1,NC_032678.1,33516573,33516574,35129787,TA,T,1
NC_037356.1,NC_032678.1,33593613,33593614,35170972,CA,C,1
NC_037356.1,NC_032678.1,33757140,33757141,35332245,TG,T,1
NC_037356.1,NC_032678.1,33760106,33760107,35335123,TC,T,1
NC_037356.1,NC_032678.1,33801666,33801667,35376687,AC,A,1
NC_037356.1,NC_032678.1,33906341,33906360,35481373,GAATGCCACTGAATGCACCC,G,19
NC_037356.1,NC_032678.1,33906341,33906360,35489353,GAATGCCACTGAATGCACCC,G,19
NC_037356.1,NC_032678.1,34094736,34094737,35723205,GC,G,1
NC_037356.1,NC_032678.1,34097593,34097596,35726060,TTTG,T,3
NC_037356.1,NC_032678.1,34097600,34097601,35726064,AC,A,1
NC_037356.1,NC_032678.1,34136781,34136782,35765246,AT,A,1
NC_037356.1,NC_032678.1,34136790,34136791,35765254,TG,T,1
NC_037356.1,NC_032678.1,34136796,34136797,35765259,TC,T,1
NC_037356.1,NC_032678.1,34136806,34136807,35765268,TG,T,1
NC_037356.1,NC_032678.1,34136818,34136819,35765279,TG,T,1
NC_037356.1,NC_032678.1,34139780,34139781,35768242,TA,T,1
NC_037356.1,NC_032678.1,34139789,34139790,35768250,AG,A,1
NC_037356.1,NC_032678.1,34139809,34139810,35768269,CA,C,1
NC_037356.1,NC_032678.1,34139841,34139842,35768300,GC,G,1
NC_037356.1,NC_032678.1,34165847,34165850,35794313,ACTG,A,3
NC_037356.1,NC_032678.1,34174975,34174976,35803440,AG,A,1
NC_037356.1,NC_032678.1,34663513,34663514,36362398,AG,A,1
NC_037356.1,NC_032678.1,34760485,34760486,36459704,CA,C,1
NC_037356.1,NC_032678.1,34765557,34765558,36464769,GT,G,1
NC_037356.1,NC_032678.1,34770332,34770333,36469540,AC,A,1
NC_037356.1,NC_032678.1,34792226,34792227,36492127,AG,A,1
NC_037356.1,NC_032678.1,34792259,34792260,36492159,AT,A,1
NC_037356.1,NC_032678.1,34792264,34792265,36492163,TC,T,1
NC_037356.1,NC_032678.1,34861952,34861953,36564338,AC,A,1
NC_037356.1,NC_032678.1,35045051,35045052,36747572,GA,G,1
NC_037356.1,NC_032678.1,35120670,35120671,36856733,TG,T,1
NC_037356.1,NC_032678.1,35120884,35120964,36856946,ACACATCCTCAATGGCCTGCACATCCTTCCTCTACATCCTACACATCCTCAATGGCCTGCACATCCTTCCTCTACATCCTG,A,80
NC_037356.1,NC_032678.1,35230375,35230377,36966778,CTT,C,2
NC_037356.1,NC_032678.1,35498795,35498796,37227995,TG,T,1
NC_037356.1,NC_032678.1,35503927,35503930,37233126,CCCG,C,3
NC_037356.1,NC_032678.1,35981371,35981372,37573203,CA,C,1
NC_037356.1,NC_032678.1,35984760,35984763,37576607,AATG,A,3
NC_037356.1,NC_032678.1,35991779,35991780,37583625,GA,G,1
NC_037356.1,NC_032678.1,36010404,36010405,37679174,GC,G,1
NC_037356.1,NC_032678.1,36010534,36010535,37679303,GA,G,1
NC_037356.1,NC_032678.1,36016445,36016446,37685215,AT,A,1
NC_037356.1,NC_032678.1,36048251,36048261,37716861,AAATGCTTAGG,A,10
NC_037356.1,NC_032678.1,36081446,36081447,37790206,AC,A,1
NC_037356.1,NC_032678.1,36091499,36091500,37800259,CA,C,1
NC_037356.1,NC_032678.1,36091593,36091594,37800352,AC,A,1
NC_037356.1,NC_032678.1,37160824,37160835,38908515,TATTGTTCTGAA,T,11
NC_037356.1,NC_032678.1,37231814,37231815,38979557,CA,C,1
NC_037356.1,NC_032678.1,37312521,37312522,39060354,CT,C,1
NC_037356.1,NC_032678.1,37330439,37330441,39078274,TTC,T,2
NC_037356.1,NC_032678.1,37330475,37330476,39078307,AT,A,1
NC_037356.1,NC_032678.1,37330487,37330488,39078318,GA,G,1
NC_037356.1,NC_032678.1,37441090,37441092,39188831,GGA,G,2
NC_037356.1,NC_032678.1,37549879,37549880,39297611,GT,G,1
NC_037356.1,NC_032678.1,37621296,37621297,39369092,AT,A,1
NC_037356.1,NC_032678.1,37681835,37681836,39429671,GC,G,1
NC_037356.1,NC_032678.1,37797208,37797209,39543870,TA,T,1
NC_037356.1,NC_032678.1,37812497,37812498,39559161,GT,G,1
NC_037356.1,NC_032678.1,37837351,37837352,39583887,GC,G,1
NC_037356.1,NC_032678.1,38408774,38408775,40145466,AC,A,1
NC_037356.1,NC_032678.1,38532737,38532738,40268604,TA,T,1
NC_037356.1,NC_032678.1,38770825,38770836,40606344,ACAGACCCTTGG,A,11
NC_037356.1,NC_032678.1,38770983,38770988,40606492,GCCATT,G,5
NC_037356.1,NC_032678.1,38771814,38771818,40607318,ATAAT,A,4
NC_037356.1,NC_032678.1,38832114,38832115,40473678,GA,G,1
NC_037356.1,NC_032678.1,39091119,39091120,40673067,AG,A,1
NC_037356.1,NC_032678.1,39179257,39179258,40760772,TG,T,1
NC_037356.1,NC_032678.1,39605367,39605368,41272673,AC,A,1
NC_037356.1,NC_032678.1,39623204,39623209,41290576,ACAGTT,A,5
NC_037356.1,NC_032678.1,39635422,39635423,41302842,CT,C,1
NC_037356.1,NC_032678.1,39635449,39635451,41302868,GCC,G,2
NC_037356.1,NC_032678.1,39637156,39637157,41304572,GA,G,1
NC_037356.1,NC_032678.1,39639555,39639556,41306971,GA,G,1
NC_037356.1,NC_032678.1,39670044,39670045,41337497,GA,G,1
NC_037356.1,NC_032678.1,39707801,39707802,41375490,CT,C,1
NC_037356.1,NC_032678.1,40109103,40109104,41775389,CA,C,1
NC_037356.1,NC_032678.1,40149878,40149879,41815615,CA,C,1
NC_037356.1,NC_032678.1,40234945,40234946,41900943,CA,C,1
NC_037356.1,NC_032678.1,40485484,40485485,42134544,CT,C,1
NC_037356.1,NC_032678.1,40567706,40567708,42236049,GAA,G,2
NC_037356.1,NC_032678.1,40646620,40646631,42345683,CTTGGGGCTTGG,C,11
NC_037356.1,NC_032678.1,40672375,40672376,42370486,AG,A,1
NC_037356.1,NC_032678.1,40716492,40716494,42416052,AAC,A,2
NC_037356.1,NC_032678.1,40716512,40716514,42416070,ACC,A,2
NC_037356.1,NC_032678.1,41078478,41078479,42774673,AC,A,1
NC_037356.1,NC_032678.1,41871969,41871970,43574555,AC,A,1
NC_037356.1,NC_032678.1,41887568,41887569,43615056,TA,T,1
NC_037356.1,NC_032678.1,41935238,41935239,43599966,CA,C,1
NC_037356.1,NC_032678.1,41935677,41935678,43600405,TC,T,1
NC_037356.1,NC_032678.1,42128366,42128367,43850878,CG,C,1
NC_037356.1,NC_032678.1,42169101,42169102,43891620,CA,C,1
NC_037356.1,NC_032678.1,42567018,42567019,44359349,CT,C,1
NC_037356.1,NC_032678.1,42617263,42617269,44409665,TGGCCTC,T,6
NC_037356.1,NC_032678.1,42652506,42652507,44444904,CT,C,1
NC_037356.1,NC_032678.1,42673411,42673412,44465828,TC,T,1
NC_037356.1,NC_032678.1,42678315,42678316,44470805,TC,T,1
NC_037356.1,NC_032678.1,43061100,43061101,44959166,CA,C,1
NC_037356.1,NC_032678.1,43067229,43067230,44965322,CG,C,1
NC_037356.1,NC_032678.1,43518136,43518137,45443924,GC,G,1
NC_037356.1,NC_032678.1,43578264,43578265,45504074,AG,A,1
NC_037356.1,NC_032678.1,43624393,43624394,45597907,CT,C,1
NC_037356.1,NC_032678.1,43856791,43856802,45830341,TGGCTATGGTTG,T,11
NC_037356.1,NC_032678.1,43857990,43857991,45831529,GT,G,1
NC_037356.1,NC_032678.1,43908736,43908737,45881830,TA,T,1
NC_037356.1,NC_032678.1,43934840,43934841,45906530,AT,A,1
NC_037356.1,NC_032678.1,44059926,44059927,46069154,GT,G,1
NC_037356.1,NC_032678.1,44064204,44064212,46073431,CTGGGAGTT,C,8
NC_037356.1,NC_032678.1,44105601,44105602,46114828,TA,T,1
NC_037356.1,NC_032678.1,44105672,44105673,46114897,TC,T,1
NC_037356.1,NC_032678.1,44172014,44172015,46181248,AG,A,1
NC_037356.1,NC_032678.1,44378002,44378003,46373444,CT,C,1
NC_037356.1,NC_032678.1,44411522,44411523,46406923,GT,G,1
NC_037356.1,NC_032678.1,44415936,44415937,46411335,GT,G,1
NC_037356.1,NC_032678.1,44467456,44467457,46463088,CT,C,1
NC_037356.1,NC_032678.1,44684793,44684794,46708982,TG,T,1
NC_037356.1,NC_032678.1,44884591,44884592,46908111,TC,T,1
NC_037356.1,NC_032678.1,44889622,44889623,46913141,TC,T,1
NC_037356.1,NC_032678.1,44893324,44893335,46916854,TGCGATTTCGGA,T,11
NC_037356.1,NC_032678.1,44941519,44941521,46965619,TTC,T,2
NC_037356.1,NC_032678.1,44995323,44995325,47019686,GGC,G,2
NC_037356.1,NC_032678.1,45005463,45005464,47029823,TA,T,1
NC_037356.1,NC_032678.1,45212781,45212782,47239709,GA,G,1
NC_037356.1,NC_032678.1,45252095,45252096,47279550,CA,C,1
NC_037356.1,NC_032678.1,45352768,45352769,47425181,AG,A,1
NC_037356.1,NC_032678.1,45444751,45444752,47516505,TC,T,1
NC_037356.1,NC_032678.1,45462601,45462602,47534361,CA,C,1
NC_037356.1,NC_032678.1,45463537,45463538,47535296,GC,G,1
NC_037356.1,NC_032678.1,45944759,45944760,47869716,CT,C,1
NC_037356.1,NC_032678.1,46103080,46103081,48028371,CA,C,1
NC_037356.1,NC_032678.1,46347647,46347648,48274319,AC,A,1
NC_037356.1,NC_032678.1,46352983,46352984,48279645,TC,T,1
NC_037356.1,NC_032678.1,46365135,46365136,48291802,AG,A,1
NC_037356.1,NC_032678.1,46446118,46446119,48372798,AT,A,1
NC_037356.1,NC_032678.1,46528604,46528605,48455261,GT,G,1
NC_037356.1,NC_032678.1,46533204,46533205,48459896,TA,T,1
NC_037356.1,NC_032678.1,46873842,46873843,48837183,GC,G,1
NC_037356.1,NC_032678.1,46979373,46979379,48941007,CACTTAA,C,6
NC_037356.1,NC_032678.1,47056279,47056280,49016938,AG,A,1
NC_037356.1,NC_032678.1,47057672,47057675,49018330,TGTC,T,3
NC_037356.1,NC_032678.1,47087883,47087884,49048539,TG,T,1
NC_037356.1,NC_032678.1,47098683,47098685,49059242,GGT,G,2
NC_037356.1,NC_032678.1,47098703,47098704,49059260,TG,T,1
NC_037356.1,NC_032678.1,47120903,47120904,49081468,CA,C,1
NC_037356.1,NC_032678.1,47120920,47120921,49081484,GT,G,1
NC_037356.1,NC_032678.1,47151695,47151697,49112285,GGA,G,2
NC_037356.1,NC_032678.1,47152057,47152059,49112645,CCT,C,2
NC_037356.1,NC_032678.1,47178677,47178690,49139265,GTCGGGCCAGGCCT,G,13
NC_037356.1,NC_032678.1,47178956,47178961,49139531,TCAGAA,T,5
NC_037356.1,NC_032678.1,47251297,47251298,49211873,CT,C,1
NC_037356.1,NC_032678.1,47252580,47252581,49213155,TG,T,1
NC_037356.1,NC_032678.1,47345938,47345939,49306597,AT,A,1
NC_037356.1,NC_032678.1,47351189,47351190,49311847,TC,T,1
NC_037356.1,NC_032678.1,47351198,47351199,49311855,TA,T,1
NC_037356.1,NC_032678.1,47351236,47351237,49311891,AG,A,1
NC_037356.1,NC_032678.1,47384000,47384006,49344656,CTGACGT,C,6
NC_037356.1,NC_032678.1,47384217,47384225,49344868,ATGGCAGGC,A,8
NC_037356.1,NC_032678.1,47391276,47391277,49352346,AT,A,1
NC_037356.1,NC_032678.1,47541327,47541328,49502813,GC,G,1
NC_037356.1,NC_032678.1,47544287,47544289,49505773,TAA,T,2
NC_037356.1,NC_032678.1,47687613,47687614,49651549,AT,A,1
NC_037356.1,NC_032678.1,47690887,47690888,49654825,AC,A,1
NC_037356.1,NC_032678.1,47717364,47717365,49681305,AT,A,1
NC_037356.1,NC_032678.1,47742509,47742510,49706743,AG,A,1
NC_037356.1,NC_032678.1,47742555,47742556,49706786,CA,C,1
NC_037356.1,NC_032678.1,47742592,47742593,49706821,CG,C,1
NC_037356.1,NC_032678.1,47762213,47762214,49726449,GC,G,1
NC_037356.1,NC_032678.1,47791579,47791580,49755943,CA,C,1
NC_037356.1,NC_032678.1,47831732,47831734,49796942,AAC,A,2
NC_037356.1,NC_032678.1,47851028,47851030,49816237,CCT,C,2
NC_037356.1,NC_032678.1,47851052,47851054,49816259,GGC,G,2
NC_037356.1,NC_032678.1,47869094,47869095,49834302,GA,G,1
NC_037356.1,NC_032678.1,47883030,47883031,49848246,CT,C,1
NC_037356.1,NC_032678.1,47897031,47897042,49862135,GGGGCGGGGAGC,G,11
NC_037356.1,NC_032678.1,48013786,48013788,49978919,TGC,T,2
NC_037356.1,NC_032678.1,48057070,48057071,50022313,GA,G,1
NC_037356.1,NC_032678.1,48156996,48156997,50122412,AT,A,1
NC_037356.1,NC_032678.1,48238914,48238915,50219010,GA,G,1
NC_037356.1,NC_032678.1,48238962,48238963,50219058,CT,C,1
NC_037356.1,NC_032678.1,48238975,48238976,50219070,TC,T,1
NC_037356.1,NC_032678.1,48238990,48238991,50219084,TA,T,1
NC_037356.1,NC_032678.1,48239025,48239026,50219118,TA,T,1
NC_037356.1,NC_032678.1,48239044,48239045,50219136,CT,C,1
NC_037356.1,NC_032678.1,48239151,48239152,50219242,AG,A,1
NC_037356.1,NC_032678.1,48239205,48239206,50219295,CA,C,1
NC_037356.1,NC_032678.1,48239233,48239234,50219322,AC,A,1
NC_037356.1,NC_032678.1,48239353,48239354,50219442,TC,T,1
NC_037356.1,NC_032678.1,48240045,48240046,50220135,TC,T,1
NC_037356.1,NC_032678.1,48240104,48240105,50220193,AG,A,1
NC_037356.1,NC_032678.1,48240148,48240149,50220237,CA,C,1
NC_037356.1,NC_032678.1,48241750,48241751,50221869,GC,G,1
NC_037356.1,NC_032678.1,48313752,48313753,50293856,AT,A,1
NC_037356.1,NC_032678.1,48313794,48313795,50293897,TA,T,1
NC_037356.1,NC_032678.1,48316725,48316726,50296828,GA,G,1
NC_037356.1,NC_032678.1,48473551,48473552,50450885,CG,C,1
NC_037356.1,NC_032678.1,48576350,48576351,50553248,CT,C,1
NC_037356.1,NC_032678.1,48717090,48717091,50693951,CT,C,1
NC_037356.1,NC_032678.1,48761723,48761724,50738116,GA,G,1
NC_037356.1,NC_032678.1,48761729,48761730,50738121,AG,A,1
NC_037356.1,NC_032678.1,48761739,48761740,50738130,CG,C,1
NC_037356.1,NC_032678.1,48761754,48761755,50738144,AG,A,1
NC_037356.1,NC_032678.1,48791725,48791727,50768275,CTG,C,2
NC_037356.1,NC_032678.1,48801756,48801757,50778307,CT,C,1
NC_037356.1,NC_032678.1,48918617,48918618,50895521,CA,C,1
NC_037356.1,NC_032678.1,48918621,48918622,50895524,GC,G,1
NC_037356.1,NC_032678.1,48918630,48918631,50895532,GC,G,1
NC_037356.1,NC_032678.1,48918640,48918642,50895541,CCA,C,2
NC_037356.1,NC_032678.1,48918734,48918735,50895633,CA,C,1
NC_037356.1,NC_032678.1,49342494,49342495,51308319,AG,A,1
NC_037356.1,NC_032678.1,49342569,49342570,51308391,AG,A,1
NC_037356.1,NC_032678.1,49342573,49342576,51308394,CAAG,C,3
NC_037356.1,NC_032678.1,49356547,49356548,51322109,CA,C,1
NC_037356.1,NC_032678.1,49525294,49525295,51490904,CT,C,1
NC_037356.1,NC_032678.1,49538584,49538585,51524944,AC,A,1
NC_037356.1,NC_032678.1,49554024,49554025,51539929,TG,T,1
NC_037356.1,NC_032678.1,49614989,49614990,51601007,GA,G,1
NC_037356.1,NC_032678.1,49652392,49652393,51638414,CA,C,1
NC_037356.1,NC_032678.1,49866679,49866681,51861994,GAC,G,2
NC_037356.1,NC_032678.1,49872572,49872573,51867941,AG,A,1
NC_037356.1,NC_032678.1,49893720,49893721,51889175,GA,G,1
NC_037356.1,NC_032678.1,49921121,49921122,51910917,AG,A,1
NC_037356.1,NC_032678.1,49972021,49972022,52004541,CT,C,1
