Reference ID,Query ID,Reference POS,Reference END,Query POS,REF,ALT,SVLEN
NC_037343.1,NC_032665.1,1164404,1164405,153580,CT,C,1
NC_037343.1,NC_032665.1,1213696,1213697,202900,GA,G,1
NC_037343.1,NC_032665.1,1215966,1215967,205169,AC,A,1
NC_037343.1,NC_032665.1,1362366,1362373,352966,TTTGACAC,T,7
NC_037343.1,NC_032665.1,1865673,1865674,863650,GT,G,1
NC_037343.1,NC_032665.1,1865712,1865713,863688,CT,C,1
NC_037343.1,NC_032665.1,2291632,2291633,1291530,AG,A,1
NC_037343.1,NC_032665.1,2482715,2482731,1470804,TTCTCCCAGATAGCCCA,T,16
NC_037343.1,NC_032665.1,2484224,2484225,1472314,CA,C,1
NC_037343.1,NC_032665.1,2484563,2484574,1472652,GTAATTGATAAT,G,11
NC_037343.1,NC_032665.1,2559092,2559094,1547192,GCC,G,2
NC_037343.1,NC_032665.1,2561739,2561741,1549838,TGG,T,2
NC_037343.1,NC_032665.1,2563365,2563366,1551462,GT,G,1
NC_037343.1,NC_032665.1,2563569,2563570,1551664,CA,C,1
NC_037343.1,NC_032665.1,2806354,2806356,1778123,CCT,C,2
NC_037343.1,NC_032665.1,2845337,2845339,1817682,AAT,A,2
NC_037343.1,NC_032665.1,3112821,3112822,2128963,CT,C,1
NC_037343.1,NC_032665.1,3168527,3168528,2184677,GT,G,1
NC_037343.1,NC_032665.1,3197221,3197222,2212161,GT,G,1
NC_037343.1,NC_032665.1,3216531,3216532,2231705,CT,C,1
NC_037343.1,NC_032665.1,3216544,3216545,2231717,AC,A,1
NC_037343.1,NC_032665.1,3216548,3216549,2231720,AG,A,1
NC_037343.1,NC_032665.1,3409614,3409615,2424862,GT,G,1
NC_037343.1,NC_032665.1,3614349,3614423,2629920,CCATCACACACTGCGTCCTGAGGAGCCCACCTCTCACTCCTCTGCGGACACCTACTCTACACAATGACCAACTAA,C,74
NC_037343.1,NC_032665.1,3616773,3616774,2632266,AG,A,1
NC_037343.1,NC_032665.1,3633755,3633756,2649247,CT,C,1
NC_037343.1,NC_032665.1,3673192,3673193,2688393,CG,C,1
NC_037343.1,NC_032665.1,3730448,3730452,2745975,CACAG,C,4
NC_037343.1,NC_032665.1,3731398,3731400,2746935,CAG,C,2
NC_037343.1,NC_032665.1,4049401,4049402,3056928,GA,G,1
NC_037343.1,NC_032665.1,4268219,4268220,3283929,TC,T,1
NC_037343.1,NC_032665.1,4270492,4270493,3286199,TC,T,1
NC_037343.1,NC_032665.1,4441512,4441513,3457577,GC,G,1
NC_037343.1,NC_032665.1,4460784,4460785,3476976,CT,C,1
NC_037343.1,NC_032665.1,4480973,4480975,3496937,CTT,C,2
NC_037343.1,NC_032665.1,4678131,4678132,3695085,AC,A,1
NC_037343.1,NC_032665.1,4678927,4678928,3695880,GA,G,1
NC_037343.1,NC_032665.1,4682250,4682251,3699149,TA,T,1
NC_037343.1,NC_032665.1,4684858,4684859,3701762,GC,G,1
NC_037343.1,NC_032665.1,4686147,4686148,3703049,GC,G,1
NC_037343.1,NC_032665.1,4695783,4695784,3712680,CA,C,1
NC_037343.1,NC_032665.1,4703296,4703297,3720201,CT,C,1
NC_037343.1,NC_032665.1,4721691,4721692,3738592,CT,C,1
NC_037343.1,NC_032665.1,4896741,4896742,3914902,CA,C,1
NC_037343.1,NC_032665.1,6092160,6092161,4102666,GT,G,1
NC_037343.1,NC_032665.1,6094125,6094129,4104621,GTAAA,G,4
NC_037343.1,NC_032665.1,6094355,6094356,4104848,AT,A,1
NC_037343.1,NC_032665.1,6094506,6094507,4104998,GT,G,1
NC_037343.1,NC_032665.1,6102527,6102528,4112360,AG,A,1
NC_037343.1,NC_032665.1,6102573,6102574,4112405,GA,G,1
NC_037343.1,NC_032665.1,6103134,6103135,4112989,CG,C,1
NC_037343.1,NC_032665.1,6129902,6129903,4139769,TG,T,1
NC_037343.1,NC_032665.1,6130383,6130384,4140248,GC,G,1
NC_037343.1,NC_032665.1,6131930,6131933,4141793,CTAA,C,3
NC_037343.1,NC_032665.1,6136664,6136665,4145711,TC,T,1
NC_037343.1,NC_032665.1,6138304,6138305,4147347,GA,G,1
NC_037343.1,NC_032665.1,6138353,6138354,4147393,AG,A,1
NC_037343.1,NC_032665.1,6147515,6147516,4156549,TC,T,1
NC_037343.1,NC_032665.1,6155012,6155013,4164041,GA,G,1
NC_037343.1,NC_032665.1,6155023,6155024,4164051,AG,A,1
NC_037343.1,NC_032665.1,6158464,6158465,4167494,CG,C,1
NC_037343.1,NC_032665.1,6159921,6159922,4168952,TA,T,1
NC_037343.1,NC_032665.1,6161121,6161122,4170189,AC,A,1
NC_037343.1,NC_032665.1,6161810,6161811,4170877,GT,G,1
NC_037343.1,NC_032665.1,6201014,6201015,4211204,CT,C,1
NC_037343.1,NC_032665.1,6205435,6205436,4215627,CG,C,1
NC_037343.1,NC_032665.1,6215248,6215250,4225934,GGT,G,2
NC_037343.1,NC_032665.1,6580502,6580503,4518217,TA,T,1
NC_037343.1,NC_032665.1,6847440,6847441,4785078,CA,C,1
NC_037343.1,NC_032665.1,6925781,6925782,4896259,GT,G,1
NC_037343.1,NC_032665.1,6990097,6990098,4960994,CA,C,1
NC_037343.1,NC_032665.1,6990098,6990099,5238081,AG,A,1
NC_037343.1,NC_032665.1,7007590,7007598,5257302,AGTATATTT,A,8
NC_037343.1,NC_032665.1,7131043,7131044,5222606,TA,T,1
NC_037343.1,NC_032665.1,7191500,7191501,5546470,TG,T,1
NC_037343.1,NC_032665.1,7193516,7193517,5092248,CA,C,1
NC_037343.1,NC_032665.1,7193516,7193517,5548496,CA,C,1
NC_037343.1,NC_032665.1,7195651,7195652,5550630,AC,A,1
NC_037343.1,NC_032665.1,7197286,7197288,5552260,GCC,G,2
NC_037343.1,NC_032665.1,7198065,7198066,5553037,AG,A,1
NC_037343.1,NC_032665.1,7198092,7198095,5553063,AAAT,A,3
NC_037343.1,NC_032665.1,7198738,7198739,5553704,GT,G,1
NC_037343.1,NC_032665.1,7198966,7198967,5553931,AT,A,1
NC_037343.1,NC_032665.1,7201487,7201488,5556915,CA,C,1
NC_037343.1,NC_032665.1,7201889,7201890,5557324,AC,A,1
NC_037343.1,NC_032665.1,7202150,7202151,5557585,GA,G,1
NC_037343.1,NC_032665.1,7202238,7202239,5557672,AG,A,1
NC_037343.1,NC_032665.1,7205936,7205937,5561370,AC,A,1
NC_037343.1,NC_032665.1,7228797,7228800,5584330,TATG,T,3
NC_037343.1,NC_032665.1,7379609,7379610,5720894,TG,T,1
NC_037343.1,NC_032665.1,7618473,7618481,5960423,CTCAAAGGA,C,8
NC_037343.1,NC_032665.1,7831878,7831879,6227946,TG,T,1
NC_037343.1,NC_032665.1,7915950,7915951,6312905,TC,T,1
NC_037343.1,NC_032665.1,8187246,8187248,6610464,ACT,A,2
NC_037343.1,NC_032665.1,8493466,8493467,6915626,AT,A,1
NC_037343.1,NC_032665.1,9195242,9195243,7628611,CG,C,1
NC_037343.1,NC_032665.1,9269894,9269895,7703280,GA,G,1
NC_037343.1,NC_032665.1,9286827,9286828,7720233,GA,G,1
NC_037343.1,NC_032665.1,9345234,9345236,7791893,TTA,T,2
NC_037343.1,NC_032665.1,9345251,9345253,7791908,GTC,G,2
NC_037343.1,NC_032665.1,9345255,9345256,7791910,GC,G,1
NC_037343.1,NC_032665.1,9411595,9411596,7864115,GA,G,1
NC_037343.1,NC_032665.1,9417810,9417811,7870320,AG,A,1
NC_037343.1,NC_032665.1,9431091,9431092,7882815,AT,A,1
NC_037343.1,NC_032665.1,9495913,9495914,7951702,GA,G,1
NC_037343.1,NC_032665.1,9620335,9620336,8079636,CA,C,1
NC_037343.1,NC_032665.1,9832755,9832756,8294075,TA,T,1
NC_037343.1,NC_032665.1,9832836,9832837,8294155,GA,G,1
NC_037343.1,NC_032665.1,9836013,9836014,8297273,AT,A,1
NC_037343.1,NC_032665.1,9836021,9836022,8297280,CT,C,1
NC_037343.1,NC_032665.1,9883829,9883831,8345170,CTT,C,2
NC_037343.1,NC_032665.1,9918280,9918281,8379673,TA,T,1
NC_037343.1,NC_032665.1,9919081,9919082,8380465,GC,G,1
NC_037343.1,NC_032665.1,9942808,9942809,8404207,AG,A,1
NC_037343.1,NC_032665.1,9944521,9944525,8405906,TAAAA,T,4
NC_037343.1,NC_032665.1,9946529,9946530,8407910,AT,A,1
NC_037343.1,NC_032665.1,10376085,10376086,8827424,TA,T,1
NC_037343.1,NC_032665.1,10463789,10463793,8944563,TGTGA,T,4
NC_037343.1,NC_032665.1,10509023,10509024,8990567,AC,A,1
NC_037343.1,NC_032665.1,10554593,10554594,9036131,AG,A,1
NC_037343.1,NC_032665.1,10788525,10788529,9285450,GAGGC,G,4
NC_037343.1,NC_032665.1,10858299,10858300,9355291,GC,G,1
NC_037343.1,NC_032665.1,10875769,10875776,9372765,AGACTATT,A,7
NC_037343.1,NC_032665.1,10918266,10918309,9415005,CCGTGGGTTCAAGCCCCAGTCTGAGTTGCATAGTTTCAACATCA,C,43
NC_037343.1,NC_032665.1,10962952,10962953,9459666,GT,G,1
NC_037343.1,NC_032665.1,11188099,11188107,9682492,GTCACTGTC,G,8
NC_037343.1,NC_032665.1,11190260,11190261,9684653,CA,C,1
NC_037343.1,NC_032665.1,11212617,11212618,9708539,TC,T,1
NC_037343.1,NC_032665.1,11216198,11216199,9712124,TA,T,1
NC_037343.1,NC_032665.1,11290403,11290406,9786453,TCCA,T,3
NC_037343.1,NC_032665.1,11420020,11420021,9916386,TC,T,1
NC_037343.1,NC_032665.1,11528363,11528364,10111754,AC,A,1
NC_037343.1,NC_032665.1,11548112,11548113,10131501,AT,A,1
NC_037343.1,NC_032665.1,11619233,11619234,10203285,AT,A,1
NC_037343.1,NC_032665.1,11856710,11856711,10497753,CG,C,1
NC_037343.1,NC_032665.1,11857654,11857655,10498696,AG,A,1
NC_037343.1,NC_032665.1,11860771,11860772,10501813,TG,T,1
NC_037343.1,NC_032665.1,11936621,11936622,10577753,CA,C,1
NC_037343.1,NC_032665.1,12078746,12078770,10721814,ACCAGCATAGCTGCCTGAGCCCCCC,A,24
NC_037343.1,NC_032665.1,12703689,12703691,11365995,GGA,G,2
NC_037343.1,NC_032665.1,13017601,13017602,11715333,AT,A,1
NC_037343.1,NC_032665.1,13086122,13086123,11784830,GA,G,1
NC_037343.1,NC_032665.1,13624283,13624284,12320439,TG,T,1
NC_037343.1,NC_032665.1,15395543,15395544,14203408,TG,T,1
NC_037343.1,NC_032665.1,15401913,15401917,14209784,AAAAC,A,4
NC_037343.1,NC_032665.1,15521129,15521130,14328790,CT,C,1
NC_037343.1,NC_032665.1,15521135,15521136,14328795,CA,C,1
NC_037343.1,NC_032665.1,15546102,15546103,14353759,AT,A,1
NC_037343.1,NC_032665.1,15546116,15546117,14353772,TA,T,1
NC_037343.1,NC_032665.1,16209804,16209805,15017480,CT,C,1
NC_037343.1,NC_032665.1,16250645,16250646,15057986,AT,A,1
NC_037343.1,NC_032665.1,16505545,16505547,15345811,TTG,T,2
NC_037343.1,NC_032665.1,16505576,16505577,15345840,AT,A,1
NC_037343.1,NC_032665.1,16505603,16505604,15345866,TC,T,1
NC_037343.1,NC_032665.1,17513280,17513281,16312249,AT,A,1
NC_037343.1,NC_032665.1,17998176,17998177,16873645,CA,C,1
NC_037343.1,NC_032665.1,18041132,18041133,16916603,TA,T,1
NC_037343.1,NC_032665.1,18160608,18160609,17046054,TG,T,1
NC_037343.1,NC_032665.1,18161096,18161097,17046541,AT,A,1
NC_037343.1,NC_032665.1,18349896,18349897,17259980,TA,T,1
NC_037343.1,NC_032665.1,18349902,18349903,17259985,AT,A,1
NC_037343.1,NC_032665.1,18349935,18349936,17260016,CA,C,1
NC_037343.1,NC_032665.1,18556839,18556901,17467163,ATTCTTTCACTGAAAACGTATGTGATTTGAATTCTATGTGCAACTCTCTATAATGAATTGGAC,A,62
NC_037343.1,NC_032665.1,19089223,19089224,18018409,AT,A,1
NC_037343.1,NC_032665.1,20095706,20095707,19053198,AC,A,1
NC_037343.1,NC_032665.1,20329947,20329948,19287961,GT,G,1
NC_037343.1,NC_032665.1,20384647,20384648,19342637,AT,A,1
NC_037343.1,NC_032665.1,20494262,20494264,19452225,CTA,C,2
NC_037343.1,NC_032665.1,20540782,20540783,19499050,TG,T,1
NC_037343.1,NC_032665.1,20553537,20553538,19512173,GT,G,1
NC_037343.1,NC_032665.1,20555953,20555955,19514591,CTT,C,2
NC_037343.1,NC_032665.1,20562648,20562649,19520318,AC,A,1
NC_037343.1,NC_032665.1,20562659,20562660,19520328,AC,A,1
NC_037343.1,NC_032665.1,20650174,20650175,19606969,AT,A,1
NC_037343.1,NC_032665.1,20741189,20741204,19708603,GGGGTATAAATAAGGT,G,15
NC_037343.1,NC_032665.1,20858921,20858923,19826567,AGT,A,2
NC_037343.1,NC_032665.1,21001211,21001212,19976993,TG,T,1
NC_037343.1,NC_032665.1,21053486,21053490,20035860,TTTTA,T,4
NC_037343.1,NC_032665.1,21056462,21056463,20038846,GA,G,1
NC_037343.1,NC_032665.1,21373421,21373422,20351777,CA,C,1
NC_037343.1,NC_032665.1,21434097,21434098,20412043,CA,C,1
NC_037343.1,NC_032665.1,21873545,21873546,20904659,AT,A,1
NC_037343.1,NC_032665.1,22297944,22297945,21372550,TA,T,1
NC_037343.1,NC_032665.1,22633360,22633361,21781408,AG,A,1
NC_037343.1,NC_032665.1,22808574,22808575,21957356,AT,A,1
NC_037343.1,NC_032665.1,26005731,26005732,22980645,TA,T,1
NC_037343.1,NC_032665.1,26005743,26005744,22980656,AC,A,1
NC_037343.1,NC_032665.1,26005776,26005777,22980687,GC,G,1
NC_037343.1,NC_032665.1,26051291,26051292,23026192,CT,C,1
NC_037343.1,NC_032665.1,26987115,26987116,24007433,TC,T,1
NC_037343.1,NC_032665.1,27155195,27155196,24182714,TC,T,1
NC_037343.1,NC_032665.1,27155232,27155234,24182750,CCT,C,2
NC_037343.1,NC_032665.1,28312373,28312375,25333732,TTA,T,2
NC_037343.1,NC_032665.1,28312379,28312380,25333736,GA,G,1
NC_037343.1,NC_032665.1,28662530,28662532,25688546,AAG,A,2
NC_037343.1,NC_032665.1,28911040,28911041,25937610,TC,T,1
NC_037343.1,NC_032665.1,28996198,28996223,26021392,TGCTGCCTACAGCTGGCAGAATGGGC,T,25
NC_037343.1,NC_032665.1,29232184,29232206,26258284,CTCCCGGCGGTGCACTGGGGTCG,C,22
NC_037343.1,NC_032665.1,29232272,29232273,26258350,AC,A,1
NC_037343.1,NC_032665.1,29352596,29352597,26378668,CA,C,1
NC_037343.1,NC_032665.1,29352656,29352657,26378727,AG,A,1
NC_037343.1,NC_032665.1,29827836,29827837,26860822,GT,G,1
NC_037343.1,NC_032665.1,29869095,29869096,26901590,CA,C,1
NC_037343.1,NC_032665.1,29922643,29922644,26974389,CA,C,1
NC_037343.1,NC_032665.1,29966925,29966926,27018669,TA,T,1
NC_037343.1,NC_032665.1,30046650,30046651,27097171,CT,C,1
NC_037343.1,NC_032665.1,30191951,30191952,27243882,GT,G,1
NC_037343.1,NC_032665.1,30207029,30207031,27258921,TAA,T,2
NC_037343.1,NC_032665.1,30212087,30212088,27263974,TA,T,1
NC_037343.1,NC_032665.1,30223189,30223191,27275081,CGA,C,2
NC_037343.1,NC_032665.1,30452936,30452937,27504705,CA,C,1
NC_037343.1,NC_032665.1,30499467,30499468,27551040,GA,G,1
NC_037343.1,NC_032665.1,30637407,30637408,27695789,CA,C,1
NC_037343.1,NC_032665.1,30651679,30651680,27710049,AG,A,1
NC_037343.1,NC_032665.1,30651701,30651702,27710070,AT,A,1
NC_037343.1,NC_032665.1,30699217,30699220,27760924,CTTT,C,3
NC_037343.1,NC_032665.1,30742143,30742144,27803854,CT,C,1
NC_037343.1,NC_032665.1,30933631,30933633,28012144,CAA,C,2
NC_037343.1,NC_032665.1,31028111,31028112,28100266,GA,G,1
NC_037343.1,NC_032665.1,31307699,31307701,28420792,AGC,A,2
NC_037343.1,NC_032665.1,31349838,31349839,28462943,GT,G,1
NC_037343.1,NC_032665.1,31349896,31349897,28462999,CT,C,1
NC_037343.1,NC_032665.1,31349904,31349905,28463006,CT,C,1
NC_037343.1,NC_032665.1,31465488,31465490,28613382,TTA,T,2
NC_037343.1,NC_032665.1,31661156,31661157,28809633,AG,A,1
NC_037343.1,NC_032665.1,31684709,31684710,29221128,CT,C,1
NC_037343.1,NC_032665.1,31966390,31966391,29117466,CT,C,1
NC_037343.1,NC_032665.1,31966431,31966432,29117506,AC,A,1
NC_037343.1,NC_032665.1,32788801,32788802,30111778,CT,C,1
NC_037343.1,NC_032665.1,32788810,32788811,30111786,TC,T,1
NC_037343.1,NC_032665.1,32810260,32810270,30133237,CAGAAAAGTCG,C,10
NC_037343.1,NC_032665.1,32811483,32811484,30134450,AT,A,1
NC_037343.1,NC_032665.1,32817580,32817581,30140547,CT,C,1
NC_037343.1,NC_032665.1,32879182,32879183,30202158,CG,C,1
NC_037343.1,NC_032665.1,32882440,32882441,30205402,CT,C,1
NC_037343.1,NC_032665.1,32894249,32894250,30217236,AG,A,1
NC_037343.1,NC_032665.1,33257508,33257509,30581467,TG,T,1
NC_037343.1,NC_032665.1,33262884,33262885,30586839,AT,A,1
NC_037343.1,NC_032665.1,33374204,33374205,30693608,AT,A,1
NC_037343.1,NC_032665.1,33374210,33374211,30693613,AT,A,1
NC_037343.1,NC_032665.1,33490077,33490078,30809503,GT,G,1
NC_037343.1,NC_032665.1,33515956,33515957,30835405,TA,T,1
NC_037343.1,NC_032665.1,33557936,33557937,30877141,GA,G,1
NC_037343.1,NC_032665.1,33604185,33604186,30923034,TA,T,1
NC_037343.1,NC_032665.1,33662651,33662659,30981477,AGGGCTGTG,A,8
NC_037343.1,NC_032665.1,33784935,33784936,31104133,GT,G,1
NC_037343.1,NC_032665.1,34048154,34048158,31373666,TAGAG,T,4
NC_037343.1,NC_032665.1,34237327,34237331,31511258,GCTAA,G,4
NC_037343.1,NC_032665.1,34410514,34410516,31684522,CTT,C,2
NC_037343.1,NC_032665.1,34421021,34421022,31694934,TA,T,1
NC_037343.1,NC_032665.1,34421720,34421722,31695631,TAC,T,2
NC_037343.1,NC_032665.1,34429301,34429302,31703069,CG,C,1
NC_037343.1,NC_032665.1,34441970,34441971,31715206,AG,A,1
NC_037343.1,NC_032665.1,34865518,34865522,32176946,TGAAA,T,4
NC_037343.1,NC_032665.1,35000313,35000314,32345267,CG,C,1
NC_037343.1,NC_032665.1,35012884,35012885,32357878,AT,A,1
NC_037343.1,NC_032665.1,35012890,35012891,32357883,AC,A,1
NC_037343.1,NC_032665.1,35355362,35355370,32700153,TAGACTGGA,T,8
NC_037343.1,NC_032665.1,35364383,35364385,32709208,GTT,G,2
NC_037343.1,NC_032665.1,35377381,35377391,32722208,TGTTTGAGAAC,T,10
NC_037343.1,NC_032665.1,35893853,35893856,33257237,ATTT,A,3
NC_037343.1,NC_032665.1,36092486,36092487,33459208,GT,G,1
NC_037343.1,NC_032665.1,36506743,36506744,33927207,AT,A,1
NC_037343.1,NC_032665.1,36510980,36510981,33931445,AC,A,1
NC_037343.1,NC_032665.1,36581861,36581865,34005365,AATTC,A,4
NC_037343.1,NC_032665.1,36824880,36824881,34249825,AC,A,1
NC_037343.1,NC_032665.1,37184106,37184107,34609926,CT,C,1
NC_037343.1,NC_032665.1,37533030,37533031,34993961,GT,G,1
NC_037343.1,NC_032665.1,37544158,37544159,35005845,CT,C,1
NC_037343.1,NC_032665.1,37569520,37569521,35031252,CG,C,1
NC_037343.1,NC_032665.1,37745217,37745218,35208196,AG,A,1
NC_037343.1,NC_032665.1,38003370,38003371,35472354,TG,T,1
NC_037343.1,NC_032665.1,38010738,38010739,35479728,AT,A,1
NC_037343.1,NC_032665.1,39300452,39300453,35916155,TC,T,1
NC_037343.1,NC_032665.1,39313579,39313580,35928841,CT,C,1
NC_037343.1,NC_032665.1,39373128,39373129,35988534,AG,A,1
NC_037343.1,NC_032665.1,40789989,40789990,37493865,AG,A,1
NC_037343.1,NC_032665.1,40790031,40790032,37493904,CA,C,1
NC_037343.1,NC_032665.1,40790044,40790045,37493916,CA,C,1
NC_037343.1,NC_032665.1,41736262,41736263,38478103,AG,A,1
NC_037343.1,NC_032665.1,42301685,42301686,39042396,AT,A,1
NC_037343.1,NC_032665.1,42809384,42809385,39605063,GA,G,1
NC_037343.1,NC_032665.1,42841071,42841072,39789308,TG,T,1
NC_037343.1,NC_032665.1,42841094,42841095,39789330,CA,C,1
NC_037343.1,NC_032665.1,43299065,43299066,40226735,CA,C,1
NC_037343.1,NC_032665.1,43488833,43488834,40445367,GA,G,1
NC_037343.1,NC_032665.1,43500831,43500832,40457365,GT,G,1
NC_037343.1,NC_032665.1,43827027,43827028,40887471,CT,C,1
NC_037343.1,NC_032665.1,44366183,44366184,41450023,CA,C,1
NC_037343.1,NC_032665.1,44376869,44376871,41460631,AAG,A,2
NC_037343.1,NC_032665.1,44379371,44379372,41463188,AT,A,1
NC_037343.1,NC_032665.1,44385277,44385278,41469159,TC,T,1
NC_037343.1,NC_032665.1,44386116,44386118,41470002,CCA,C,2
NC_037343.1,NC_032665.1,44954571,44954572,42041317,AG,A,1
NC_037343.1,NC_032665.1,45292124,45292125,42434412,TC,T,1
NC_037343.1,NC_032665.1,45589068,45589069,42784534,CT,C,1
NC_037343.1,NC_032665.1,45589081,45589082,42784547,AT,A,1
NC_037343.1,NC_032665.1,45589146,45589147,42784611,CA,C,1
NC_037343.1,NC_032665.1,45701513,45701515,42901322,TTA,T,2
NC_037343.1,NC_032665.1,45755113,45755114,42955007,CT,C,1
NC_037343.1,NC_032665.1,46117661,46117662,43320854,CA,C,1
NC_037343.1,NC_032665.1,46120835,46120837,43324028,CAT,C,2
NC_037343.1,NC_032665.1,46288275,46288276,43491542,GT,G,1
NC_037343.1,NC_032665.1,46293315,46293316,43496584,GA,G,1
NC_037343.1,NC_032665.1,46302323,46302324,43505634,CA,C,1
NC_037343.1,NC_032665.1,46323166,46323167,43526469,TG,T,1
NC_037343.1,NC_032665.1,46728018,46728019,43934050,AT,A,1
NC_037343.1,NC_032665.1,46796026,46796027,44001838,CT,C,1
NC_037343.1,NC_032665.1,46814405,46814406,44020216,CA,C,1
NC_037343.1,NC_032665.1,46978707,46978708,44183968,TG,T,1
NC_037343.1,NC_032665.1,46978715,46978716,44183975,TC,T,1
NC_037343.1,NC_032665.1,46979572,46979573,44184830,CT,C,1
NC_037343.1,NC_032665.1,47150056,47150057,44351107,GT,G,1
NC_037343.1,NC_032665.1,47189654,47189655,44390712,TC,T,1
NC_037343.1,NC_032665.1,47542779,47542780,44717772,TC,T,1
NC_037343.1,NC_032665.1,47617802,47617803,44792689,CT,C,1
NC_037343.1,NC_032665.1,47653039,47653040,44827307,GC,G,1
NC_037343.1,NC_032665.1,47761570,47761571,44903219,AT,A,1
NC_037343.1,NC_032665.1,47763130,47763131,44904777,CT,C,1
NC_037343.1,NC_032665.1,48222457,48222458,45326869,GA,G,1
NC_037343.1,NC_032665.1,48223007,48223008,45327420,AT,A,1
NC_037343.1,NC_032665.1,48301580,48301582,45405795,AAG,A,2
NC_037343.1,NC_032665.1,48312268,48312269,45416490,GA,G,1
NC_037343.1,NC_032665.1,48320041,48320043,45424264,TCA,T,2
NC_037343.1,NC_032665.1,48320141,48320142,45424362,AT,A,1
NC_037343.1,NC_032665.1,48378864,48378865,45483086,GT,G,1
NC_037343.1,NC_032665.1,48378878,48378879,45483099,AG,A,1
NC_037343.1,NC_032665.1,48554101,48554102,45767923,GT,G,1
NC_037343.1,NC_032665.1,48562892,48562893,45776718,AG,A,1
NC_037343.1,NC_032665.1,48594985,48594986,45853035,AG,A,1
NC_037343.1,NC_032665.1,48645125,48645126,45902670,CT,C,1
NC_037343.1,NC_032665.1,48645216,48645218,45902759,TTA,T,2
NC_037343.1,NC_032665.1,49092790,49092791,46437066,AG,A,1
NC_037343.1,NC_032665.1,49164412,49164413,46509275,AG,A,1
NC_037343.1,NC_032665.1,49164421,49164422,46509283,AC,A,1
NC_037343.1,NC_032665.1,49164433,49164434,46509294,GC,G,1
NC_037343.1,NC_032665.1,49318000,49318001,46663600,GC,G,1
NC_037343.1,NC_032665.1,49544765,49544766,46891408,GC,G,1
NC_037343.1,NC_032665.1,49566814,49566815,46913457,CA,C,1
NC_037343.1,NC_032665.1,49606511,49606512,46953208,TG,T,1
NC_037343.1,NC_032665.1,49606520,49606521,46953216,TG,T,1
NC_037343.1,NC_032665.1,49732297,49732298,47079018,CA,C,1
NC_037343.1,NC_032665.1,49838911,49838912,47120741,CA,C,1
NC_037343.1,NC_032665.1,49838963,49838964,47120790,AG,A,1
NC_037343.1,NC_032665.1,49862653,49862654,47144483,TG,T,1
NC_037343.1,NC_032665.1,49950068,49950069,47231393,CG,C,1
NC_037343.1,NC_032665.1,50208870,50208871,47488568,TA,T,1
NC_037343.1,NC_032665.1,50385827,50385831,47658777,CAGAG,C,4
NC_037343.1,NC_032665.1,50386117,50386118,47659064,AC,A,1
NC_037343.1,NC_032665.1,50423614,50423615,47696063,AC,A,1
NC_037343.1,NC_032665.1,50480656,50480658,47752661,CAG,C,2
NC_037343.1,NC_032665.1,50485571,50485572,47757582,GA,G,1
NC_037343.1,NC_032665.1,50500876,50500877,47772885,GT,G,1
NC_037343.1,NC_032665.1,50606140,50606141,47877240,CA,C,1
NC_037343.1,NC_032665.1,50725363,50725456,47996507,CGCTGGGCCGGGGGCGGCGCCGGGGTCCGGCGGTCGCGGGCGCTCGGAAGTTGCTTCGCCGGCTGCCGCGGCGGCGGCACAGGCGGGTGGAGAG,C,93
NC_037343.1,NC_032665.1,51203615,51203635,48476963,AGCCATCTGCCCCATCCTGCT,A,20
NC_037343.1,NC_032665.1,51372665,51372680,48627436,CCTGAAAAGCCCATGT,C,15
NC_037343.1,NC_032665.1,51803231,51803242,49070261,CGCGGACGGCAG,C,11
NC_037343.1,NC_032665.1,51849293,51849294,49116336,CG,C,1
NC_037343.1,NC_032665.1,51854114,51854163,49121156,GGGTACCAGCTCCCACTCCCACGGCAGCGGGACGCGGTGGCCCCACGGCA,G,49
NC_037343.1,NC_032665.1,52099809,52099810,49366841,CT,C,1
NC_037343.1,NC_032665.1,52600730,52600731,49879104,TC,T,1
NC_037343.1,NC_032665.1,52607968,52607969,49886340,AT,A,1
NC_037343.1,NC_032665.1,52710255,52710256,50063981,CA,C,1
NC_037343.1,NC_032665.1,52715292,52715293,50069018,GA,G,1
NC_037343.1,NC_032665.1,52715961,52715962,50069697,TC,T,1
NC_037343.1,NC_032665.1,52745890,52745897,49899300,AGATCCTG,A,7
NC_037343.1,NC_032665.1,52783700,52783703,49936783,ACTG,A,3
NC_037343.1,NC_032665.1,52788566,52788567,49941646,CA,C,1
NC_037343.1,NC_032665.1,53062374,53062375,50426533,CG,C,1
NC_037343.1,NC_032665.1,53146216,53146217,50510402,AT,A,1
NC_037343.1,NC_032665.1,53146350,53146351,50510532,GC,G,1
NC_037343.1,NC_032665.1,53396846,53396847,50760317,TG,T,1
NC_037343.1,NC_032665.1,53405704,53405705,50769171,GA,G,1
NC_037343.1,NC_032665.1,53405704,53405705,50779508,GA,G,1
NC_037343.1,NC_032665.1,53523036,53523038,50891184,GGC,G,2
NC_037343.1,NC_032665.1,53592076,53592077,50961042,AC,A,1
NC_037343.1,NC_032665.1,53596016,53596017,50964983,AG,A,1
NC_037343.1,NC_032665.1,53851186,53851187,51222658,CA,C,1
NC_037343.1,NC_032665.1,53851202,53851203,51222673,CA,C,1
NC_037343.1,NC_032665.1,53996525,53996526,51368647,TG,T,1
NC_037343.1,NC_032665.1,53997937,53997941,51370055,CCAAA,C,4
NC_037343.1,NC_032665.1,54178135,54178136,51550001,GT,G,1
NC_037343.1,NC_032665.1,54263983,54263986,51635919,CGTT,C,3
NC_037343.1,NC_032665.1,54276089,54276090,51648985,TG,T,1
NC_037343.1,NC_032665.1,54917061,54917062,51928779,CT,C,1
NC_037343.1,NC_032665.1,55139599,55139603,52251239,AAGAT,A,4
NC_037343.1,NC_032665.1,55695180,55695181,52969222,GA,G,1
NC_037343.1,NC_032665.1,55748247,55748260,53211814,GTTTAGGACTATTT,G,13
NC_037343.1,NC_032665.1,55748262,55748264,53211816,GTT,G,2
NC_037343.1,NC_032665.1,55755713,55755714,53219269,TC,T,1
NC_037343.1,NC_032665.1,55958697,55958698,53485321,AC,A,1
NC_037343.1,NC_032665.1,55994804,55994805,53521406,TG,T,1
NC_037343.1,NC_032665.1,55997906,55997907,53524497,CT,C,1
NC_037343.1,NC_032665.1,56089129,56089131,53615756,TTA,T,2
NC_037343.1,NC_032665.1,56096328,56096329,53622984,GA,G,1
NC_037343.1,NC_032665.1,56265698,56265699,53791301,TC,T,1
NC_037343.1,NC_032665.1,56285693,56285694,53811826,GT,G,1
NC_037343.1,NC_032665.1,56377973,56377974,53903854,AT,A,1
NC_037343.1,NC_032665.1,56442730,56442731,53968608,CA,C,1
NC_037343.1,NC_032665.1,56464129,56464130,53990008,CT,C,1
NC_037343.1,NC_032665.1,56488048,56488049,54014111,CA,C,1
NC_037343.1,NC_032665.1,56883911,56883913,54436720,CCT,C,2
NC_037343.1,NC_032665.1,56883929,56883930,54436736,AT,A,1
NC_037343.1,NC_032665.1,56883961,56883962,54436766,CA,C,1
NC_037343.1,NC_032665.1,56883971,56883972,54436775,GA,G,1
NC_037343.1,NC_032665.1,56884001,56884002,54436803,AG,A,1
NC_037343.1,NC_032665.1,57121632,57121633,54625632,CT,C,1
NC_037343.1,NC_032665.1,57284967,57284968,54788981,TG,T,1
NC_037343.1,NC_032665.1,57320424,57320425,54824442,TG,T,1
NC_037343.1,NC_032665.1,57507057,57507058,55010729,GC,G,1
NC_037343.1,NC_032665.1,57549570,57549571,55053040,GA,G,1
NC_037343.1,NC_032665.1,57549576,57549577,55053045,AC,A,1
NC_037343.1,NC_032665.1,57549592,57549594,55053060,GGC,G,2
NC_037343.1,NC_032665.1,57564786,57564787,55068248,AT,A,1
NC_037343.1,NC_032665.1,57620361,57620363,55124372,CTT,C,2
NC_037343.1,NC_032665.1,57623337,57623340,55127379,GCTT,G,3
NC_037343.1,NC_032665.1,57632029,57632030,55136104,CA,C,1
NC_037343.1,NC_032665.1,57648507,57648508,55152035,GT,G,1
NC_037343.1,NC_032665.1,57709312,57709313,55212858,CT,C,1
NC_037343.1,NC_032665.1,57810142,57810144,55313876,TTG,T,2
NC_037343.1,NC_032665.1,57810171,57810173,55313903,AAC,A,2
NC_037343.1,NC_032665.1,57880623,57880624,55515816,AC,A,1
NC_037343.1,NC_032665.1,58083226,58083227,55771256,AC,A,1
NC_037343.1,NC_032665.1,58102254,58102257,55790894,AGAC,A,3
NC_037343.1,NC_032665.1,58211315,58211316,55906704,TG,T,1
NC_037343.1,NC_032665.1,58272154,58272155,55967591,TA,T,1
NC_037343.1,NC_032665.1,58577170,58577172,56356087,AGC,A,2
NC_037343.1,NC_032665.1,58588345,58588346,56366835,GA,G,1
NC_037343.1,NC_032665.1,58590218,58590219,56368709,CT,C,1
NC_037343.1,NC_032665.1,58604005,58604007,56382506,TGA,T,2
NC_037343.1,NC_032665.1,58909312,58909313,56686986,AG,A,1
NC_037343.1,NC_032665.1,59040678,59040680,56821472,TTA,T,2
NC_037343.1,NC_032665.1,59053535,59053536,56834340,AC,A,1
NC_037343.1,NC_032665.1,59063419,59063420,56863372,TG,T,1
NC_037343.1,NC_032665.1,59151413,59151414,56951736,TC,T,1
NC_037343.1,NC_032665.1,59151900,59151901,56952228,GC,G,1
NC_037343.1,NC_032665.1,59154245,59154246,56954586,TC,T,1
NC_037343.1,NC_032665.1,59178639,59178640,56979053,GA,G,1
NC_037343.1,NC_032665.1,59178661,59178662,56979074,TC,T,1
NC_037343.1,NC_032665.1,59287271,59287273,57088352,CAT,C,2
NC_037343.1,NC_032665.1,59308265,59308267,57109320,AAC,A,2
NC_037343.1,NC_032665.1,59371769,59371784,57173710,GCATCATCACTGCTAA,G,15
NC_037343.1,NC_032665.1,60163103,60163105,57769466,AAT,A,2
NC_037343.1,NC_032665.1,60179019,60179021,57785372,TTC,T,2
NC_037343.1,NC_032665.1,60209591,60209598,57815950,AAGAAAAT,A,7
NC_037343.1,NC_032665.1,60445643,60445644,58051975,GT,G,1
NC_037343.1,NC_032665.1,60521792,60521793,58128182,TA,T,1
NC_037343.1,NC_032665.1,60638391,60638392,58258189,TG,T,1
NC_037343.1,NC_032665.1,61491034,61491035,59113483,GC,G,1
NC_037343.1,NC_032665.1,61507248,61507249,59129699,TG,T,1
NC_037343.1,NC_032665.1,61510161,61510168,59132433,AGTGTGGG,A,7
NC_037343.1,NC_032665.1,61513652,61513653,59135917,GA,G,1
NC_037343.1,NC_032665.1,61516293,61516294,59138561,AT,A,1
NC_037343.1,NC_032665.1,61944235,61944236,59554490,CG,C,1
NC_037343.1,NC_032665.1,62077287,62077290,59687562,ACCG,A,3
NC_037343.1,NC_032665.1,62083260,62083261,59693536,GC,G,1
NC_037343.1,NC_032665.1,62125800,62125801,59736709,TG,T,1
NC_037343.1,NC_032665.1,62131632,62131633,59742541,TA,T,1
NC_037343.1,NC_032665.1,62667886,62667887,60283237,TG,T,1
NC_037343.1,NC_032665.1,62807565,62807566,60419653,GC,G,1
NC_037343.1,NC_032665.1,62920627,62920628,60532717,CA,C,1
NC_037343.1,NC_032665.1,63013742,63013743,60626598,AG,A,1
NC_037343.1,NC_032665.1,63020673,63020674,60633547,AG,A,1
NC_037343.1,NC_032665.1,63064803,63064804,60677696,AG,A,1
NC_037343.1,NC_032665.1,63077465,63077466,60699080,CT,C,1
NC_037343.1,NC_032665.1,63725218,63725219,61260965,GT,G,1
NC_037343.1,NC_032665.1,63830875,63830876,61630191,TG,T,1
NC_037343.1,NC_032665.1,64391671,64391672,62036024,CG,C,1
NC_037343.1,NC_032665.1,64559417,64559418,62194382,AT,A,1
NC_037343.1,NC_032665.1,64858897,64858899,62526656,AAG,A,2
NC_037343.1,NC_032665.1,64910328,64910329,62578321,AT,A,1
NC_037343.1,NC_032665.1,64980728,64980730,62648622,CAT,C,2
NC_037343.1,NC_032665.1,65015018,65015019,62700076,GT,G,1
NC_037343.1,NC_032665.1,65203142,65203143,62884995,GT,G,1
NC_037343.1,NC_032665.1,65282173,65282174,62963733,AT,A,1
NC_037343.1,NC_032665.1,65321885,65321886,63003372,GA,G,1
NC_037343.1,NC_032665.1,65329606,65329607,63011100,GT,G,1
NC_037343.1,NC_032665.1,65338073,65338074,63019575,AT,A,1
NC_037343.1,NC_032665.1,65378064,65378065,63090595,CA,C,1
NC_037343.1,NC_032665.1,65520864,65520865,63233176,GA,G,1
NC_037343.1,NC_032665.1,65567839,65567841,63280260,AAG,A,2
NC_037343.1,NC_032665.1,65734383,65734385,63446940,TTA,T,2
NC_037343.1,NC_032665.1,65968509,65968510,63695555,TA,T,1
NC_037343.1,NC_032665.1,65968515,65968516,63695560,TA,T,1
NC_037343.1,NC_032665.1,66018727,66018752,63743568,TTCAGGTTGTACAGTTGTACAGGTTG,T,25
NC_037343.1,NC_032665.1,66182829,66182830,63929077,GT,G,1
NC_037343.1,NC_032665.1,66182838,66182839,63929085,AC,A,1
NC_037343.1,NC_032665.1,66182883,66182884,63929128,CT,C,1
NC_037343.1,NC_032665.1,66299149,66299150,64045480,TC,T,1
NC_037343.1,NC_032665.1,66526318,66526319,64273320,AC,A,1
NC_037343.1,NC_032665.1,66580213,66580256,64327233,AATTAGTGAATTAAGGACATTGGTTTGAAAGAAATGAACTTTTT,A,43
NC_037343.1,NC_032665.1,66884860,66884864,64633283,TTTTC,T,4
NC_037343.1,NC_032665.1,67034632,67034633,64783123,TA,T,1
NC_037343.1,NC_032665.1,67034646,67034647,64783136,TG,T,1
NC_037343.1,NC_032665.1,67089176,67089177,64837678,TC,T,1
NC_037343.1,NC_032665.1,67212945,67212946,64961524,GC,G,1
NC_037343.1,NC_032665.1,67256750,67256751,65014558,TA,T,1
NC_037343.1,NC_032665.1,67308754,67308755,65066598,GC,G,1
NC_037343.1,NC_032665.1,67312681,67312682,65070518,CA,C,1
NC_037343.1,NC_032665.1,67315212,67315213,65073049,TA,T,1
NC_037343.1,NC_032665.1,67667182,67667196,65451219,CATGAGCAGAGACGA,C,14
NC_037343.1,NC_032665.1,68081484,68081485,65904351,AC,A,1
NC_037343.1,NC_032665.1,68088385,68088422,65911005,GTACATATTAGATAAACACACACGCACGCAGGCACATA,G,37
NC_037343.1,NC_032665.1,68183107,68183108,66007540,AT,A,1
NC_037343.1,NC_032665.1,68270581,68270582,66095012,GC,G,1
NC_037343.1,NC_032665.1,68350924,68350925,66175378,TA,T,1
NC_037343.1,NC_032665.1,68426214,68426215,66251057,AG,A,1
NC_037343.1,NC_032665.1,68428543,68428544,66253377,GT,G,1
NC_037343.1,NC_032665.1,68453644,68453645,66278485,GC,G,1
NC_037343.1,NC_032665.1,68604127,68604128,66428780,GC,G,1
NC_037343.1,NC_032665.1,68608652,68608653,66433304,CA,C,1
NC_037343.1,NC_032665.1,68719297,68719298,66557300,TA,T,1
NC_037343.1,NC_032665.1,69245565,69245566,67096495,TC,T,1
NC_037343.1,NC_032665.1,69284399,69284400,67137177,CT,C,1
NC_037343.1,NC_032665.1,69369028,69369029,67222221,CT,C,1
NC_037343.1,NC_032665.1,69379888,69379889,67233082,AC,A,1
NC_037343.1,NC_032665.1,69394287,69394289,67247461,AAG,A,2
NC_037343.1,NC_032665.1,69441564,69441565,67294212,TC,T,1
NC_037343.1,NC_032665.1,69893484,69893485,67745768,TC,T,1
NC_037343.1,NC_032665.1,69895198,69895199,67747484,CT,C,1
NC_037343.1,NC_032665.1,69942412,69942414,67794873,TTC,T,2
NC_037343.1,NC_032665.1,69942453,69942454,67794911,TA,T,1
NC_037343.1,NC_032665.1,70502721,70502722,68380826,TC,T,1
NC_037343.1,NC_032665.1,70918501,70918502,68868138,CA,C,1
NC_037343.1,NC_032665.1,70923669,70923928,68873558,TGTACAGATTAGGAGCTGCCCCTGAGATGTAGTTAAAACAGCAAAATTAGGATACCTGTGTCTCAGGTGATAGTTTAAAGGAAACAAACATGAGTTCAAAGGAGCAGGCTCCATCCACATGCACGAACAGTCAACAAAGTCAGGATCGCTCTGTAAAACGGCGCTGATGACAGAGGAGCCAATTTTTATTCCCAGCCTGTGAGTGTCAGGTGTGCGCACAGGGCAAGAGCAAAGGACCATGATTCTGTTGGAGACCTAAA,T,259
NC_037343.1,NC_032665.1,70924031,70924032,68873661,TC,T,1
NC_037343.1,NC_032665.1,71003075,71003076,68952661,AT,A,1
NC_037343.1,NC_032665.1,71305713,71305714,69280421,CA,C,1
NC_037343.1,NC_032665.1,71484604,71484605,69434069,AG,A,1
NC_037343.1,NC_032665.1,71514418,71514419,69464104,AG,A,1
NC_037343.1,NC_032665.1,71519670,71519672,69469358,GTA,G,2
NC_037343.1,NC_032665.1,71520283,71520284,69469969,AG,A,1
NC_037343.1,NC_032665.1,71524713,71524714,69474408,TG,T,1
NC_037343.1,NC_032665.1,71531268,71531269,69480970,CA,C,1
NC_037343.1,NC_032665.1,71531283,71531284,69480984,AC,A,1
NC_037343.1,NC_032665.1,71576595,71576596,69526304,CG,C,1
NC_037343.1,NC_032665.1,71585887,71585889,69535592,GAC,G,2
NC_037343.1,NC_032665.1,71846886,71846887,69734552,AG,A,1
NC_037343.1,NC_032665.1,71891485,71891486,69779162,TA,T,1
NC_037343.1,NC_032665.1,71933754,71933755,69823933,AG,A,1
NC_037343.1,NC_032665.1,71933761,71933763,69823939,CCT,C,2
NC_037343.1,NC_032665.1,72042475,72042476,69932776,TC,T,1
NC_037343.1,NC_032665.1,72066691,72066692,69956997,GA,G,1
NC_037343.1,NC_032665.1,72173261,72173262,70069284,CT,C,1
NC_037343.1,NC_032665.1,72184838,72184839,70080858,CT,C,1
NC_037343.1,NC_032665.1,72184846,72184847,70080865,AT,A,1
NC_037343.1,NC_032665.1,72184931,72184932,70080949,AT,A,1
NC_037343.1,NC_032665.1,72202002,72202003,70098024,AT,A,1
NC_037343.1,NC_032665.1,72317327,72317328,70214392,CT,C,1
NC_037343.1,NC_032665.1,72351209,72351210,70248301,CA,C,1
NC_037343.1,NC_032665.1,72569208,72569209,70503572,CA,C,1
NC_037343.1,NC_032665.1,72605531,72605532,70539930,CT,C,1
NC_037343.1,NC_032665.1,72618917,72618918,70553319,GT,G,1
NC_037343.1,NC_032665.1,72747297,72747298,70681737,GT,G,1
NC_037343.1,NC_032665.1,72803662,72803664,70736996,TCA,T,2
NC_037343.1,NC_032665.1,72967871,72967916,70998452,CCCCCGGAAAAGGGTTCAATTCTCGGGCCCCAGGGGCAGAAAGATT,C,45
NC_037343.1,NC_032665.1,72994543,72994544,71025082,TA,T,1
NC_037343.1,NC_032665.1,73493747,73493748,71656739,AT,A,1
NC_037343.1,NC_032665.1,73933906,73933907,72116961,GA,G,1
NC_037343.1,NC_032665.1,73946540,73946541,72129592,TC,T,1
NC_037343.1,NC_032665.1,73948351,73948352,72131402,CT,C,1
NC_037343.1,NC_032665.1,74113954,74113955,72301857,AG,A,1
NC_037343.1,NC_032665.1,74127686,74127687,72315368,GT,G,1
NC_037343.1,NC_032665.1,74127697,74127698,72315378,GC,G,1
NC_037343.1,NC_032665.1,74127709,74127710,72315389,GT,G,1
NC_037343.1,NC_032665.1,74127723,74127724,72315402,AT,A,1
NC_037343.1,NC_032665.1,74140879,74140880,72353228,TC,T,1
NC_037343.1,NC_032665.1,74149342,74149345,72361706,CCGA,C,3
NC_037343.1,NC_032665.1,74174580,74174581,72386958,CA,C,1
NC_037343.1,NC_032665.1,74192306,74192307,72404638,AT,A,1
NC_037343.1,NC_032665.1,74221321,74221322,72433814,AG,A,1
NC_037343.1,NC_032665.1,74261810,74261811,72474577,GA,G,1
NC_037343.1,NC_032665.1,74262595,74262596,72475361,AT,A,1
NC_037343.1,NC_032665.1,74266339,74266341,72479104,AGG,A,2
NC_037343.1,NC_032665.1,74328496,74328497,72540786,AG,A,1
NC_037343.1,NC_032665.1,74389121,74389123,72616181,CAT,C,2
NC_037343.1,NC_032665.1,74391404,74391405,72618468,AC,A,1
NC_037343.1,NC_032665.1,74417956,74417958,72645070,CTT,C,2
NC_037343.1,NC_032665.1,74430441,74430442,72657501,TC,T,1
NC_037343.1,NC_032665.1,74470493,74470494,72697556,AG,A,1
NC_037343.1,NC_032665.1,74492278,74492280,72718324,TAG,T,2
NC_037343.1,NC_032665.1,74498501,74498502,72724579,AC,A,1
NC_037343.1,NC_032665.1,74606903,74606918,72825204,CTTACACAGCTGCCTT,C,15
NC_037343.1,NC_032665.1,74824113,74824115,73042418,ACG,A,2
NC_037343.1,NC_032665.1,74887688,74887689,73106428,TC,T,1
NC_037343.1,NC_032665.1,74942940,74942941,73211470,AG,A,1
NC_037343.1,NC_032665.1,75056926,75056927,73323936,AC,A,1
NC_037343.1,NC_032665.1,75061004,75061005,73328014,AC,A,1
NC_037343.1,NC_032665.1,75184078,75184079,73495051,CG,C,1
NC_037343.1,NC_032665.1,75324660,75324661,73636203,AC,A,1
NC_037343.1,NC_032665.1,75382563,75382564,73692622,CT,C,1
NC_037343.1,NC_032665.1,75382611,75382612,73692669,GT,G,1
NC_037343.1,NC_032665.1,75512438,75512439,73822390,TG,T,1
NC_037343.1,NC_032665.1,75512457,75512458,73822408,CT,C,1
NC_037343.1,NC_032665.1,75512472,75512474,73822422,TTC,T,2
NC_037343.1,NC_032665.1,75512481,75512483,73822429,TTC,T,2
NC_037343.1,NC_032665.1,75671825,75671826,73981309,TA,T,1
NC_037343.1,NC_032665.1,75672200,75672204,73981683,GGAAA,G,4
NC_037343.1,NC_032665.1,75726694,75726698,74036181,ACAAG,A,4
NC_037343.1,NC_032665.1,75760717,75760718,74070203,CG,C,1
NC_037343.1,NC_032665.1,75765205,75765206,74074695,CT,C,1
NC_037343.1,NC_032665.1,75765208,75765213,74074697,TTTACA,T,5
NC_037343.1,NC_032665.1,75854497,75854498,74159838,AC,A,1
NC_037343.1,NC_032665.1,76054268,76054270,74360510,CAT,C,2
NC_037343.1,NC_032665.1,76060323,76060324,74366563,TC,T,1
NC_037343.1,NC_032665.1,76060327,76060328,74366566,AT,A,1
NC_037343.1,NC_032665.1,76060334,76060335,74366572,TG,T,1
NC_037343.1,NC_032665.1,76135543,76135544,74441845,GT,G,1
NC_037343.1,NC_032665.1,76180720,76180721,74486976,GT,G,1
NC_037343.1,NC_032665.1,76186775,76186776,74492904,TG,T,1
NC_037343.1,NC_032665.1,76189324,76189351,74495456,TTTACTTGTATGGCTTGCAGTGAGATTG,T,27
NC_037343.1,NC_032665.1,76190072,76190075,74496060,TTGC,T,3
NC_037343.1,NC_032665.1,76227214,76227216,74533434,TAA,T,2
NC_037343.1,NC_032665.1,76348476,76348477,74655022,CT,C,1
NC_037343.1,NC_032665.1,76352627,76352628,74659179,AT,A,1
NC_037343.1,NC_032665.1,76352888,76352890,74659439,CTG,C,2
NC_037343.1,NC_032665.1,76353213,76353214,74659762,GT,G,1
NC_037343.1,NC_032665.1,76357887,76357889,74664437,TAA,T,2
NC_037343.1,NC_032665.1,76361712,76361713,74668260,CT,C,1
NC_037343.1,NC_032665.1,76416952,76416953,74725680,CA,C,1
NC_037343.1,NC_032665.1,76480584,76480585,74791340,GA,G,1
NC_037343.1,NC_032665.1,76513358,76513359,74825114,AG,A,1
NC_037343.1,NC_032665.1,76544730,76544731,74855869,AC,A,1
NC_037343.1,NC_032665.1,76624865,76624867,74936405,ATT,A,2
NC_037343.1,NC_032665.1,76640413,76640414,74951473,AC,A,1
NC_037343.1,NC_032665.1,76702062,76702063,75039223,GC,G,1
NC_037343.1,NC_032665.1,76796397,76796404,75134921,ATGTGGGC,A,7
NC_037343.1,NC_032665.1,76802906,76802907,75141428,AT,A,1
NC_037343.1,NC_032665.1,76823891,76823892,75162416,AT,A,1
NC_037343.1,NC_032665.1,76833030,76833054,75175159,GATATATAACTCAAATATAACGTTA,G,24
NC_037343.1,NC_032665.1,76973687,76973709,75316070,TCTTCCAGGATTTTATGGGTGGC,T,22
NC_037343.1,NC_032665.1,76986643,76986646,75329007,CTGA,C,3
NC_037343.1,NC_032665.1,76996340,76996341,75338585,CA,C,1
NC_037343.1,NC_032665.1,77001331,77001332,75343547,CG,C,1
NC_037343.1,NC_032665.1,77019410,77019413,75361983,CAAT,C,3
NC_037343.1,NC_032665.1,77122324,77122325,75479207,AT,A,1
NC_037343.1,NC_032665.1,77142922,77142923,75499806,GA,G,1
NC_037343.1,NC_032665.1,77369427,77369428,75726198,TG,T,1
NC_037343.1,NC_032665.1,77506539,77506540,75874734,AT,A,1
NC_037343.1,NC_032665.1,77653783,77653784,76016770,GA,G,1
NC_037343.1,NC_032665.1,77669437,77669438,76032430,TC,T,1
NC_037343.1,NC_032665.1,77681421,77681422,76043863,CA,C,1
NC_037343.1,NC_032665.1,77769782,77769783,76132540,TC,T,1
NC_037343.1,NC_032665.1,78126078,78126079,76489118,CA,C,1
NC_037343.1,NC_032665.1,78561806,78561807,77024937,CG,C,1
NC_037343.1,NC_032665.1,79020004,79020005,77665987,TC,T,1
NC_037343.1,NC_032665.1,79025578,79025579,77671561,GC,G,1
NC_037343.1,NC_032665.1,79026649,79026650,77672632,CT,C,1
