Reference ID,Query ID,Reference POS,Reference END,Query POS,REF,ALT,SVLEN
NC_037339.1,NC_032661.1,2163374,2163375,274078,TC,T,1
NC_037339.1,NC_032661.1,2164313,2164315,275016,CAA,C,2
NC_037339.1,NC_032661.1,2182758,2182761,293477,GATT,G,3
NC_037339.1,NC_032661.1,2250185,2250186,361323,GC,G,1
NC_037339.1,NC_032661.1,2325823,2325824,436984,GA,G,1
NC_037339.1,NC_032661.1,2332382,2332383,443552,GC,G,1
NC_037339.1,NC_032661.1,2384714,2384715,495882,AT,A,1
NC_037339.1,NC_032661.1,2455551,2455552,566876,TC,T,1
NC_037339.1,NC_032661.1,2465676,2465679,577004,GTAC,G,3
NC_037339.1,NC_032661.1,2471933,2471934,583266,TG,T,1
NC_037339.1,NC_032661.1,2624865,2624868,743236,ATGT,A,3
NC_037339.1,NC_032661.1,2720536,2720538,839046,CTA,C,2
NC_037339.1,NC_032661.1,2807718,2807719,926599,AT,A,1
NC_037339.1,NC_032661.1,2904465,2904466,1023370,CT,C,1
NC_037339.1,NC_032661.1,2908353,2908354,1027257,AG,A,1
NC_037339.1,NC_032661.1,3225490,3225500,1324413,CCTAGGCTCCT,C,10
NC_037339.1,NC_032661.1,3334068,3334069,1482621,TG,T,1
NC_037339.1,NC_032661.1,3348191,3348192,1496303,TA,T,1
NC_037339.1,NC_032661.1,3367822,3367823,1515667,GT,G,1
NC_037339.1,NC_032661.1,3367828,3367830,1515672,TTG,T,2
NC_037339.1,NC_032661.1,3504958,3504959,1654490,AT,A,1
NC_037339.1,NC_032661.1,3504970,3504972,1654501,AAG,A,2
NC_037339.1,NC_032661.1,3841395,3841419,1990559,GATAAACGTGTAATGATATGCATCC,G,24
NC_037339.1,NC_032661.1,3889858,3889859,2053411,GC,G,1
NC_037339.1,NC_032661.1,3890551,3890552,2054103,AC,A,1
NC_037339.1,NC_032661.1,4087123,4087124,2253629,AT,A,1
NC_037339.1,NC_032661.1,4454547,4454550,2623088,AGAT,A,3
NC_037339.1,NC_032661.1,4455578,4455579,2624117,AC,A,1
NC_037339.1,NC_032661.1,4483245,4483257,2651719,TGTGTATAGAGAA,T,12
NC_037339.1,NC_032661.1,4483407,4483410,2651869,ACTG,A,3
NC_037339.1,NC_032661.1,4536568,4536569,2707423,GC,G,1
NC_037339.1,NC_032661.1,4542119,4542121,2713004,AGT,A,2
NC_037339.1,NC_032661.1,4563998,4563999,2734921,TG,T,1
NC_037339.1,NC_032661.1,4737603,4737604,3094735,TA,T,1
NC_037339.1,NC_032661.1,4740867,4740888,3097994,AAAGATAATGATTTGTTTTTTG,A,21
NC_037339.1,NC_032661.1,4856555,4856556,3213335,AT,A,1
NC_037339.1,NC_032661.1,5035745,5035746,3487127,AT,A,1
NC_037339.1,NC_032661.1,5055155,5055156,3511116,CA,C,1
NC_037339.1,NC_032661.1,5056690,5056692,3512656,ACC,A,2
NC_037339.1,NC_032661.1,5121210,5121211,3580463,GC,G,1
NC_037339.1,NC_032661.1,5538038,5538039,3997271,GC,G,1
NC_037339.1,NC_032661.1,5922174,5922175,4418440,CT,C,1
NC_037339.1,NC_032661.1,6453276,6453277,5095736,TC,T,1
NC_037339.1,NC_032661.1,6546261,6546262,5188999,TA,T,1
NC_037339.1,NC_032661.1,6551207,6551208,5194014,GT,G,1
NC_037339.1,NC_032661.1,6557134,6557135,5199940,GA,G,1
NC_037339.1,NC_032661.1,6557180,6557182,5199984,AAC,A,2
NC_037339.1,NC_032661.1,6557203,6557204,5200005,AC,A,1
NC_037339.1,NC_032661.1,6557219,6557220,5200020,AT,A,1
NC_037339.1,NC_032661.1,6649144,6649145,5309921,GT,G,1
NC_037339.1,NC_032661.1,6649157,6649158,5309933,AG,A,1
NC_037339.1,NC_032661.1,6649224,6649225,5309997,GC,G,1
NC_037339.1,NC_032661.1,7052325,7052326,5716305,CT,C,1
NC_037339.1,NC_032661.1,7174501,7174503,5838486,TTC,T,2
NC_037339.1,NC_032661.1,7174507,7174508,5838490,AT,A,1
NC_037339.1,NC_032661.1,7174622,7174623,5838604,TC,T,1
NC_037339.1,NC_032661.1,7830946,7830947,6441204,AT,A,1
NC_037339.1,NC_032661.1,8965657,8965658,7617461,TC,T,1
NC_037339.1,NC_032661.1,9056972,9056973,7711793,CT,C,1
NC_037339.1,NC_032661.1,9740619,9740620,8385162,TC,T,1
NC_037339.1,NC_032661.1,9828982,9828983,8473280,TC,T,1
NC_037339.1,NC_032661.1,9896147,9896151,8541300,ACAGG,A,4
NC_037339.1,NC_032661.1,9923225,9923226,8569362,AG,A,1
NC_037339.1,NC_032661.1,9924987,9924988,8571124,TG,T,1
NC_037339.1,NC_032661.1,10062676,10062677,8708064,GC,G,1
NC_037339.1,NC_032661.1,10078838,10078839,8724227,CA,C,1
NC_037339.1,NC_032661.1,10221770,10221772,8867349,TTG,T,2
NC_037339.1,NC_032661.1,10221779,10221780,8867356,AT,A,1
NC_037339.1,NC_032661.1,10221795,10221796,8867371,AT,A,1
NC_037339.1,NC_032661.1,10221800,10221801,8867375,AT,A,1
NC_037339.1,NC_032661.1,10314266,10314267,8960620,AC,A,1
NC_037339.1,NC_032661.1,10325002,10325003,8971240,AT,A,1
NC_037339.1,NC_032661.1,10387555,10387557,9033802,AAT,A,2
NC_037339.1,NC_032661.1,10406662,10406663,9052908,AT,A,1
NC_037339.1,NC_032661.1,10687219,10687220,9333006,CG,C,1
NC_037339.1,NC_032661.1,10722845,10722846,9368636,TG,T,1
NC_037339.1,NC_032661.1,10781205,10781206,9426319,TC,T,1
NC_037339.1,NC_032661.1,10790649,10790650,9435710,AG,A,1
NC_037339.1,NC_032661.1,10794689,10794690,9439767,TA,T,1
NC_037339.1,NC_032661.1,11142846,11142847,9780056,CG,C,1
NC_037339.1,NC_032661.1,11276184,11276185,9913391,TA,T,1
NC_037339.1,NC_032661.1,11720063,11720064,10362071,TG,T,1
NC_037339.1,NC_032661.1,11730138,11730139,10372145,CA,C,1
NC_037339.1,NC_032661.1,11730284,11730285,10372290,CA,C,1
NC_037339.1,NC_032661.1,11838053,11838055,10480445,TTG,T,2
NC_037339.1,NC_032661.1,11838117,11838118,10480505,GC,G,1
NC_037339.1,NC_032661.1,11895849,11895850,10538205,CA,C,1
NC_037339.1,NC_032661.1,12226396,12226399,10894091,TCGG,T,3
NC_037339.1,NC_032661.1,12277550,12277551,10945228,GT,G,1
NC_037339.1,NC_032661.1,12706705,12706706,11452307,CA,C,1
NC_037339.1,NC_032661.1,12706742,12706743,11452342,CT,C,1
NC_037339.1,NC_032661.1,12706747,12706748,11452346,CA,C,1
NC_037339.1,NC_032661.1,13164439,13164440,11939016,TA,T,1
NC_037339.1,NC_032661.1,13221145,13221146,11997579,GA,G,1
NC_037339.1,NC_032661.1,13630897,13630899,12426758,TCA,T,2
NC_037339.1,NC_032661.1,13634011,13634012,12429870,CA,C,1
NC_037339.1,NC_032661.1,13638040,13638041,12433900,CA,C,1
NC_037339.1,NC_032661.1,13726188,13726189,12594975,CT,C,1
NC_037339.1,NC_032661.1,13911670,13911671,12820932,AG,A,1
NC_037339.1,NC_032661.1,13911686,13911687,12820947,AG,A,1
NC_037339.1,NC_032661.1,13911704,13911705,12820964,AG,A,1
NC_037339.1,NC_032661.1,13911760,13911761,12821018,CG,C,1
NC_037339.1,NC_032661.1,13911774,13911775,12821031,CA,C,1
NC_037339.1,NC_032661.1,13911780,13911781,12821036,AG,A,1
NC_037339.1,NC_032661.1,13954260,13954261,12863512,AT,A,1
NC_037339.1,NC_032661.1,13954282,13954284,12863533,CCA,C,2
NC_037339.1,NC_032661.1,13967954,13967955,12877201,AC,A,1
NC_037339.1,NC_032661.1,14005766,14005767,12915016,GA,G,1
NC_037339.1,NC_032661.1,14025522,14025523,12934775,CA,C,1
NC_037339.1,NC_032661.1,14037821,14037822,12947127,GC,G,1
NC_037339.1,NC_032661.1,14357546,14357547,13267360,GT,G,1
NC_037339.1,NC_032661.1,14411300,14411301,13433015,GA,G,1
NC_037339.1,NC_032661.1,14449515,14449516,13468778,TG,T,1
NC_037339.1,NC_032661.1,14449519,14449520,13468781,GA,G,1
NC_037339.1,NC_032661.1,14616263,14616264,13594418,AC,A,1
NC_037339.1,NC_032661.1,15238294,15238295,14223371,TC,T,1
NC_037339.1,NC_032661.1,15434444,15434445,14422954,TA,T,1
NC_037339.1,NC_032661.1,15434460,15434461,14422969,TA,T,1
NC_037339.1,NC_032661.1,15468796,15468797,14457320,GT,G,1
NC_037339.1,NC_032661.1,15468805,15468806,14457328,AG,A,1
NC_037339.1,NC_032661.1,15739989,15739990,14721329,AG,A,1
NC_037339.1,NC_032661.1,16040804,16040805,15059402,AG,A,1
NC_037339.1,NC_032661.1,16104078,16104079,15122463,AG,A,1
NC_037339.1,NC_032661.1,16351811,16351812,15376245,GT,G,1
NC_037339.1,NC_032661.1,16588192,16588193,15610984,TC,T,1
NC_037339.1,NC_032661.1,16600024,16600025,15622813,GT,G,1
NC_037339.1,NC_032661.1,16663992,16663993,15687099,CT,C,1
NC_037339.1,NC_032661.1,16688222,16688223,15711356,TG,T,1
NC_037339.1,NC_032661.1,16707553,16707554,15730691,CA,C,1
NC_037339.1,NC_032661.1,16885232,16885233,15908695,TA,T,1
NC_037339.1,NC_032661.1,16958492,16958555,16009437,TGGAGCCCCTTCAGGAAGCGGAATTATCACTTTGTCCAGTTGTTCCCTTGTTCTTAGCTCAGGG,T,63
NC_037339.1,NC_032661.1,16958603,16958604,16009485,CA,C,1
NC_037339.1,NC_032661.1,16973571,16973574,16024544,TTTA,T,3
NC_037339.1,NC_032661.1,17066958,17066959,16118391,GT,G,1
NC_037339.1,NC_032661.1,17107794,17107796,16159274,CCT,C,2
NC_037339.1,NC_032661.1,17226839,17226840,16287689,TC,T,1
NC_037339.1,NC_032661.1,17944345,17944346,17114880,CA,C,1
NC_037339.1,NC_032661.1,17944420,17944421,17114954,AT,A,1
NC_037339.1,NC_032661.1,18123292,18123294,17513497,GGT,G,2
NC_037339.1,NC_032661.1,18323375,18323377,17712533,AAG,A,2
NC_037339.1,NC_032661.1,18323385,18323386,17712541,GA,G,1
NC_037339.1,NC_032661.1,18373388,18373390,17762527,TTC,T,2
NC_037339.1,NC_032661.1,18373451,18373452,17762587,GC,G,1
NC_037339.1,NC_032661.1,18556487,18556488,17936271,TG,T,1
NC_037339.1,NC_032661.1,18556561,18556562,17936343,TC,T,1
NC_037339.1,NC_032661.1,19432492,19432493,18819170,GA,G,1
NC_037339.1,NC_032661.1,19626467,19626468,19059453,GT,G,1
NC_037339.1,NC_032661.1,20515665,20515666,20007587,CT,C,1
NC_037339.1,NC_032661.1,20875652,20875653,20357354,TA,T,1
NC_037339.1,NC_032661.1,21025856,21025857,20491910,AC,A,1
NC_037339.1,NC_032661.1,21213528,21213530,20679312,GGC,G,2
NC_037339.1,NC_032661.1,21213535,21213536,20679317,AG,A,1
NC_037339.1,NC_032661.1,21213595,21213596,20679375,GA,G,1
NC_037339.1,NC_032661.1,21213606,21213607,20679385,CA,C,1
NC_037339.1,NC_032661.1,21304140,21304141,20769961,AG,A,1
NC_037339.1,NC_032661.1,21519739,21519740,20930035,GA,G,1
NC_037339.1,NC_032661.1,21519874,21519875,20930171,CA,C,1
NC_037339.1,NC_032661.1,21519920,21519921,20930216,GT,G,1
NC_037339.1,NC_032661.1,21520969,21520970,20931266,AT,A,1
NC_037339.1,NC_032661.1,22009661,22009662,21532461,TA,T,1
NC_037339.1,NC_032661.1,22009667,22009668,21532466,GA,G,1
NC_037339.1,NC_032661.1,22700424,22700425,22163094,AT,A,1
NC_037339.1,NC_032661.1,22915163,22915165,22402414,CTT,C,2
NC_037339.1,NC_032661.1,23164597,23164598,22644800,AC,A,1
NC_037339.1,NC_032661.1,23423364,23423368,22942524,TTGTG,T,4
NC_037339.1,NC_032661.1,23609262,23609264,23160367,AAT,A,2
NC_037339.1,NC_032661.1,24127129,24127130,23764986,AG,A,1
NC_037339.1,NC_032661.1,25402134,25402135,25100565,CT,C,1
NC_037339.1,NC_032661.1,25402151,25402152,25100581,GT,G,1
NC_037339.1,NC_032661.1,27431414,27431415,27230795,AT,A,1
NC_037339.1,NC_032661.1,27998658,27998729,27800830,TCATTCTCACCAGAGCCATAACTTACATACCTAACAACTCACCAGCTAGAGTAGTAGGTGCATCATACGAGA,T,71
NC_037339.1,NC_032661.1,28002292,28002293,27804395,GA,G,1
NC_037339.1,NC_032661.1,28117124,28117125,27919359,CT,C,1
NC_037339.1,NC_032661.1,28175033,28175034,27977271,AG,A,1
NC_037339.1,NC_032661.1,29124374,29124375,28922653,CA,C,1
NC_037339.1,NC_032661.1,30472848,30472849,30354225,AC,A,1
NC_037339.1,NC_032661.1,30762202,30762203,30735397,CT,C,1
NC_037339.1,NC_032661.1,30762523,30762525,30735718,TTA,T,2
NC_037339.1,NC_032661.1,30762528,30762529,30735721,AT,A,1
NC_037339.1,NC_032661.1,30762539,30762541,30735731,TTG,T,2
NC_037339.1,NC_032661.1,31263157,31263158,31268774,GT,G,1
NC_037339.1,NC_032661.1,31318869,31318871,31324485,AAG,A,2
NC_037339.1,NC_032661.1,31318874,31318875,31324488,AG,A,1
NC_037339.1,NC_032661.1,31318931,31318932,31324542,AG,A,1
NC_037339.1,NC_032661.1,31701850,31701851,31711974,GT,G,1
NC_037339.1,NC_032661.1,32475449,32475450,32558518,AT,A,1
NC_037339.1,NC_032661.1,32475487,32475488,32558554,GT,G,1
NC_037339.1,NC_032661.1,32666156,32666158,32749824,TTG,T,2
NC_037339.1,NC_032661.1,32666204,32666205,32749867,GT,G,1
NC_037339.1,NC_032661.1,32826973,32826974,32962381,AG,A,1
NC_037339.1,NC_032661.1,32872227,32872228,33007556,GC,G,1
NC_037339.1,NC_032661.1,32961021,32961022,33096425,AC,A,1
NC_037339.1,NC_032661.1,32961068,32961069,33096470,AC,A,1
NC_037339.1,NC_032661.1,32961080,32961081,33096481,GA,G,1
NC_037339.1,NC_032661.1,32961096,32961098,33096496,TTC,T,2
NC_037339.1,NC_032661.1,32961109,32961110,33096507,CT,C,1
NC_037339.1,NC_032661.1,32961171,32961172,33096567,AC,A,1
NC_037339.1,NC_032661.1,32961230,32961231,33096624,TG,T,1
NC_037339.1,NC_032661.1,33222433,33222435,33357274,TTG,T,2
NC_037339.1,NC_032661.1,33383442,33383444,33517051,TTA,T,2
NC_037339.1,NC_032661.1,33499644,33499645,33679763,GC,G,1
NC_037339.1,NC_032661.1,33794615,33794616,34116402,CA,C,1
NC_037339.1,NC_032661.1,33802756,33802757,34124537,CA,C,1
NC_037339.1,NC_032661.1,34256659,34256690,34668040,GGTGACCCCTCGGGGACATTGTTCCCTCCGCA,G,31
NC_037339.1,NC_032661.1,34653537,34653538,35084408,TC,T,1
NC_037339.1,NC_032661.1,34653544,34653545,35084414,GA,G,1
NC_037339.1,NC_032661.1,35098489,35098490,35542738,AT,A,1
NC_037339.1,NC_032661.1,35098498,35098500,35542746,AAG,A,2
NC_037339.1,NC_032661.1,35098506,35098507,35542752,AC,A,1
NC_037339.1,NC_032661.1,35303973,35303974,35745196,AG,A,1
NC_037339.1,NC_032661.1,35303979,35303981,35745201,AAG,A,2
NC_037339.1,NC_032661.1,35303994,35303995,35745214,GT,G,1
NC_037339.1,NC_032661.1,35304000,35304001,35745219,GC,G,1
NC_037339.1,NC_032661.1,36714406,36714407,37164642,AT,A,1
NC_037339.1,NC_032661.1,36714414,36714415,37164649,GT,G,1
NC_037339.1,NC_032661.1,36714422,36714423,37164656,AT,A,1
NC_037339.1,NC_032661.1,36714436,36714437,37164669,TC,T,1
NC_037339.1,NC_032661.1,37655386,37655388,38119608,TTG,T,2
NC_037339.1,NC_032661.1,38278985,38279013,38782220,TTTAAGACCTAGATAATTATGGAGGAAAA,T,28
NC_037339.1,NC_032661.1,39136837,39136839,39644078,AAC,A,2
NC_037339.1,NC_032661.1,39136844,39136846,39644083,TTC,T,2
NC_037339.1,NC_032661.1,39136853,39136854,39644090,AC,A,1
NC_037339.1,NC_032661.1,40062127,40062128,40573603,TA,T,1
NC_037339.1,NC_032661.1,40363159,40363160,40872004,AT,A,1
NC_037339.1,NC_032661.1,40862564,40862565,41397375,AG,A,1
NC_037339.1,NC_032661.1,41347137,41347138,41883189,TA,T,1
NC_037339.1,NC_032661.1,41800854,41800855,42368256,GT,G,1
NC_037339.1,NC_032661.1,41808057,41808058,42376384,GT,G,1
NC_037339.1,NC_032661.1,42068406,42068407,42636828,CA,C,1
NC_037339.1,NC_032661.1,42152887,42152888,42720217,GA,G,1
NC_037339.1,NC_032661.1,42227897,42227898,42829901,CA,C,1
NC_037339.1,NC_032661.1,42247509,42247510,42849504,TA,T,1
NC_037339.1,NC_032661.1,42337479,42337480,42939456,CA,C,1
NC_037339.1,NC_032661.1,42344973,42344974,42946949,GA,G,1
NC_037339.1,NC_032661.1,42345074,42345075,42947048,CT,C,1
NC_037339.1,NC_032661.1,43278671,43278672,43426347,CA,C,1
NC_037339.1,NC_032661.1,43485366,43485367,43634875,GT,G,1
NC_037339.1,NC_032661.1,43850702,43850703,44014203,CA,C,1
NC_037339.1,NC_032661.1,44122331,44122332,44290368,AG,A,1
NC_037339.1,NC_032661.1,44147569,44147570,44315907,TA,T,1
NC_037339.1,NC_032661.1,44160683,44160684,44329020,TA,T,1
NC_037339.1,NC_032661.1,44358236,44358238,44527476,TTA,T,2
NC_037339.1,NC_032661.1,44601248,44601249,44775005,AG,A,1
NC_037339.1,NC_032661.1,44603314,44603315,44777076,CA,C,1
NC_037339.1,NC_032661.1,44883364,44883365,45061331,AT,A,1
NC_037339.1,NC_032661.1,44889533,44889534,45067491,AT,A,1
NC_037339.1,NC_032661.1,44945682,44945683,45120274,GA,G,1
NC_037339.1,NC_032661.1,44946567,44946568,45121896,AT,A,1
NC_037339.1,NC_032661.1,45085997,45085998,45265446,AG,A,1
NC_037339.1,NC_032661.1,45282413,45282418,45461597,CAAGTA,C,5
NC_037339.1,NC_032661.1,45417803,45417804,45614749,TG,T,1
NC_037339.1,NC_032661.1,45767584,45767586,45965853,TTC,T,2
NC_037339.1,NC_032661.1,45834381,45834383,46033348,TTC,T,2
NC_037339.1,NC_032661.1,45834405,45834407,46033370,AAT,A,2
NC_037339.1,NC_032661.1,45834420,45834421,46033383,GT,G,1
NC_037339.1,NC_032661.1,45850111,45850112,46049075,GT,G,1
NC_037339.1,NC_032661.1,46097966,46097967,46398129,CT,C,1
NC_037339.1,NC_032661.1,46297491,46297492,46598595,CT,C,1
NC_037339.1,NC_032661.1,46390789,46390790,46691681,CT,C,1
NC_037339.1,NC_032661.1,46901057,46901060,47249350,CCTT,C,3
NC_037339.1,NC_032661.1,46969894,46969895,47317961,GA,G,1
NC_037339.1,NC_032661.1,46982204,46982205,47330272,TG,T,1
NC_037339.1,NC_032661.1,46995372,46995374,47343436,TAA,T,2
NC_037339.1,NC_032661.1,47037879,47037880,47385861,AC,A,1
NC_037339.1,NC_032661.1,47045604,47045605,47393587,GT,G,1
NC_037339.1,NC_032661.1,47051144,47051145,47399263,AG,A,1
NC_037339.1,NC_032661.1,47091572,47091573,47439186,CT,C,1
NC_037339.1,NC_032661.1,47317389,47317392,47664479,CATA,C,3
NC_037339.1,NC_032661.1,47477719,47477720,47823552,TA,T,1
NC_037339.1,NC_032661.1,47477726,47477727,47823558,TA,T,1
NC_037339.1,NC_032661.1,47490900,47490901,47836806,AT,A,1
NC_037339.1,NC_032661.1,47493781,47493782,47839682,CT,C,1
NC_037339.1,NC_032661.1,47506359,47506360,47852263,AC,A,1
NC_037339.1,NC_032661.1,48156496,48156497,48506339,CA,C,1
NC_037339.1,NC_032661.1,48249693,48249694,48599527,AC,A,1
NC_037339.1,NC_032661.1,48273079,48273080,48622492,CT,C,1
NC_037339.1,NC_032661.1,48332822,48332823,48678924,GC,G,1
NC_037339.1,NC_032661.1,48332861,48332862,48678962,CA,C,1
NC_037339.1,NC_032661.1,48520365,48520383,48868070,TACTCTGACACTTTGATCA,T,18
NC_037339.1,NC_032661.1,48603229,48603230,48951281,AG,A,1
NC_037339.1,NC_032661.1,48765450,48765451,49130200,GA,G,1
NC_037339.1,NC_032661.1,48809280,48809281,49174041,CG,C,1
NC_037339.1,NC_032661.1,48837322,48837323,49202116,AC,A,1
NC_037339.1,NC_032661.1,48863929,48863931,49235209,CTT,C,2
NC_037339.1,NC_032661.1,48941330,48941352,49312649,CAACCTATTGAGTTGTTGTAATA,C,22
NC_037339.1,NC_032661.1,48946698,48946699,49317993,AT,A,1
NC_037339.1,NC_032661.1,48946723,48946724,49318017,GC,G,1
NC_037339.1,NC_032661.1,49234579,49234580,49607221,CT,C,1
NC_037339.1,NC_032661.1,49293877,49293878,49671743,GT,G,1
NC_037339.1,NC_032661.1,49293947,49293948,49671843,TC,T,1
NC_037339.1,NC_032661.1,49293960,49293961,49671855,TA,T,1
NC_037339.1,NC_032661.1,49468625,49468629,49862567,GATAA,G,4
NC_037339.1,NC_032661.1,49669785,49669786,50063687,GA,G,1
NC_037339.1,NC_032661.1,49721518,49721519,50115453,AT,A,1
NC_037339.1,NC_032661.1,50778621,50778627,51250007,AAGAGTT,A,6
NC_037339.1,NC_032661.1,50778686,50778687,51250066,AC,A,1
NC_037339.1,NC_032661.1,50796670,50796671,51268268,GC,G,1
NC_037339.1,NC_032661.1,50796751,50796753,51268347,GTC,G,2
NC_037339.1,NC_032661.1,50796769,50796770,51268363,TA,T,1
NC_037339.1,NC_032661.1,50809260,50809261,51280856,AC,A,1
NC_037339.1,NC_032661.1,50809427,50809469,51281022,CACATGAACTGCAACAGTTTCCTGACATCTCTCCCAGCCTCCA,C,42
NC_037339.1,NC_032661.1,50810798,50810799,51282350,TG,T,1
NC_037339.1,NC_032661.1,50905797,50905798,51377454,AG,A,1
NC_037339.1,NC_032661.1,50907105,50907106,51378733,AG,A,1
NC_037339.1,NC_032661.1,50939142,50939143,51410800,AT,A,1
NC_037339.1,NC_032661.1,51108068,51108069,51583094,TG,T,1
NC_037339.1,NC_032661.1,51163701,51163702,51638732,CA,C,1
NC_037339.1,NC_032661.1,51277903,51277904,51793541,CA,C,1
NC_037339.1,NC_032661.1,51279583,51279584,51795223,AG,A,1
NC_037339.1,NC_032661.1,51573534,51573535,52099807,GA,G,1
NC_037339.1,NC_032661.1,51573550,51573551,52099822,TA,T,1
NC_037339.1,NC_032661.1,51573574,51573575,52099844,CT,C,1
NC_037339.1,NC_032661.1,51625137,51625139,52151635,AAT,A,2
NC_037339.1,NC_032661.1,51638244,51638245,52164747,GT,G,1
NC_037339.1,NC_032661.1,51638258,51638259,52164760,CA,C,1
NC_037339.1,NC_032661.1,52048266,52048267,52572740,CT,C,1
NC_037339.1,NC_032661.1,52072274,52072275,52596456,AT,A,1
NC_037339.1,NC_032661.1,52072344,52072345,52596525,CT,C,1
NC_037339.1,NC_032661.1,52546943,52546944,53070333,TC,T,1
NC_037339.1,NC_032661.1,52659601,52659603,53183065,TTG,T,2
NC_037339.1,NC_032661.1,52659608,52659609,53183070,CA,C,1
NC_037339.1,NC_032661.1,52665569,52665574,53189174,GTCGGC,G,5
NC_037339.1,NC_032661.1,52799268,52799270,53381311,TAA,T,2
NC_037339.1,NC_032661.1,52879647,52879648,53460881,CT,C,1
NC_037339.1,NC_032661.1,52896651,52896652,53477886,AG,A,1
NC_037339.1,NC_032661.1,52908059,52908061,53489304,ACC,A,2
NC_037339.1,NC_032661.1,52946526,52946527,53532330,GC,G,1
NC_037339.1,NC_032661.1,53011453,53011454,53597337,GT,G,1
NC_037339.1,NC_032661.1,53017597,53017598,53603357,TC,T,1
NC_037339.1,NC_032661.1,53017609,53017610,53603368,AG,A,1
NC_037339.1,NC_032661.1,53017672,53017674,53603430,CTT,C,2
NC_037339.1,NC_032661.1,53215270,53215271,53803301,GA,G,1
NC_037339.1,NC_032661.1,53215282,53215283,53803312,GA,G,1
NC_037339.1,NC_032661.1,53215290,53215291,53803319,GT,G,1
NC_037339.1,NC_032661.1,53228293,53228296,53816325,CCAT,C,3
NC_037339.1,NC_032661.1,53237738,53237739,53825774,TA,T,1
NC_037339.1,NC_032661.1,53343730,53343731,53931706,TG,T,1
NC_037339.1,NC_032661.1,53356986,53356987,53944964,TC,T,1
NC_037339.1,NC_032661.1,53410266,53410267,53997807,CT,C,1
NC_037339.1,NC_032661.1,53525716,53525717,54113442,AC,A,1
NC_037339.1,NC_032661.1,53526174,53526175,54113899,AC,A,1
NC_037339.1,NC_032661.1,53532426,53532427,54120149,AT,A,1
NC_037339.1,NC_032661.1,53536021,53536022,54123751,TG,T,1
NC_037339.1,NC_032661.1,53588842,53588843,54176579,TG,T,1
NC_037339.1,NC_032661.1,53601399,53601400,54188934,GA,G,1
NC_037339.1,NC_032661.1,53601413,53601414,54188947,AT,A,1
NC_037339.1,NC_032661.1,53736021,53736022,54324085,AT,A,1
NC_037339.1,NC_032661.1,53800815,53800816,54388694,CG,C,1
NC_037339.1,NC_032661.1,54042491,54042492,54644305,AG,A,1
NC_037339.1,NC_032661.1,54137055,54137057,54738071,TTA,T,2
NC_037339.1,NC_032661.1,54141513,54141514,54742525,AC,A,1
NC_037339.1,NC_032661.1,54162094,54162095,54763149,CG,C,1
NC_037339.1,NC_032661.1,54365938,54365939,54870000,TC,T,1
NC_037339.1,NC_032661.1,54635537,54635576,55139876,TGACTCACACACATCTCTTATTTCAAAATTGATTTTTCTG,T,39
NC_037339.1,NC_032661.1,54685481,54685482,55189821,CG,C,1
NC_037339.1,NC_032661.1,54746433,54746434,55250943,CT,C,1
NC_037339.1,NC_032661.1,54913392,54913393,55417562,GA,G,1
NC_037339.1,NC_032661.1,55029308,55029309,55533492,TG,T,1
NC_037339.1,NC_032661.1,55201590,55201591,55763032,TG,T,1
NC_037339.1,NC_032661.1,55290099,55290100,55853469,GT,G,1
NC_037339.1,NC_032661.1,55290385,55290386,55853755,GA,G,1
NC_037339.1,NC_032661.1,55599717,55599718,56169002,AT,A,1
NC_037339.1,NC_032661.1,55843394,55843395,56425999,GC,G,1
NC_037339.1,NC_032661.1,55969024,55969027,56551731,TTTA,T,3
NC_037339.1,NC_032661.1,56297663,56297664,56880064,GT,G,1
NC_037339.1,NC_032661.1,56396451,56396452,56978005,TA,T,1
NC_037339.1,NC_032661.1,56397333,56397334,56978886,TG,T,1
NC_037339.1,NC_032661.1,56400831,56400832,56982380,AC,A,1
NC_037339.1,NC_032661.1,56401600,56401601,56983150,AC,A,1
NC_037339.1,NC_032661.1,56451365,56451366,57032771,AG,A,1
NC_037339.1,NC_032661.1,56451383,56451384,57032788,GA,G,1
NC_037339.1,NC_032661.1,56488370,56488371,57069799,CT,C,1
NC_037339.1,NC_032661.1,56657151,56657154,57238520,TAAC,T,3
NC_037339.1,NC_032661.1,56945228,56945276,57531379,AGGAAGCAACAGCATCCTGGTTAATATTTAATTGATAGTACAGAATTTG,A,48
NC_037339.1,NC_032661.1,57168034,57168035,57753812,TA,T,1
NC_037339.1,NC_032661.1,57309719,57309720,57895096,TA,T,1
NC_037339.1,NC_032661.1,57310809,57310811,57896185,GAT,G,2
NC_037339.1,NC_032661.1,57388061,57388062,57973392,AG,A,1
NC_037339.1,NC_032661.1,57455231,57455232,58040919,GC,G,1
NC_037339.1,NC_032661.1,57467117,57467118,58052998,TG,T,1
NC_037339.1,NC_032661.1,58475655,58475657,58449523,AAC,A,2
NC_037339.1,NC_032661.1,58884978,58885014,58897346,TCTGTAGGAAGATTTTGTATCATCTTCATTGCTAATA,T,36
NC_037339.1,NC_032661.1,59342295,59342299,59354336,CTTTG,C,4
NC_037339.1,NC_032661.1,59351917,59351918,59361796,AC,A,1
NC_037339.1,NC_032661.1,59437136,59437137,59459567,GA,G,1
NC_037339.1,NC_032661.1,59451282,59451283,59473501,AT,A,1
NC_037339.1,NC_032661.1,59484341,59484342,59506556,TA,T,1
NC_037339.1,NC_032661.1,59508989,59508993,59539507,GTTCC,G,4
NC_037339.1,NC_032661.1,59595494,59595495,59655032,AT,A,1
NC_037339.1,NC_032661.1,59898647,59898648,59949555,GC,G,1
NC_037339.1,NC_032661.1,60117022,60117023,60169921,AG,A,1
NC_037339.1,NC_032661.1,60117285,60117287,60170183,AAC,A,2
NC_037339.1,NC_032661.1,60119231,60119232,60172126,TG,T,1
NC_037339.1,NC_032661.1,60813039,60813040,60898396,TC,T,1
NC_037339.1,NC_032661.1,60821609,60821610,60906981,CT,C,1
NC_037339.1,NC_032661.1,60845367,60845368,60930763,GT,G,1
NC_037339.1,NC_032661.1,60845667,60845668,60931062,TG,T,1
NC_037339.1,NC_032661.1,60947823,60947824,61032654,TA,T,1
NC_037339.1,NC_032661.1,60969828,60969832,61054691,GCACC,G,4
NC_037339.1,NC_032661.1,60986703,60986704,61055007,TC,T,1
NC_037339.1,NC_032661.1,60986744,60986745,61055047,CT,C,1
NC_037339.1,NC_032661.1,60996988,60996989,61065295,AT,A,1
NC_037339.1,NC_032661.1,61020856,61020857,61089365,GA,G,1
NC_037339.1,NC_032661.1,61020873,61020874,61089381,TA,T,1
NC_037339.1,NC_032661.1,61194136,61194137,61274500,CT,C,1
NC_037339.1,NC_032661.1,61355426,61355427,61506019,TA,T,1
NC_037339.1,NC_032661.1,61462356,61462364,61554508,CTTACTTGA,C,8
NC_037339.1,NC_032661.1,61599830,61599831,61673999,CG,C,1
NC_037339.1,NC_032661.1,61665588,61665589,61702766,TA,T,1
NC_037339.1,NC_032661.1,63748125,63748127,62660557,AAT,A,2
NC_037339.1,NC_032661.1,63763653,63763654,62676083,GT,G,1
NC_037339.1,NC_032661.1,63993380,63993382,62906665,AAG,A,2
NC_037339.1,NC_032661.1,63993435,63993436,62906718,AC,A,1
NC_037339.1,NC_032661.1,63995894,63995895,62909173,AG,A,1
NC_037339.1,NC_032661.1,63995957,63995958,62909232,TC,T,1
NC_037339.1,NC_032661.1,64042071,64042072,62975757,GA,G,1
NC_037339.1,NC_032661.1,64042083,64042084,62975768,TG,T,1
NC_037339.1,NC_032661.1,64075578,64075598,63009288,ACCCAATGTGACCAAGACACT,A,20
NC_037339.1,NC_032661.1,64188018,64188020,63121244,TTA,T,2
NC_037339.1,NC_032661.1,64229224,64229227,63162458,AATC,A,3
NC_037339.1,NC_032661.1,64237253,64237254,63173312,TG,T,1
NC_037339.1,NC_032661.1,64258547,64258548,63195350,CT,C,1
NC_037339.1,NC_032661.1,64270589,64270593,63207488,TACAC,T,4
NC_037339.1,NC_032661.1,64272871,64272873,63209680,AAT,A,2
NC_037339.1,NC_032661.1,64272879,64272880,63209686,TC,T,1
NC_037339.1,NC_032661.1,64328825,64328826,63264624,TC,T,1
NC_037339.1,NC_032661.1,64328836,64328837,63264634,AT,A,1
NC_037339.1,NC_032661.1,64328842,64328843,63264639,TG,T,1
NC_037339.1,NC_032661.1,64328850,64328851,63264646,AT,A,1
NC_037339.1,NC_032661.1,64328866,64328867,63264661,TA,T,1
NC_037339.1,NC_032661.1,64421753,64421754,63397915,TA,T,1
NC_037339.1,NC_032661.1,64421860,64421862,63398019,TTG,T,2
NC_037339.1,NC_032661.1,64445126,64445127,63493840,CT,C,1
NC_037339.1,NC_032661.1,64654461,64654462,63692840,CA,C,1
NC_037339.1,NC_032661.1,64659510,64659512,63696847,TAA,T,2
NC_037339.1,NC_032661.1,64711751,64711752,63748761,CA,C,1
NC_037339.1,NC_032661.1,64725788,64725789,63762810,CA,C,1
NC_037339.1,NC_032661.1,64725820,64725822,63762841,AAC,A,2
NC_037339.1,NC_032661.1,64725832,64725833,63762851,TA,T,1
NC_037339.1,NC_032661.1,64725844,64725845,63762862,CA,C,1
NC_037339.1,NC_032661.1,64725856,64725857,63762873,AG,A,1
NC_037339.1,NC_032661.1,64725867,64725868,63762883,CT,C,1
NC_037339.1,NC_032661.1,64815561,64815564,63847620,ACCT,A,3
NC_037339.1,NC_032661.1,64820770,64820772,63852829,TGC,T,2
NC_037339.1,NC_032661.1,65146089,65146090,64206290,AT,A,1
NC_037339.1,NC_032661.1,65289199,65289200,64349560,GA,G,1
NC_037339.1,NC_032661.1,65289210,65289211,64349570,CG,C,1
NC_037339.1,NC_032661.1,65291385,65291386,64351752,GT,G,1
NC_037339.1,NC_032661.1,66082921,66082922,65144556,TA,T,1
NC_037339.1,NC_032661.1,66121883,66121887,65183138,ATCAG,A,4
NC_037339.1,NC_032661.1,66130385,66130387,65191641,CAA,C,2
NC_037339.1,NC_032661.1,66147281,66147282,65208889,TA,T,1
NC_037339.1,NC_032661.1,66161518,66161522,65223123,GAATT,G,4
NC_037339.1,NC_032661.1,66447824,66447825,65516439,TG,T,1
NC_037339.1,NC_032661.1,66448783,66448784,65517397,TA,T,1
NC_037339.1,NC_032661.1,66496951,66496952,65566814,CA,C,1
NC_037339.1,NC_032661.1,66496965,66496966,65566827,AG,A,1
NC_037339.1,NC_032661.1,67242922,67242923,66212414,GA,G,1
NC_037339.1,NC_032661.1,67242938,67242939,66212429,TA,T,1
NC_037339.1,NC_032661.1,67242947,67242948,66212437,CA,C,1
NC_037339.1,NC_032661.1,67267132,67267133,66236462,CG,C,1
NC_037339.1,NC_032661.1,67314936,67314937,66284265,AT,A,1
NC_037339.1,NC_032661.1,67477742,67477743,66515573,TA,T,1
NC_037339.1,NC_032661.1,67670094,67670095,66685640,CG,C,1
NC_037339.1,NC_032661.1,67740652,67740653,66756320,GT,G,1
NC_037339.1,NC_032661.1,67901502,67901504,66917220,GAA,G,2
NC_037339.1,NC_032661.1,67902046,67902047,66917762,TG,T,1
NC_037339.1,NC_032661.1,67913166,67913168,66928886,ATC,A,2
NC_037339.1,NC_032661.1,67914350,67914351,66930071,AC,A,1
NC_037339.1,NC_032661.1,67961162,67961168,66976615,GTATATT,G,6
NC_037339.1,NC_032661.1,67964039,67964040,66979487,TG,T,1
NC_037339.1,NC_032661.1,68213682,68213683,67228191,CT,C,1
NC_037339.1,NC_032661.1,68216478,68216479,67231020,AG,A,1
NC_037339.1,NC_032661.1,68233656,68233657,67248196,GA,G,1
NC_037339.1,NC_032661.1,68288446,68288447,67302855,TG,T,1
NC_037339.1,NC_032661.1,68424113,68424114,67439094,CT,C,1
NC_037339.1,NC_032661.1,68563203,68563206,67588284,AATG,A,3
NC_037339.1,NC_032661.1,68651828,68651840,67677000,CATTTGAGATTGT,C,12
NC_037339.1,NC_032661.1,68708182,68708183,67733190,CA,C,1
NC_037339.1,NC_032661.1,68742101,68742102,67767119,GA,G,1
NC_037339.1,NC_032661.1,68963472,68963475,67988194,GACA,G,3
NC_037339.1,NC_032661.1,69320949,69320959,68700556,GAGACTGATGC,G,10
NC_037339.1,NC_032661.1,69394174,69394175,68773839,CA,C,1
NC_037339.1,NC_032661.1,69522751,69522752,68902056,TG,T,1
NC_037339.1,NC_032661.1,69605073,69605095,68985577,AGTGACCTCCATGAGTATGGAGT,A,22
NC_037339.1,NC_032661.1,69663270,69663271,69043912,TA,T,1
NC_037339.1,NC_032661.1,69724720,69724721,69105848,CG,C,1
NC_037339.1,NC_032661.1,69771144,69771145,69152353,CA,C,1
NC_037339.1,NC_032661.1,69773113,69773115,69154322,GGT,G,2
NC_037339.1,NC_032661.1,69773480,69773481,69154687,TC,T,1
NC_037339.1,NC_032661.1,69806372,69806373,69181622,AG,A,1
NC_037339.1,NC_032661.1,69836764,69836765,69207724,CT,C,1
NC_037339.1,NC_032661.1,69952622,69952623,69201609,AG,A,1
NC_037339.1,NC_032661.1,70356450,70356453,69178726,CTAT,C,3
NC_037339.1,NC_032661.1,71534608,71534614,69624263,TTTACTG,T,6
NC_037339.1,NC_032661.1,71576392,71576393,69669743,CA,C,1
NC_037339.1,NC_032661.1,71585691,71585692,69679038,TC,T,1
NC_037339.1,NC_032661.1,71594367,71594381,69689649,CAACAGAATAAATAT,C,14
NC_037339.1,NC_032661.1,71595138,71595139,69690405,AG,A,1
NC_037339.1,NC_032661.1,71967300,71967313,69537296,TCCATGCAGTCAGG,T,13
NC_037339.1,NC_032661.1,71969430,71969446,69539417,GACCCACTTTTAAACAC,G,16
NC_037339.1,NC_032661.1,72485629,72485642,69602720,CTCTCAGAGGACCT,C,13
NC_037339.1,NC_032661.1,72628510,72628512,70292322,TTC,T,2
NC_037339.1,NC_032661.1,72631767,72631768,70295595,GT,G,1
NC_037339.1,NC_032661.1,72660136,72660137,70323987,CT,C,1
NC_037339.1,NC_032661.1,72667818,72667821,70332379,AGTG,A,3
NC_037339.1,NC_032661.1,72704164,72704165,70368736,AC,A,1
NC_037339.1,NC_032661.1,72863872,72863873,70573592,GC,G,1
NC_037339.1,NC_032661.1,73022763,73022772,70718176,AAAGTAAATG,A,9
NC_037339.1,NC_032661.1,73042397,73042398,70737811,AG,A,1
NC_037339.1,NC_032661.1,73043561,73043562,70738973,GC,G,1
NC_037339.1,NC_032661.1,73043586,73043587,70738997,CA,C,1
NC_037339.1,NC_032661.1,73043592,73043593,70739002,CA,C,1
NC_037339.1,NC_032661.1,73043680,73043681,70739088,TG,T,1
NC_037339.1,NC_032661.1,73251451,73251452,70946815,GA,G,1
NC_037339.1,NC_032661.1,73251480,73251481,70946842,GC,G,1
NC_037339.1,NC_032661.1,73479711,73479712,71175175,AC,A,1
NC_037339.1,NC_032661.1,73543337,73543338,71238568,CA,C,1
NC_037339.1,NC_032661.1,73803600,73803604,71494402,TTCTA,T,4
NC_037339.1,NC_032661.1,74335888,74335889,72023387,TG,T,1
NC_037339.1,NC_032661.1,74403549,74403550,72090712,GC,G,1
NC_037339.1,NC_032661.1,75141251,75141252,72854172,TA,T,1
NC_037339.1,NC_032661.1,75141292,75141294,72854213,TTC,T,2
NC_037339.1,NC_032661.1,75310473,75310474,73021894,CT,C,1
NC_037339.1,NC_032661.1,75310479,75310480,73021899,CT,C,1
NC_037339.1,NC_032661.1,75310487,75310488,73021906,AT,A,1
NC_037339.1,NC_032661.1,75414767,75414772,73126173,GGAATC,G,5
NC_037339.1,NC_032661.1,75743971,75743972,73598392,TA,T,1
NC_037339.1,NC_032661.1,77308453,77308454,75196871,AC,A,1
NC_037339.1,NC_032661.1,77546959,77546960,75436421,TC,T,1
NC_037339.1,NC_032661.1,77980692,77980693,75876354,GT,G,1
NC_037339.1,NC_032661.1,78438163,78438193,76298567,ATCAATAGAATAACTAAATTCATTTTTGTAG,A,30
NC_037339.1,NC_032661.1,78716957,78716958,76577733,TA,T,1
NC_037339.1,NC_032661.1,79040349,79040351,76901145,AAT,A,2
NC_037339.1,NC_032661.1,79939625,79939626,77769663,GT,G,1
NC_037339.1,NC_032661.1,80170526,80170527,78064550,CA,C,1
NC_037339.1,NC_032661.1,80189574,80189575,78083534,CA,C,1
NC_037339.1,NC_032661.1,80189666,80189667,78083624,GA,G,1
NC_037339.1,NC_032661.1,80404924,80404925,78298832,CA,C,1
NC_037339.1,NC_032661.1,80702127,80702128,78645155,TA,T,1
NC_037339.1,NC_032661.1,80767274,80767275,78747115,TA,T,1
NC_037339.1,NC_032661.1,81155352,81155353,79135380,CT,C,1
NC_037339.1,NC_032661.1,81257102,81257104,79237497,TGG,T,2
NC_037339.1,NC_032661.1,81320916,81320918,79301023,TAC,T,2
NC_037339.1,NC_032661.1,81325835,81325836,79305942,CA,C,1
NC_037339.1,NC_032661.1,81394449,81394450,79444116,CA,C,1
NC_037339.1,NC_032661.1,81515784,81515785,79565964,TG,T,1
NC_037339.1,NC_032661.1,81657516,81657520,79717609,ATAAT,A,4
NC_037339.1,NC_032661.1,81698996,81698998,79754632,AAG,A,2
NC_037339.1,NC_032661.1,81699003,81699004,79754637,AG,A,1
NC_037339.1,NC_032661.1,81699045,81699047,79754677,GGA,G,2
NC_037339.1,NC_032661.1,81699054,81699056,79754684,GGA,G,2
NC_037339.1,NC_032661.1,81911442,81911443,80007609,CG,C,1
NC_037339.1,NC_032661.1,81911460,81911462,80007626,CGG,C,2
NC_037339.1,NC_032661.1,81911618,81911619,80007782,CT,C,1
NC_037339.1,NC_032661.1,82483865,82483866,80610859,GA,G,1
NC_037339.1,NC_032661.1,82637204,82637205,80768297,TA,T,1
NC_037339.1,NC_032661.1,82647818,82647819,80778911,TG,T,1
NC_037339.1,NC_032661.1,82647824,82647825,80778916,TG,T,1
NC_037339.1,NC_032661.1,82931956,82931957,81063075,GT,G,1
NC_037339.1,NC_032661.1,82937142,82937143,81068258,TG,T,1
NC_037339.1,NC_032661.1,82942817,82942859,81073946,TGCGGGCACCCACGTGATGCCGAGTGTTCACGTGCGTGTCCGC,T,42
NC_037339.1,NC_032661.1,83030933,83030935,81161812,CTT,C,2
NC_037339.1,NC_032661.1,83129677,83129678,81261822,AT,A,1
NC_037339.1,NC_032661.1,83175891,83175893,81302485,ATC,A,2
NC_037339.1,NC_032661.1,83178219,83178220,81304810,TC,T,1
NC_037339.1,NC_032661.1,83178572,83178573,81305162,GT,G,1
NC_037339.1,NC_032661.1,83181682,83181683,81308271,AT,A,1
NC_037339.1,NC_032661.1,83184587,83184588,81311175,GC,G,1
NC_037339.1,NC_032661.1,83263755,83263756,81393489,CG,C,1
NC_037339.1,NC_032661.1,83281195,83281196,81410944,GT,G,1
NC_037339.1,NC_032661.1,83478887,83478888,81608555,CG,C,1
NC_037339.1,NC_032661.1,83862753,83862765,81994736,CCCCCTGCGTTGG,C,12
NC_037339.1,NC_032661.1,84039073,84039075,82174970,TAA,T,2
NC_037339.1,NC_032661.1,84077259,84077261,82213161,CCT,C,2
NC_037339.1,NC_032661.1,84126506,84126507,82262411,GT,G,1
NC_037339.1,NC_032661.1,84153382,84153386,82289291,GCTTC,G,4
NC_037339.1,NC_032661.1,84245871,84245872,82381401,CA,C,1
NC_037339.1,NC_032661.1,84245897,84245898,82381426,GA,G,1
NC_037339.1,NC_032661.1,84457386,84457387,82609371,CA,C,1
NC_037339.1,NC_032661.1,84665903,84665904,82838152,TA,T,1
NC_037339.1,NC_032661.1,84688292,84688293,82860545,TC,T,1
NC_037339.1,NC_032661.1,84721862,84721863,82894218,CG,C,1
NC_037339.1,NC_032661.1,84726880,84726881,82899242,AG,A,1
NC_037339.1,NC_032661.1,84737537,84737538,82909908,CT,C,1
NC_037339.1,NC_032661.1,84826600,84826601,82998972,CG,C,1
NC_037339.1,NC_032661.1,84969285,84969286,83141001,TG,T,1
NC_037339.1,NC_032661.1,85468316,85468317,83718158,TC,T,1
NC_037339.1,NC_032661.1,85507343,85507344,83757102,GC,G,1
NC_037339.1,NC_032661.1,85970166,85970167,84218921,GC,G,1
NC_037339.1,NC_032661.1,85971708,85971709,84220463,CA,C,1
NC_037339.1,NC_032661.1,86076722,86076723,84325589,GT,G,1
NC_037339.1,NC_032661.1,86099905,86099906,84348955,GC,G,1
NC_037339.1,NC_032661.1,86135177,86135179,84383378,CGT,C,2
NC_037339.1,NC_032661.1,86176933,86176934,84424687,CG,C,1
NC_037339.1,NC_032661.1,86227067,86227068,84474826,TG,T,1
NC_037339.1,NC_032661.1,86227110,86227111,84474867,TA,T,1
NC_037339.1,NC_032661.1,86227207,86227208,84474962,TG,T,1
NC_037339.1,NC_032661.1,86345783,86345784,84594623,CA,C,1
NC_037339.1,NC_032661.1,86497084,86497086,84745770,GCA,G,2
NC_037339.1,NC_032661.1,86553091,86553092,84801371,CT,C,1
NC_037339.1,NC_032661.1,86593198,86593199,84843485,CG,C,1
NC_037339.1,NC_032661.1,86599561,86599562,84849847,TG,T,1
NC_037339.1,NC_032661.1,86601045,86601046,84851330,AG,A,1
NC_037339.1,NC_032661.1,86606114,86606115,84856402,CT,C,1
NC_037339.1,NC_032661.1,86810819,86810837,85070963,CCGGAGCCTGGGCGCCCCG,C,18
NC_037339.1,NC_032661.1,86866414,86866422,85134953,CCGGTGTCT,C,8
NC_037339.1,NC_032661.1,86869652,86869653,85138186,AC,A,1
NC_037339.1,NC_032661.1,86870484,86870486,85139018,CCA,C,2
NC_037339.1,NC_032661.1,86889827,86889828,85158380,GA,G,1
NC_037339.1,NC_032661.1,86890016,86890017,85158568,CT,C,1
NC_037339.1,NC_032661.1,86926286,86926287,85191163,GT,G,1
NC_037339.1,NC_032661.1,86927013,86927014,85191959,AG,A,1
NC_037339.1,NC_032661.1,86927551,86927552,85192496,GA,G,1
NC_037339.1,NC_032661.1,86928273,86928274,85193222,TG,T,1
NC_037339.1,NC_032661.1,86928316,86928317,85193264,AC,A,1
NC_037339.1,NC_032661.1,86928360,86928361,85193310,GA,G,1
NC_037339.1,NC_032661.1,86928516,86928517,85193465,GC,G,1
NC_037339.1,NC_032661.1,86929251,86929252,85194202,CA,C,1
NC_037339.1,NC_032661.1,86929281,86929282,85194232,TC,T,1
NC_037339.1,NC_032661.1,86929471,86929472,85194421,CT,C,1
NC_037339.1,NC_032661.1,86929561,86929562,85194509,CA,C,1
NC_037339.1,NC_032661.1,87075310,87075377,85352478,ATGCTCCCTCCCCACTGTCCTCCCGCTCCCTCCCCACTGTCCTCCGTGCACCCTCCCTGCTGCCCTCG,A,67
NC_037339.1,NC_032661.1,87075595,87075596,85352696,CT,C,1
NC_037339.1,NC_032661.1,87092938,87092939,85370053,AG,A,1
NC_037339.1,NC_032661.1,87108416,87108417,85385900,GT,G,1
NC_037339.1,NC_032661.1,87108434,87108435,85385917,CT,C,1
NC_037339.1,NC_032661.1,87143910,87143918,85416426,CGCCTCCTT,C,8
NC_037339.1,NC_032661.1,87157995,87157996,85430523,CT,C,1
NC_037339.1,NC_032661.1,87158156,87158158,85430704,GGT,G,2
NC_037339.1,NC_032661.1,87158225,87158226,85430771,AT,A,1
NC_037339.1,NC_032661.1,87158229,87158230,85430774,AC,A,1
NC_037339.1,NC_032661.1,87158368,87158369,85430915,CA,C,1
NC_037339.1,NC_032661.1,87158403,87158404,85430949,TA,T,1
NC_037339.1,NC_032661.1,87158423,87158424,85430968,TC,T,1
NC_037339.1,NC_032661.1,87158432,87158433,85430976,TC,T,1
NC_037339.1,NC_032661.1,87158506,87158507,85431048,CT,C,1
