Reference ID,Query ID,Reference POS,Query POS,Query END,REF,ALT,SVLEN
NC_037350.1,NC_032672.1,6571301,6781222,6781223,a,ag,1
NC_037350.1,NC_032672.1,6572493,6782421,6782425,a,aaact,4
NC_037350.1,NC_032672.1,6572515,6782447,6782461,a,agtaaaacaactcct,14
NC_037350.1,NC_032672.1,6596023,6806068,6806069,G,GT,1
NC_037350.1,NC_032672.1,6665089,6883045,6883047,C,CCT,2
NC_037350.1,NC_032672.1,6693495,6911455,6911456,T,TA,1
NC_037350.1,NC_032672.1,6695342,6913304,6913305,g,gt,1
NC_037350.1,NC_032672.1,6695383,6913346,6913347,c,ct,1
NC_037350.1,NC_032672.1,6838544,7057486,7057487,C,CA,1
NC_037350.1,NC_032672.1,6982603,7202771,7202772,G,GN,1
NC_037350.1,NC_032672.1,6991849,7212018,7212021,C,CNNN,3
NC_037350.1,NC_032672.1,6999983,7220155,7220157,c,ccg,2
NC_037350.1,NC_032672.1,7002079,7222253,7222254,t,ta,1
NC_037350.1,NC_032672.1,7007019,7227115,7227116,G,GA,1
NC_037350.1,NC_032672.1,7217450,7424405,7424406,C,CA,1
NC_037350.1,NC_032672.1,7264747,7471954,7471955,A,AR,1
NC_037350.1,NC_032672.1,7471579,7765141,7765142,G,GR,1
NC_037350.1,NC_032672.1,7595904,7889639,7889640,c,cg,1
NC_037350.1,NC_032672.1,7675231,7995380,7995381,g,ga,1
NC_037350.1,NC_032672.1,7731132,8051286,8051287,t,tN,1
NC_037350.1,NC_032672.1,7746244,8066399,8066400,A,AW,1
NC_037350.1,NC_032672.1,7747606,8067762,8067763,C,CA,1
NC_037350.1,NC_032672.1,7747618,8067775,8067776,G,GR,1
NC_037350.1,NC_032672.1,7747694,8067852,8067854,G,GTC,2
NC_037350.1,NC_032672.1,7794263,8114200,8114201,c,ct,1
NC_037350.1,NC_032672.1,7996197,8316928,8316936,A,AACNNNNNN,8
NC_037350.1,NC_032672.1,8048368,8368895,8368896,T,TW,1
NC_037350.1,NC_032672.1,8048432,8368960,8368961,A,AR,1
NC_037350.1,NC_032672.1,8139210,8459674,8459675,A,AM,1
NC_037350.1,NC_032672.1,8359698,8646814,8646815,T,TA,1
NC_037350.1,NC_032672.1,8424838,8711955,8711958,a,aaat,3
NC_037350.1,NC_032672.1,8513324,8783676,8783677,a,ag,1
NC_037350.1,NC_032672.1,8587914,8858270,8858271,C,CM,1
NC_037350.1,NC_032672.1,8625032,8895380,8895381,C,CA,1
NC_037350.1,NC_032672.1,8635181,8905530,8905531,T,TK,1
NC_037350.1,NC_032672.1,8748519,9018873,9018877,g,ggatt,4
NC_037350.1,NC_032672.1,8955237,9221901,9221902,t,ta,1
NC_037350.1,NC_032672.1,9263285,9530169,9530170,C,CT,1
NC_037350.1,NC_032672.1,9275580,9542488,9542489,a,ac,1
NC_037350.1,NC_032672.1,9287903,9554702,9554703,t,tg,1
NC_037350.1,NC_032672.1,9287948,9554748,9554749,g,gc,1
NC_037350.1,NC_032672.1,9288157,9554958,9554960,t,tac,2
NC_037350.1,NC_032672.1,9299941,9566732,9566733,G,GA,1
NC_037350.1,NC_032672.1,9326943,9594854,9594855,T,TG,1
NC_037350.1,NC_032672.1,9526173,9806785,9806786,g,gc,1
NC_037350.1,NC_032672.1,9621460,9906178,9906182,t,tgatg,4
NC_037350.1,NC_032672.1,9622043,9906767,9906769,a,aat,2
NC_037350.1,NC_032672.1,9641650,9926264,9926265,t,tc,1
NC_037350.1,NC_032672.1,9664097,9948712,9948713,T,TA,1
NC_037350.1,NC_032672.1,9889122,10172819,10172820,a,ag,1
NC_037350.1,NC_032672.1,9974496,10260957,10260979,c,cctNNNNNNNNNNNNNNNNNNNN,22
NC_037350.1,NC_032672.1,10070815,10357681,10357683,T,TWW,2
NC_037350.1,NC_032672.1,10108617,10390097,10390120,c,cgagcccatctttggtcctttatt,23
NC_037350.1,NC_032672.1,10108838,10390341,10390342,a,ag,1
NC_037350.1,NC_032672.1,10136880,10418395,10418397,c,ctg,2
NC_037350.1,NC_032672.1,10191914,10473531,10473532,C,CA,1
NC_037350.1,NC_032672.1,10304418,10586045,10586046,G,GA,1
NC_037350.1,NC_032672.1,10304502,10586131,10586132,A,AC,1
NC_037350.1,NC_032672.1,10392898,10674612,10674613,g,ga,1
NC_037350.1,NC_032672.1,10813953,11141032,11141033,a,aN,1
NC_037350.1,NC_032672.1,10874879,11200564,11200565,T,TG,1
NC_037350.1,NC_032672.1,10909900,11250040,11250041,g,ga,1
NC_037350.1,NC_032672.1,10956921,11297071,11297072,c,ct,1
NC_037350.1,NC_032672.1,10959672,11299823,11299824,T,TK,1
NC_037350.1,NC_032672.1,10969943,11309955,11309956,C,CM,1
NC_037350.1,NC_032672.1,11026689,11366805,11366806,G,GK,1
NC_037350.1,NC_032672.1,11027407,11367524,11367525,g,ga,1
NC_037350.1,NC_032672.1,11140624,11489986,11489992,t,ttatctg,6
NC_037350.1,NC_032672.1,11241516,11601736,11601737,T,TY,1
NC_037350.1,NC_032672.1,11338529,11703797,11703799,C,CTG,2
NC_037350.1,NC_032672.1,11381179,11746440,11746441,C,CA,1
NC_037350.1,NC_032672.1,11619098,12348558,12348559,C,CA,1
NC_037350.1,NC_032672.1,11649701,12379163,12379165,a,aag,2
NC_037350.1,NC_032672.1,11656611,12386075,12386084,g,gggaaacagt,9
NC_037350.1,NC_032672.1,11666522,12395995,12395996,t,tN,1
NC_037350.1,NC_032672.1,12031957,12486395,12486397,t,tNN,2
NC_037350.1,NC_032672.1,12258102,12752772,12752773,T,TA,1
NC_037350.1,NC_032672.1,12409736,12904412,12904413,c,ct,1
NC_037350.1,NC_032672.1,12433164,12927842,12927843,T,TW,1
NC_037350.1,NC_032672.1,12574503,13071493,13071495,t,tta,2
NC_037350.1,NC_032672.1,12828187,13327429,13327439,c,caaatACGNNN,10
NC_037350.1,NC_032672.1,12853434,13352687,13352689,c,cct,2
NC_037350.1,NC_032672.1,12853446,13352701,13352703,a,aag,2
NC_037350.1,NC_032672.1,12952133,13447477,13447479,c,cca,2
NC_037350.1,NC_032672.1,12964697,13460050,13460051,C,CN,1
NC_037350.1,NC_032672.1,12976416,13471808,13471814,G,GCGCGCT,6
NC_037350.1,NC_032672.1,12993943,13489345,13489348,g,gtgc,3
NC_037350.1,NC_032672.1,13066431,13561874,13561876,c,cca,2
NC_037350.1,NC_032672.1,13153073,13647821,13647823,g,gaa,2
NC_037350.1,NC_032672.1,13184273,13679025,13679026,C,CY,1
NC_037350.1,NC_032672.1,13266394,13761438,13761439,g,gt,1
NC_037350.1,NC_032672.1,13266459,13761504,13761505,t,ta,1
NC_037350.1,NC_032672.1,13328706,13822777,13822778,t,tc,1
NC_037350.1,NC_032672.1,13369311,13863383,13863384,a,ag,1
NC_037350.1,NC_032672.1,13433943,13928017,13928018,t,tN,1
NC_037350.1,NC_032672.1,13484580,14034785,14034786,T,TW,1
NC_037350.1,NC_032672.1,13499662,14049868,14049869,c,ct,1
NC_037350.1,NC_032672.1,13509089,14069461,14069462,g,gt,1
NC_037350.1,NC_032672.1,13533362,14093736,14093738,a,aNN,2
NC_037350.1,NC_032672.1,13667546,14228588,14228589,g,gc,1
NC_037350.1,NC_032672.1,13949764,14510734,14510735,T,TA,1
NC_037350.1,NC_032672.1,14010223,14551169,14551170,g,gc,1
NC_037350.1,NC_032672.1,14018567,14596024,14596025,T,TW,1
NC_037350.1,NC_032672.1,14021006,14598467,14598470,T,TATC,3
NC_037350.1,NC_032672.1,14031260,14608724,14608725,G,GT,1
NC_037350.1,NC_032672.1,14051137,14628598,14628599,T,TG,1
NC_037350.1,NC_032672.1,14072923,14650385,14650386,A,AR,1
NC_037350.1,NC_032672.1,14127082,14704548,14704549,C,CS,1
NC_037350.1,NC_032672.1,14147567,14725039,14725040,T,TC,1
NC_037350.1,NC_032672.1,14186876,14764363,14764366,C,CACG,3
NC_037350.1,NC_032672.1,14219928,14797324,14797325,C,CA,1
NC_037350.1,NC_032672.1,14378207,14955550,14955552,T,TTG,2
NC_037350.1,NC_032672.1,14456000,15032639,15032640,C,CY,1
NC_037350.1,NC_032672.1,14456107,15032747,15032748,C,CA,1
NC_037350.1,NC_032672.1,14456185,15032826,15032827,C,CR,1
NC_037350.1,NC_032672.1,14456748,15033383,15033385,g,gca,2
NC_037350.1,NC_032672.1,14459846,15036495,15036496,G,GC,1
NC_037350.1,NC_032672.1,14481128,15057784,15057785,G,GT,1
NC_037350.1,NC_032672.1,14597994,15174652,15174653,G,GS,1
NC_037350.1,NC_032672.1,14618035,15194694,15194695,G,GK,1
NC_037350.1,NC_032672.1,14687748,15265341,15265342,G,GC,1
NC_037350.1,NC_032672.1,14758776,15337639,15337646,t,taaaaatK,7
NC_037350.1,NC_032672.1,15376777,15955905,15955906,a,aR,1
NC_037350.1,NC_032672.1,15406204,15985334,15985335,G,GC,1
NC_037350.1,NC_032672.1,15429954,16009085,16009086,C,CT,1
NC_037350.1,NC_032672.1,15576315,16154244,16154245,T,TA,1
NC_037350.1,NC_032672.1,15576317,16154247,16154248,T,TC,1
NC_037350.1,NC_032672.1,15617012,16194944,16194945,c,ct,1
NC_037350.1,NC_032672.1,15744653,16322590,16322591,c,ca,1
NC_037350.1,NC_032672.1,15830076,16409217,16409218,a,ac,1
NC_037350.1,NC_032672.1,15948573,16526982,16526983,A,AC,1
NC_037350.1,NC_032672.1,16004585,16583021,16583022,T,TC,1
NC_037350.1,NC_032672.1,16004600,16583037,16583038,C,CA,1
NC_037350.1,NC_032672.1,16154671,16733023,16733024,C,CG,1
NC_037350.1,NC_032672.1,16395974,16972993,16972994,A,AM,1
NC_037350.1,NC_032672.1,16547214,17121628,17121629,A,AR,1
NC_037350.1,NC_032672.1,16576028,17150476,17150477,A,AG,1
NC_037350.1,NC_032672.1,16576483,17150932,17150933,T,TG,1
NC_037350.1,NC_032672.1,16577171,17151621,17151622,T,TC,1
NC_037350.1,NC_032672.1,16577195,17151646,17151647,A,AG,1
NC_037350.1,NC_032672.1,16577584,17152036,17152037,G,GC,1
NC_037350.1,NC_032672.1,16577854,17152307,17152308,T,TG,1
NC_037350.1,NC_032672.1,16577992,17152446,17152447,G,GC,1
NC_037350.1,NC_032672.1,16578171,17152624,17152625,G,GC,1
NC_037350.1,NC_032672.1,16578452,17152902,17152903,G,GC,1
NC_037350.1,NC_032672.1,16578654,17153104,17153105,T,TG,1
NC_037350.1,NC_032672.1,16578958,17153407,17153408,c,ct,1
NC_037350.1,NC_032672.1,16579006,17153456,17153457,t,tg,1
NC_037350.1,NC_032672.1,16579061,17153512,17153513,T,TC,1
NC_037350.1,NC_032672.1,16579291,17153743,17153744,C,CG,1
NC_037350.1,NC_032672.1,16579821,17154274,17154275,t,tc,1
NC_037350.1,NC_032672.1,16580000,17154454,17154455,T,TG,1
NC_037350.1,NC_032672.1,16580089,17154544,17154545,C,CT,1
NC_037350.1,NC_032672.1,16580203,17154659,17154660,G,GC,1
NC_037350.1,NC_032672.1,16626546,17165701,17165703,g,gga,2
NC_037350.1,NC_032672.1,16678465,17217622,17217623,C,CA,1
NC_037350.1,NC_032672.1,16694161,17233356,17233357,G,GT,1
NC_037350.1,NC_032672.1,16694170,17233366,17233367,G,GC,1
NC_037350.1,NC_032672.1,16759656,17298016,17298017,g,gt,1
NC_037350.1,NC_032672.1,16767848,17306210,17306211,G,GK,1
NC_037350.1,NC_032672.1,16876999,17445024,17445025,C,CG,1
NC_037350.1,NC_032672.1,17029895,17597856,17597857,t,ta,1
NC_037350.1,NC_032672.1,17265506,17833487,17833489,C,CCT,2
NC_037350.1,NC_032672.1,17392565,17961963,17961964,C,CG,1
NC_037350.1,NC_032672.1,17554551,18146067,18146069,a,aNN,2
NC_037350.1,NC_032672.1,17784757,18374923,18374924,G,GC,1
NC_037350.1,NC_032672.1,17821660,18412690,18412691,G,GS,1
NC_037350.1,NC_032672.1,17824328,18415359,18415360,g,gc,1
NC_037350.1,NC_032672.1,17935389,18535130,18535131,A,AG,1
NC_037350.1,NC_032672.1,18338853,18941751,18941752,A,AC,1
NC_037350.1,NC_032672.1,18475670,19073807,19073808,G,GA,1
NC_037350.1,NC_032672.1,18475802,19073940,19073941,A,AW,1
NC_037350.1,NC_032672.1,18555231,19153892,19153893,c,ct,1
NC_037350.1,NC_032672.1,18747854,19346739,19346740,C,CM,1
NC_037350.1,NC_032672.1,18878671,19477439,19477441,c,ctg,2
NC_037350.1,NC_032672.1,19230564,19891314,19891315,a,at,1
NC_037350.1,NC_032672.1,19319356,19980098,19980099,G,GA,1
NC_037350.1,NC_032672.1,19350389,20011132,20011133,A,AG,1
NC_037350.1,NC_032672.1,19731765,20410467,20410468,C,CA,1
NC_037350.1,NC_032672.1,20035360,20716380,20716382,T,TAG,2
NC_037350.1,NC_032672.1,20343440,21026504,21026506,t,tNN,2
NC_037350.1,NC_032672.1,20533136,21222729,21222730,g,gt,1
NC_037350.1,NC_032672.1,20947952,21671696,21671698,A,AAT,2
NC_037350.1,NC_032672.1,20978819,21702571,21702573,t,tac,2
NC_037350.1,NC_032672.1,21006759,21730509,21730510,T,TA,1
NC_037350.1,NC_032672.1,21052605,21776227,21776228,G,GA,1
NC_037350.1,NC_032672.1,21059513,21783137,21783138,C,CA,1
NC_037350.1,NC_032672.1,21183369,21911509,21911510,c,ca,1
NC_037350.1,NC_032672.1,21188818,21916959,21916960,A,AG,1
NC_037350.1,NC_032672.1,21364203,22092856,22092857,T,TY,1
NC_037350.1,NC_032672.1,21379728,22108384,22108385,a,at,1
NC_037350.1,NC_032672.1,21458981,22149465,22149469,T,TTTCC,4
NC_037350.1,NC_032672.1,21468197,22158685,22158686,C,CA,1
NC_037350.1,NC_032672.1,21797233,22205170,22205171,t,ta,1
NC_037350.1,NC_032672.1,21797612,22205550,22205551,A,AC,1
NC_037350.1,NC_032672.1,21878163,22285917,22285919,t,tNN,2
NC_037350.1,NC_032672.1,21985921,22394805,22394807,a,acg,2
NC_037350.1,NC_032672.1,22007236,22414113,22414115,C,CAT,2
NC_037350.1,NC_032672.1,22062542,22469427,22469428,A,AT,1
NC_037350.1,NC_032672.1,22213142,22620183,22620203,t,tNNNNNNNNNNNNNNNNNNNN,20
NC_037350.1,NC_032672.1,22256894,22663980,22663982,a,aNN,2
NC_037350.1,NC_032672.1,22306434,22713525,22713527,G,GAA,2
NC_037350.1,NC_032672.1,22393509,22800595,22800596,t,tc,1
NC_037350.1,NC_032672.1,22456965,22863808,22863809,G,GC,1
NC_037350.1,NC_032672.1,22842099,23250193,23250194,t,ta,1
NC_037350.1,NC_032672.1,22876844,23284942,23284943,T,TG,1
NC_037350.1,NC_032672.1,22879614,23287713,23287714,g,ga,1
NC_037350.1,NC_032672.1,22943739,23351839,23351840,T,TK,1
NC_037350.1,NC_032672.1,22975345,23383546,23383547,A,AT,1
NC_037350.1,NC_032672.1,23037863,23689895,23689896,A,AM,1
NC_037350.1,NC_032672.1,23343830,23774995,23774996,G,GA,1
NC_037350.1,NC_032672.1,23343857,23775023,23775024,A,AG,1
NC_037350.1,NC_032672.1,23343873,23775040,23775041,A,AT,1
NC_037350.1,NC_032672.1,23343894,23775061,23775062,A,AG,1
NC_037350.1,NC_032672.1,23361420,23792585,23792586,T,TA,1
NC_037350.1,NC_032672.1,23613917,24045300,24045301,a,ac,1
NC_037350.1,NC_032672.1,23632612,24064000,24064001,G,GC,1
NC_037350.1,NC_032672.1,23637939,24069328,24069329,A,AT,1
NC_037350.1,NC_032672.1,23638317,24069707,24069709,t,tca,2
NC_037350.1,NC_032672.1,23671384,24183842,24183843,A,AM,1
NC_037350.1,NC_032672.1,23726810,24239200,24239202,a,aag,2
NC_037350.1,NC_032672.1,23726835,24239227,24239228,C,CT,1
NC_037350.1,NC_032672.1,23741097,24253489,24253490,t,tc,1
NC_037350.1,NC_032672.1,23741169,24253562,24253565,t,tctc,3
NC_037350.1,NC_032672.1,23760116,24272704,24272708,A,ACTAT,4
NC_037350.1,NC_032672.1,23789312,24301902,24301905,T,TACA,3
NC_037350.1,NC_032672.1,23790591,24303184,24303185,t,tg,1
NC_037350.1,NC_032672.1,23800642,24313234,24313236,T,TTC,2
NC_037350.1,NC_032672.1,23806447,24319042,24319076,g,gtaNNNNNNNNNNNNNNNNNNNNNNNNNNNNNNCt,34
NC_037350.1,NC_032672.1,23855251,24367884,24367886,a,aaN,2
NC_037350.1,NC_032672.1,23858602,24371237,24371238,C,CT,1
NC_037350.1,NC_032672.1,23882858,24395530,24395537,g,gtcacaca,7
NC_037350.1,NC_032672.1,23894624,24407299,24407300,C,CY,1
NC_037350.1,NC_032672.1,23897674,24410350,24410359,a,atcagtcctt,9
NC_037350.1,NC_032672.1,23971796,24487516,24487518,C,CTT,2
NC_037350.1,NC_032672.1,24013892,24529620,24529621,A,AR,1
NC_037350.1,NC_032672.1,24027565,24543280,24543281,A,AG,1
NC_037350.1,NC_032672.1,24027699,24543415,24543417,C,CAA,2
NC_037350.1,NC_032672.1,24032206,24547943,24547945,A,AAC,2
NC_037350.1,NC_032672.1,24042129,24557868,24557869,G,GT,1
NC_037350.1,NC_032672.1,24070446,24586206,24586207,T,TY,1
NC_037350.1,NC_032672.1,24080295,24596078,24596083,T,TGTAAG,5
NC_037350.1,NC_032672.1,24085886,24601666,24601667,A,AG,1
NC_037350.1,NC_032672.1,24089926,24605704,24605749,G,GCATCAGTNNNNNNNNNNNNNNNNNNNNNNNNNNGTGCATTTGATC,45
NC_037350.1,NC_032672.1,24191659,24708060,24708061,T,TC,1
NC_037350.1,NC_032672.1,24193259,24709660,24709661,g,ga,1
NC_037350.1,NC_032672.1,24199634,24716034,24716037,G,GAAK,3
NC_037350.1,NC_032672.1,24200500,24716905,24716906,T,TA,1
NC_037350.1,NC_032672.1,24222873,24739355,24739359,C,CTAAG,4
NC_037350.1,NC_032672.1,24223565,24740052,24740053,a,at,1
NC_037350.1,NC_032672.1,24223808,24740296,24740302,t,tagcagc,6
NC_037350.1,NC_032672.1,24227048,24743540,24743541,c,ct,1
NC_037350.1,NC_032672.1,24245147,24761640,24761641,T,TY,1
NC_037350.1,NC_032672.1,24247609,24764103,24764104,t,tg,1
NC_037350.1,NC_032672.1,24248243,24764738,24764739,a,ac,1
NC_037350.1,NC_032672.1,24250226,24766719,24766722,A,AACC,3
NC_037350.1,NC_032672.1,24255856,24784347,24784349,A,AAC,2
NC_037350.1,NC_032672.1,24262733,24791226,24791227,G,GS,1
NC_037350.1,NC_032672.1,24265516,24794007,24794011,G,GNNNN,4
NC_037350.1,NC_032672.1,24286766,24815529,24815530,c,ca,1
NC_037350.1,NC_032672.1,24287093,24815857,24815858,t,tc,1
NC_037350.1,NC_032672.1,24292595,24821539,24821548,g,gggcttccct,9
NC_037350.1,NC_032672.1,24296482,24825433,24825436,A,ACAG,3
NC_037350.1,NC_032672.1,24297793,24826745,24826747,T,TAG,2
NC_037350.1,NC_032672.1,24309205,24838161,24838162,c,ca,1
NC_037350.1,NC_032672.1,24312752,24841715,24841726,C,CCACTCTACATG,11
NC_037350.1,NC_032672.1,24313229,24842203,24842204,C,CG,1
NC_037350.1,NC_032672.1,24313648,24842623,24842625,C,CSW,2
NC_037350.1,NC_032672.1,24319450,24098114,24098115,A,AG,1
NC_037350.1,NC_032672.1,24320455,24099125,24099151,G,GGAGTGTGGAAGGGAGACAGACTGGAA,26
NC_037350.1,NC_032672.1,24340059,24118790,24118791,t,tc,1
NC_037350.1,NC_032672.1,24340287,24119019,24119032,g,gccttcttcacagt,13
NC_037350.1,NC_032672.1,24342369,24122475,24122476,A,AR,1
NC_037350.1,NC_032672.1,24344885,24124992,24124995,T,TATA,3
NC_037350.1,NC_032672.1,24389125,24853193,24853208,t,tctgcatataagttaa,15
NC_037350.1,NC_032672.1,24405373,24872926,24872927,G,GS,1
NC_037350.1,NC_032672.1,24420023,24887578,24887579,T,TG,1
NC_037350.1,NC_032672.1,24424673,24892233,24892241,t,tNNNNNNNN,8
NC_037350.1,NC_032672.1,24433799,24901373,24901374,c,ca,1
NC_037350.1,NC_032672.1,24448658,24916254,24916255,C,CA,1
NC_037350.1,NC_032672.1,24451079,24918676,24918677,C,CA,1
NC_037350.1,NC_032672.1,24452533,24920132,24920133,G,GA,1
NC_037350.1,NC_032672.1,24475735,24943337,24943338,A,AC,1
NC_037350.1,NC_032672.1,24480501,24948107,24948109,a,act,2
NC_037350.1,NC_032672.1,24517630,24985232,24985233,G,GA,1
NC_037350.1,NC_032672.1,24606993,25074629,25074632,t,taaa,3
NC_037350.1,NC_032672.1,24626337,25093981,25093982,t,tg,1
NC_037350.1,NC_032672.1,24638569,25106211,25106221,t,tctatctatca,10
NC_037350.1,NC_032672.1,24643402,25111056,25111060,C,CTATT,4
NC_037350.1,NC_032672.1,24644805,25112461,25112476,A,ATGGCTTCYGGGCTCC,15
NC_037350.1,NC_032672.1,24682662,25149861,25149862,c,ct,1
NC_037350.1,NC_032672.1,24744618,25211834,25211835,a,at,1
NC_037350.1,NC_032672.1,24785024,25252243,25252247,G,GAGGT,4
NC_037350.1,NC_032672.1,24811130,25278364,25278365,G,GC,1
NC_037350.1,NC_032672.1,25172811,25660272,25660273,C,CA,1
NC_037350.1,NC_032672.1,25357885,25845028,25845031,a,aNNN,3
NC_037350.1,NC_032672.1,25386681,25874918,25874920,c,cag,2
NC_037350.1,NC_032672.1,25396993,25885232,25885233,a,at,1
NC_037350.1,NC_032672.1,25399343,25887673,25887684,A,AAGCTGTGCTTT,11
NC_037350.1,NC_032672.1,25413618,25901649,25901661,C,CAGCCACTCCAAG,12
NC_037350.1,NC_032672.1,25428064,25915687,25915701,T,TYCNNNNNNNNNNNN,14
NC_037350.1,NC_032672.1,25587675,26148868,26148869,C,CA,1
NC_037350.1,NC_032672.1,25587720,26148914,26148915,A,AG,1
NC_037350.1,NC_032672.1,25791597,26347673,26347685,a,agaaaaaaaagac,12
NC_037350.1,NC_032672.1,25798784,26354868,26354875,C,CTCTGCCR,7
NC_037350.1,NC_032672.1,25799124,26355214,26355215,c,ca,1
NC_037350.1,NC_032672.1,25817922,26374213,26374214,t,tg,1
NC_037350.1,NC_032672.1,26918896,26737650,26737651,g,gc,1
NC_037350.1,NC_032672.1,27025288,26843693,26843694,c,ct,1
NC_037350.1,NC_032672.1,27026681,26845091,26845092,a,ag,1
NC_037350.1,NC_032672.1,27129212,26947206,26947207,A,AR,1
NC_037350.1,NC_032672.1,27233113,27011488,27011489,g,gc,1
NC_037350.1,NC_032672.1,27324574,27070889,27070890,C,CT,1
NC_037350.1,NC_032672.1,27393982,27140879,27140880,t,ta,1
NC_037350.1,NC_032672.1,27409334,27156234,27156235,T,TK,1
NC_037350.1,NC_032672.1,27434845,27181677,27181678,T,TG,1
NC_037350.1,NC_032672.1,27523002,27281412,27281413,G,GA,1
NC_037350.1,NC_032672.1,27771656,27541722,27541723,G,GK,1
NC_037350.1,NC_032672.1,27787172,27557239,27557242,t,tgta,3
NC_037350.1,NC_032672.1,27787592,27557662,27557663,a,at,1
NC_037350.1,NC_032672.1,27812825,27686752,27686754,t,tNN,2
NC_037350.1,NC_032672.1,27964786,27843156,27843157,c,ct,1
NC_037350.1,NC_032672.1,28307765,28185161,28185162,C,CT,1
NC_037350.1,NC_032672.1,28435189,28325526,28325527,T,TW,1
NC_037350.1,NC_032672.1,28451841,28341929,28341937,C,CCCATTTGT,8
NC_037350.1,NC_032672.1,28570284,28460439,28460440,G,GS,1
NC_037350.1,NC_032672.1,28656927,28547089,28547090,c,ca,1
NC_037350.1,NC_032672.1,28656968,28547131,28547132,g,ga,1
NC_037350.1,NC_032672.1,28732618,28622949,28622973,g,gaactccctTCCGGAGGTTTCAAGA,24
NC_037350.1,NC_032672.1,28747593,28637949,28637950,C,CG,1
NC_037350.1,NC_032672.1,28824071,28730679,28730681,G,GTT,2
NC_037350.1,NC_032672.1,28929039,28835637,28835638,a,at,1
NC_037350.1,NC_032672.1,29123096,29034831,29034832,c,ct,1
NC_037350.1,NC_032672.1,29336673,29245939,29245940,t,tg,1
NC_037350.1,NC_032672.1,29354461,29263823,29263829,G,GAACTCT,6
NC_037350.1,NC_032672.1,29354465,29263833,29263836,T,TTAG,3
NC_037350.1,NC_032672.1,29361969,29271338,29271339,G,GA,1
NC_037350.1,NC_032672.1,29498208,29407453,29407454,t,tg,1
NC_037350.1,NC_032672.1,29530681,29439926,29439928,t,tca,2
NC_037350.1,NC_032672.1,29558859,29470907,29470908,C,CA,1
NC_037350.1,NC_032672.1,29619755,29527637,29527638,g,ga,1
NC_037350.1,NC_032672.1,29671609,29633889,29633891,C,CAA,2
NC_037350.1,NC_032672.1,29685958,29649637,29649639,t,tga,2
NC_037350.1,NC_032672.1,29686208,29649889,29649890,t,ta,1
NC_037350.1,NC_032672.1,29700241,29663924,29663930,t,tccacac,6
NC_037350.1,NC_032672.1,29820954,29797479,29797481,C,CCT,2
NC_037350.1,NC_032672.1,29844152,29820066,29820073,t,tttgtttc,7
NC_037350.1,NC_032672.1,29865211,29841134,29841135,A,AG,1
NC_037350.1,NC_032672.1,29936432,29935926,29935927,t,ta,1
NC_037350.1,NC_032672.1,30007991,30016819,30016820,t,tW,1
NC_037350.1,NC_032672.1,30204829,30221292,30221293,A,AG,1
NC_037350.1,NC_032672.1,30217275,30233889,30233890,T,TA,1
NC_037350.1,NC_032672.1,30217475,30234089,30234090,a,at,1
NC_037350.1,NC_032672.1,30217724,30234331,30234332,a,at,1
NC_037350.1,NC_032672.1,30218390,30234992,30234993,c,ca,1
NC_037350.1,NC_032672.1,30218478,30235078,30235079,c,ct,1
NC_037350.1,NC_032672.1,30218918,30235515,30235516,t,tc,1
NC_037350.1,NC_032672.1,30219435,30236030,30236031,t,tg,1
NC_037350.1,NC_032672.1,30220074,30236665,30236666,c,ca,1
NC_037350.1,NC_032672.1,30220621,30237163,30237164,a,ag,1
NC_037350.1,NC_032672.1,30220736,30237279,30237280,g,gt,1
NC_037350.1,NC_032672.1,30221380,30237917,30237918,c,ca,1
NC_037350.1,NC_032672.1,30221392,30237930,30237931,c,ct,1
NC_037350.1,NC_032672.1,30223316,30239847,30239848,T,TG,1
NC_037350.1,NC_032672.1,30223485,30240016,30240017,T,TA,1
NC_037350.1,NC_032672.1,30306987,30323521,30323522,A,AT,1
NC_037350.1,NC_032672.1,30309962,30326497,30326498,A,AG,1
NC_037350.1,NC_032672.1,30310124,30326659,30326660,a,aR,1
NC_037350.1,NC_032672.1,30310195,30326731,30326732,c,cg,1
NC_037350.1,NC_032672.1,30310206,30326743,30326744,a,at,1
NC_037350.1,NC_032672.1,30310611,30327151,30327152,G,GA,1
NC_037350.1,NC_032672.1,30311011,30327554,30327555,A,AT,1
NC_037350.1,NC_032672.1,30312389,30328933,30328934,C,CT,1
NC_037350.1,NC_032672.1,30313007,30329560,30329561,G,GA,1
NC_037350.1,NC_032672.1,30313013,30329567,30329569,G,GTA,2
NC_037350.1,NC_032672.1,30313109,30329665,30329667,A,AAC,2
NC_037350.1,NC_032672.1,30313221,30329776,30329777,G,GT,1
NC_037350.1,NC_032672.1,30313418,30329974,30329975,G,GK,1
NC_037350.1,NC_032672.1,30314204,30330762,30330763,t,ta,1
NC_037350.1,NC_032672.1,30314345,30330905,30330907,a,aat,2
NC_037350.1,NC_032672.1,30314374,30330936,30330938,t,tta,2
NC_037350.1,NC_032672.1,30314649,30331214,30331215,G,GA,1
NC_037350.1,NC_032672.1,30317340,30333910,30333911,A,AG,1
NC_037350.1,NC_032672.1,30317397,30333969,30333970,A,AG,1
NC_037350.1,NC_032672.1,30317487,30334061,30334062,g,gc,1
NC_037350.1,NC_032672.1,30317537,30334112,30334113,a,ag,1
NC_037350.1,NC_032672.1,30317611,30334187,30334188,t,tc,1
NC_037350.1,NC_032672.1,30317637,30334214,30334215,t,tc,1
NC_037350.1,NC_032672.1,30317744,30334322,30334323,c,ct,1
NC_037350.1,NC_032672.1,30317842,30334421,30334422,c,ct,1
NC_037350.1,NC_032672.1,30317882,30334462,30334463,g,ga,1
NC_037350.1,NC_032672.1,30318033,30334613,30334614,g,gc,1
NC_037350.1,NC_032672.1,30318037,30334618,30334619,g,ga,1
NC_037350.1,NC_032672.1,30318080,30334662,30334663,t,tc,1
NC_037350.1,NC_032672.1,30318115,30334698,30334699,g,gt,1
NC_037350.1,NC_032672.1,30318273,30334857,30334858,g,gt,1
NC_037350.1,NC_032672.1,30318345,30334930,30334931,c,ct,1
NC_037350.1,NC_032672.1,30318360,30334946,30334947,t,tc,1
NC_037350.1,NC_032672.1,30318431,30335018,30335019,c,ca,1
NC_037350.1,NC_032672.1,30318504,30335092,30335093,c,ca,1
NC_037350.1,NC_032672.1,30318512,30335101,30335102,t,tg,1
NC_037350.1,NC_032672.1,30318584,30335173,30335174,t,tg,1
NC_037350.1,NC_032672.1,30318842,30335431,30335432,c,ct,1
NC_037350.1,NC_032672.1,30319036,30335626,30335627,c,ct,1
NC_037350.1,NC_032672.1,30319041,30335632,30335633,a,ac,1
NC_037350.1,NC_032672.1,30319202,30335794,30335797,t,tgaa,3
NC_037350.1,NC_032672.1,30319222,30335817,30335818,c,ct,1
NC_037350.1,NC_032672.1,30319358,30335953,30335954,t,tg,1
NC_037350.1,NC_032672.1,30319512,30336108,30336109,a,ag,1
NC_037350.1,NC_032672.1,30320229,30336827,30336828,C,CT,1
NC_037350.1,NC_032672.1,30320622,30337221,30337222,C,CT,1
NC_037350.1,NC_032672.1,30321134,30337738,30337741,C,CCAA,3
NC_037350.1,NC_032672.1,30321546,30338151,30338152,t,tg,1
NC_037350.1,NC_032672.1,30322352,30338960,30338961,T,TC,1
NC_037350.1,NC_032672.1,30323966,30340579,30340581,t,tta,2
NC_037350.1,NC_032672.1,30338749,30355364,30355368,t,taaac,4
NC_037350.1,NC_032672.1,30405169,30421815,30421816,T,TG,1
NC_037350.1,NC_032672.1,30442409,30459062,30459063,A,AG,1
NC_037350.1,NC_032672.1,30446652,30463305,30463306,C,CT,1
NC_037350.1,NC_032672.1,30450443,30467097,30467098,C,CT,1
NC_037350.1,NC_032672.1,30460364,30477018,30477020,c,ctg,2
NC_037350.1,NC_032672.1,30597595,30614419,30614420,c,ct,1
NC_037350.1,NC_032672.1,30750942,30767551,30767552,T,TC,1
NC_037350.1,NC_032672.1,30849602,30866202,30866205,T,TGTA,3
NC_037350.1,NC_032672.1,30856756,30873362,30873363,T,TG,1
NC_037350.1,NC_032672.1,30899604,30916210,30916222,g,gtttgatggcatc,12
NC_037350.1,NC_032672.1,30904729,30921347,30921349,C,CAT,2
NC_037350.1,NC_032672.1,30929835,30946454,30946455,a,at,1
NC_037350.1,NC_032672.1,30940654,30957277,30957278,G,GA,1
NC_037350.1,NC_032672.1,31059701,31076340,31076341,T,TA,1
NC_037350.1,NC_032672.1,31060025,31076665,31076667,c,ctt,2
NC_037350.1,NC_032672.1,31069336,31085979,31085981,C,CCT,2
NC_037350.1,NC_032672.1,31149185,31153033,31153034,T,TC,1
NC_037350.1,NC_032672.1,31173677,31177744,31177746,c,cag,2
NC_037350.1,NC_032672.1,31209235,31213305,31213306,t,tc,1
NC_037350.1,NC_032672.1,31218099,31223680,31223681,g,gt,1
NC_037350.1,NC_032672.1,31245372,31250952,31250954,G,GGR,2
NC_037350.1,NC_032672.1,31257601,31263191,31263210,T,TCTTGAGATGAGAATTAGAA,19
NC_037350.1,NC_032672.1,31260096,31265701,31265702,A,AG,1
NC_037350.1,NC_032672.1,31261303,31266894,31266898,c,ctttt,4
NC_037350.1,NC_032672.1,31262092,31267684,31267685,T,TC,1
NC_037350.1,NC_032672.1,31262167,31267760,31267761,c,ct,1
NC_037350.1,NC_032672.1,31262319,31267912,31267913,t,tc,1
NC_037350.1,NC_032672.1,31262326,31267920,31267921,c,ca,1
NC_037350.1,NC_032672.1,31262937,31268528,31268529,g,ga,1
NC_037350.1,NC_032672.1,31263411,31268997,31268998,a,at,1
NC_037350.1,NC_032672.1,31263500,31269087,31269088,a,at,1
NC_037350.1,NC_032672.1,31264540,31270126,31270127,c,ca,1
NC_037350.1,NC_032672.1,31264629,31270215,31270216,t,tc,1
NC_037350.1,NC_032672.1,31264930,31270517,31270518,g,gc,1
NC_037350.1,NC_032672.1,31265901,31271488,31271489,t,tg,1
NC_037350.1,NC_032672.1,31265910,31271498,31271499,c,ca,1
NC_037350.1,NC_032672.1,31266312,31271900,31271901,c,ct,1
NC_037350.1,NC_032672.1,31266884,31272462,31272463,t,tg,1
NC_037350.1,NC_032672.1,31267069,31272643,31272644,t,tc,1
NC_037350.1,NC_032672.1,31267488,31273062,31273063,A,AC,1
NC_037350.1,NC_032672.1,31267537,31273112,31273113,C,CG,1
NC_037350.1,NC_032672.1,31267616,31273191,31273192,G,GC,1
NC_037350.1,NC_032672.1,31267644,31273220,31273221,G,GT,1
NC_037350.1,NC_032672.1,31439264,31392908,31392909,A,AG,1
NC_037350.1,NC_032672.1,31591269,31559221,31559222,C,CA,1
NC_037350.1,NC_032672.1,31794191,31818620,31818621,g,ga,1
NC_037350.1,NC_032672.1,31918353,31974427,31974429,C,CAG,2
NC_037350.1,NC_032672.1,31927471,31983548,31983549,a,ac,1
NC_037350.1,NC_032672.1,32067180,32132117,32132118,T,TG,1
NC_037350.1,NC_032672.1,32096184,32161505,32161506,g,gt,1
NC_037350.1,NC_032672.1,32150761,32215966,32215967,t,tc,1
NC_037350.1,NC_032672.1,32158442,32223648,32223649,A,AC,1
NC_037350.1,NC_032672.1,32245075,32309553,32309555,a,aNN,2
NC_037350.1,NC_032672.1,32319222,32383267,32383268,C,CG,1
NC_037350.1,NC_032672.1,32355630,32420357,32420358,C,CT,1
NC_037350.1,NC_032672.1,32435510,32500131,32500132,g,gt,1
NC_037350.1,NC_032672.1,32887229,32954236,32954237,G,GR,1
NC_037350.1,NC_032672.1,32994005,33060509,33060510,T,TA,1
NC_037350.1,NC_032672.1,33122627,33205483,33205484,T,TG,1
NC_037350.1,NC_032672.1,33298639,33381819,33381820,t,ta,1
NC_037350.1,NC_032672.1,33481976,33568327,33568334,C,CTATAAGA,7
NC_037350.1,NC_032672.1,33577637,33664011,33664021,T,TTTTAGTACTA,10
NC_037350.1,NC_032672.1,33660184,33843396,33843399,a,agtt,3
NC_037350.1,NC_032672.1,33662543,33845757,33845758,g,gc,1
NC_037350.1,NC_032672.1,33708101,33891316,33891317,G,GS,1
NC_037350.1,NC_032672.1,33718700,33901915,33901916,T,TC,1
NC_037350.1,NC_032672.1,33718703,33901919,33901920,G,GK,1
NC_037350.1,NC_032672.1,33755191,33735667,33735668,T,TC,1
NC_037350.1,NC_032672.1,33755380,33735857,33735858,C,CG,1
NC_037350.1,NC_032672.1,33914928,34097973,34097974,t,ta,1
NC_037350.1,NC_032672.1,33973971,34155318,34155319,t,tc,1
NC_037350.1,NC_032672.1,34056814,34237839,34237840,g,ga,1
NC_037350.1,NC_032672.1,34166354,34335246,34335247,g,gt,1
NC_037350.1,NC_032672.1,34217130,34386021,34386028,T,TGGCGCTG,7
NC_037350.1,NC_032672.1,34393969,34563752,34563753,T,TA,1
NC_037350.1,NC_032672.1,34402015,34571800,34571801,t,tg,1
NC_037350.1,NC_032672.1,34450038,34619666,34619667,T,TK,1
NC_037350.1,NC_032672.1,34813679,35003604,35003606,G,GGC,2
NC_037350.1,NC_032672.1,34875701,35009807,35009808,a,at,1
NC_037350.1,NC_032672.1,35340891,35535961,35535962,T,TG,1
NC_037350.1,NC_032672.1,35340963,35536034,35536036,C,CCT,2
NC_037350.1,NC_032672.1,35340984,35536057,35536058,G,GC,1
NC_037350.1,NC_032672.1,35450022,35644000,35644001,G,GC,1
NC_037350.1,NC_032672.1,35706214,35948223,35948224,a,at,1
NC_037350.1,NC_032672.1,35730192,35972199,35972200,t,tN,1
NC_037350.1,NC_032672.1,35730262,35972270,35972278,c,caaaaaaaa,8
NC_037350.1,NC_032672.1,35730336,35972352,35972353,g,gt,1
NC_037350.1,NC_032672.1,35730459,35972476,35972477,g,gt,1
NC_037350.1,NC_032672.1,36119060,36362598,36362599,a,aN,1
NC_037350.1,NC_032672.1,36146533,36390073,36390074,g,gc,1
NC_037350.1,NC_032672.1,36550421,36874448,36874450,C,CTT,2
NC_037350.1,NC_032672.1,36728815,37089943,37089945,a,aaN,2
NC_037350.1,NC_032672.1,36769588,37130096,37130105,g,gtctgccact,9
NC_037350.1,NC_032672.1,36944089,37304291,37304292,c,ct,1
NC_037350.1,NC_032672.1,37047938,37409392,37409394,a,aNN,2
NC_037350.1,NC_032672.1,37463867,37825326,37825327,a,at,1
NC_037350.1,NC_032672.1,37463877,37825337,37825338,c,ct,1
NC_037350.1,NC_032672.1,37463887,37825348,37825349,c,ct,1
NC_037350.1,NC_032672.1,37561654,37923120,37923121,G,GS,1
NC_037350.1,NC_032672.1,38104319,38465363,38465364,C,CY,1
NC_037350.1,NC_032672.1,38139846,38500744,38500745,T,TG,1
NC_037350.1,NC_032672.1,38148568,38509467,38509468,T,TA,1
NC_037350.1,NC_032672.1,38150370,38511270,38511271,t,tc,1
NC_037350.1,NC_032672.1,38150509,38511411,38511412,g,ga,1
NC_037350.1,NC_032672.1,38352601,38713419,38713420,c,cg,1
NC_037350.1,NC_032672.1,38401160,38761978,38761979,T,TC,1
NC_037350.1,NC_032672.1,38442371,38808126,38808127,G,GA,1
NC_037350.1,NC_032672.1,38525222,38890481,38890482,a,ac,1
NC_037350.1,NC_032672.1,38701614,39068506,39068508,t,tNN,2
NC_037350.1,NC_032672.1,38726287,39093184,39093185,g,ga,1
NC_037350.1,NC_032672.1,38813359,39180734,39180735,A,AC,1
NC_037350.1,NC_032672.1,38854842,39222221,39222224,g,gaga,3
NC_037350.1,NC_032672.1,38855862,39223250,39223251,g,ga,1
NC_037350.1,NC_032672.1,38855876,39223265,39223266,c,ca,1
NC_037350.1,NC_032672.1,38856332,39223724,39223725,c,ct,1
NC_037350.1,NC_032672.1,39202728,39568911,39568912,c,ct,1
NC_037350.1,NC_032672.1,39221207,39588162,39588163,a,at,1
NC_037350.1,NC_032672.1,39338597,39710615,39710616,a,ag,1
NC_037350.1,NC_032672.1,39388542,39759993,39759994,A,AG,1
NC_037350.1,NC_032672.1,39391638,39763037,39763039,A,AAG,2
NC_037350.1,NC_032672.1,39407116,39778521,39778525,a,aaagg,4
NC_037350.1,NC_032672.1,39648723,40021448,40021449,t,tg,1
NC_037350.1,NC_032672.1,39718901,40091626,40091627,a,ag,1
NC_037350.1,NC_032672.1,39724332,40097058,40097059,A,AC,1
NC_037350.1,NC_032672.1,39877521,40249998,40249999,c,cg,1
NC_037350.1,NC_032672.1,39914089,40286569,40286570,A,AR,1
NC_037350.1,NC_032672.1,39914113,40286594,40286595,T,TA,1
NC_037350.1,NC_032672.1,40195476,40673073,40673074,A,AT,1
NC_037350.1,NC_032672.1,40233701,40715078,40715091,T,TNNNNNNNNNNNNN,13
NC_037350.1,NC_032672.1,40279109,40760503,40760504,A,AR,1
NC_037350.1,NC_032672.1,40358206,40839304,40839305,G,GS,1
NC_037350.1,NC_032672.1,40997802,41508726,41508727,T,TG,1
NC_037350.1,NC_032672.1,41141506,41663985,41663987,t,ttN,2
NC_037350.1,NC_032672.1,41160587,41681009,41681010,a,at,1
NC_037350.1,NC_032672.1,41290454,41811079,41811080,T,TY,1
NC_037350.1,NC_032672.1,41449063,41969871,41969872,A,AR,1
NC_037350.1,NC_032672.1,41458327,41979136,41979137,A,AR,1
NC_037350.1,NC_032672.1,41700788,42221601,42221602,C,CS,1
NC_037350.1,NC_032672.1,41911459,42434207,42434230,t,tccattcaGGCCTTCAGATGActg,23
NC_037350.1,NC_032672.1,41931520,42454291,42454292,g,gc,1
NC_037350.1,NC_032672.1,42060786,42583572,42583574,t,tta,2
NC_037350.1,NC_032672.1,42102613,42625396,42625397,t,tg,1
NC_037350.1,NC_032672.1,42283953,42803285,42803286,c,ct,1
NC_037350.1,NC_032672.1,42307629,42826948,42826949,a,ag,1
NC_037350.1,NC_032672.1,42321481,42840803,42840804,C,CY,1
NC_037350.1,NC_032672.1,42355046,42874387,42874388,t,tc,1
NC_037350.1,NC_032672.1,42389608,42908979,42908980,a,aC,1
NC_037350.1,NC_032672.1,42397693,42917067,42917073,g,gctatat,6
NC_037350.1,NC_032672.1,42403119,42922503,42922504,T,TY,1
NC_037350.1,NC_032672.1,42417400,42936786,42936787,G,GM,1
NC_037350.1,NC_032672.1,42427998,42947385,42947387,a,aat,2
NC_037350.1,NC_032672.1,42466641,42985851,42985861,G,GAATTATAAGA,10
NC_037350.1,NC_032672.1,42646370,43171552,43171553,T,TC,1
NC_037350.1,NC_032672.1,42649243,43174427,43174431,C,CGGTG,4
NC_037350.1,NC_032672.1,42804262,43344817,43344818,t,ta,1
NC_037350.1,NC_032672.1,42863909,43403974,43403975,g,gt,1
NC_037350.1,NC_032672.1,42865078,43405144,43405145,a,at,1
NC_037350.1,NC_032672.1,42866341,43406410,43406411,T,TG,1
NC_037350.1,NC_032672.1,42866357,43406427,43406428,A,AG,1
NC_037350.1,NC_032672.1,42881783,43422650,43422651,A,AR,1
NC_037350.1,NC_032672.1,42884746,43425616,43425626,G,GAGAATACTAA,10
NC_037350.1,NC_032672.1,42900784,43441668,43441669,T,TG,1
NC_037350.1,NC_032672.1,42916985,43457874,43457876,t,ttc,2
NC_037350.1,NC_032672.1,43138275,43678797,43678798,C,CT,1
NC_037350.1,NC_032672.1,43172444,43712724,43712725,t,ta,1
NC_037350.1,NC_032672.1,43185910,43726073,43726077,A,ACAGT,4
NC_037350.1,NC_032672.1,43242569,43782652,43782653,T,TG,1
NC_037350.1,NC_032672.1,43255105,43794932,43794934,C,CAT,2
NC_037350.1,NC_032672.1,43355502,43895035,43895037,c,ctt,2
NC_037350.1,NC_032672.1,43479065,44018563,44018564,c,ct,1
NC_037350.1,NC_032672.1,43488089,44027588,44027589,C,CM,1
NC_037350.1,NC_032672.1,43556255,44095757,44095758,A,AG,1
NC_037350.1,NC_032672.1,43563993,44103466,44103467,T,TY,1
NC_037350.1,NC_032672.1,43567017,44106490,44106491,G,GT,1
NC_037350.1,NC_032672.1,43567283,44106750,44106760,T,TATCTGTGTAC,10
NC_037350.1,NC_032672.1,43568434,44107912,44107914,a,act,2
NC_037350.1,NC_032672.1,43569001,44108481,44108482,t,tc,1
NC_037350.1,NC_032672.1,43590833,44130312,44130315,t,tctc,3
NC_037350.1,NC_032672.1,43605880,44145363,44145365,g,gta,2
NC_037350.1,NC_032672.1,43607195,44146723,44146724,A,AM,1
NC_037350.1,NC_032672.1,43612018,44151527,44151532,A,AGGAAG,5
NC_037350.1,NC_032672.1,43622774,44162289,44162292,C,CCCT,3
NC_037350.1,NC_032672.1,43653532,44242354,44242355,C,CM,1
NC_037350.1,NC_032672.1,43656486,44245310,44245314,c,ctctg,4
NC_037350.1,NC_032672.1,43665164,44253846,44253849,t,tgaa,3
NC_037350.1,NC_032672.1,43665671,44254356,44254357,t,ta,1
NC_037350.1,NC_032672.1,43666337,44255018,44255019,a,ag,1
NC_037350.1,NC_032672.1,43672170,44260852,44260853,T,TY,1
NC_037350.1,NC_032672.1,43683077,44271765,44271767,G,GAC,2
NC_037350.1,NC_032672.1,43718251,44308094,44308095,a,at,1
NC_037350.1,NC_032672.1,43720063,44309908,44309909,T,TA,1
NC_037350.1,NC_032672.1,43795972,44386160,44386161,C,CS,1
NC_037350.1,NC_032672.1,43851285,44444500,44444501,t,tN,1
NC_037350.1,NC_032672.1,43905973,44499157,44499161,t,tttta,4
NC_037350.1,NC_032672.1,43907325,44500510,44500511,C,CG,1
NC_037350.1,NC_032672.1,43949001,44542407,44542408,T,TA,1
NC_037350.1,NC_032672.1,43949048,44542455,44542456,A,AW,1
NC_037350.1,NC_032672.1,43949073,44542481,44542482,G,GR,1
NC_037350.1,NC_032672.1,43974050,44567462,44567463,t,tg,1
NC_037350.1,NC_032672.1,43989664,44582997,44582998,A,AT,1
NC_037350.1,NC_032672.1,44033595,44626941,44626946,t,tgtttc,5
NC_037350.1,NC_032672.1,44059755,44653105,44653106,a,at,1
NC_037350.1,NC_032672.1,44078058,44671401,44671402,t,tc,1
NC_037350.1,NC_032672.1,44105091,44700994,44701007,G,GATAGTCTAGACTT,13
NC_037350.1,NC_032672.1,44163851,44759470,44759472,g,gga,2
NC_037350.1,NC_032672.1,44169792,44765409,44765433,t,ttgttgtgaYGatcacagtcaaagc,24
NC_037350.1,NC_032672.1,44173781,44769424,44769427,t,taac,3
NC_037350.1,NC_032672.1,44218666,44814304,44814305,C,CT,1
NC_037350.1,NC_032672.1,44233913,44829555,44829556,C,CM,1
NC_037350.1,NC_032672.1,44246352,44841994,44841995,C,CW,1
NC_037350.1,NC_032672.1,44253115,44848760,44848761,a,ag,1
NC_037350.1,NC_032672.1,44263676,44859364,44859365,a,at,1
NC_037350.1,NC_032672.1,44271673,44867122,44867123,c,ca,1
NC_037350.1,NC_032672.1,44272455,44867905,44867906,g,gt,1
NC_037350.1,NC_032672.1,44281095,44876553,44876555,C,CCT,2
NC_037350.1,NC_032672.1,44323855,44919313,44919314,A,AC,1
NC_037350.1,NC_032672.1,44330831,44926287,44926288,T,TC,1
NC_037350.1,NC_032672.1,44334238,44929608,44929609,t,ta,1
NC_037350.1,NC_032672.1,44489777,45105666,45105667,A,AG,1
NC_037350.1,NC_032672.1,44576348,45192232,45192235,G,GGCN,3
NC_037350.1,NC_032672.1,44576378,45192265,45192266,C,CG,1
NC_037350.1,NC_032672.1,44588346,45204462,45204463,g,gc,1
NC_037350.1,NC_032672.1,44721723,45368277,45368278,a,at,1
NC_037350.1,NC_032672.1,44724448,45370979,45370980,C,CT,1
NC_037350.1,NC_032672.1,44776646,45422881,45422882,a,ag,1
NC_037350.1,NC_032672.1,44810497,45456745,45456748,a,agcc,3
NC_037350.1,NC_032672.1,44810497,45458299,45458302,a,agcc,3
NC_037350.1,NC_032672.1,44871237,45518266,45518267,a,at,1
NC_037350.1,NC_032672.1,44882451,45529482,45529485,T,TYAA,3
NC_037350.1,NC_032672.1,44905718,45552756,45552757,A,AC,1
NC_037350.1,NC_032672.1,44947398,45594712,45594713,G,GC,1
NC_037350.1,NC_032672.1,44948113,45595426,45595427,g,gc,1
NC_037350.1,NC_032672.1,44977030,45624380,45624381,c,ca,1
NC_037350.1,NC_032672.1,45005427,45652961,45652974,G,GTCACCAAGAATTC,13
NC_037350.1,NC_032672.1,45018976,45666523,45666525,C,CCA,2
NC_037350.1,NC_032672.1,45111631,45753134,45753135,t,tc,1
NC_037350.1,NC_032672.1,45136060,45777585,45777591,t,taNNNNN,6
NC_037350.1,NC_032672.1,45159401,45800933,45800934,T,TG,1
NC_037350.1,NC_032672.1,45182180,45823715,45823716,g,ga,1
NC_037350.1,NC_032672.1,45201512,45918775,45918777,G,GAA,2
NC_037350.1,NC_032672.1,45212524,45930125,45930127,G,GTA,2
NC_037350.1,NC_032672.1,45233895,45951497,45951500,t,tttg,3
NC_037350.1,NC_032672.1,45236202,45953812,45953813,A,AC,1
NC_037350.1,NC_032672.1,45247665,45965277,45965278,C,CA,1
NC_037350.1,NC_032672.1,45257167,45974784,45974785,C,CA,1
NC_037350.1,NC_032672.1,45282126,45999766,45999767,G,GT,1
NC_037350.1,NC_032672.1,45290412,46008111,46008112,t,ta,1
NC_037350.1,NC_032672.1,45292192,46009893,46009894,T,TY,1
NC_037350.1,NC_032672.1,45325884,46043623,46043630,G,GCTAAAAA,7
NC_037350.1,NC_032672.1,45342470,46060222,46060223,a,at,1
NC_037350.1,NC_032672.1,45373876,46091630,46091635,c,ctggag,5
NC_037350.1,NC_032672.1,45395994,46115402,46115403,T,TC,1
NC_037350.1,NC_032672.1,45437255,46156675,46156680,c,cgcctt,5
NC_037350.1,NC_032672.1,45449800,46169252,46169253,G,GA,1
NC_037350.1,NC_032672.1,45455984,46175193,46175194,a,at,1
NC_037350.1,NC_032672.1,45524706,46243674,46243679,t,ttttta,5
NC_037350.1,NC_032672.1,45531614,46250587,46250598,A,ATTTTATCCTTC,11
NC_037350.1,NC_032672.1,45615246,46334359,46334360,G,GA,1
NC_037350.1,NC_032672.1,45615253,46334367,46334368,C,CG,1
NC_037350.1,NC_032672.1,45615265,46334380,46334382,G,GGA,2
NC_037350.1,NC_032672.1,45630349,46349556,46349557,T,TN,1
NC_037350.1,NC_032672.1,45679860,46399017,46399018,g,gt,1
NC_037350.1,NC_032672.1,45692337,46411498,46411499,a,at,1
NC_037350.1,NC_032672.1,45695690,46414852,46414853,a,at,1
NC_037350.1,NC_032672.1,45711069,46430233,46430234,t,tg,1
NC_037350.1,NC_032672.1,45861179,46581245,46581246,G,GA,1
NC_037350.1,NC_032672.1,45894970,46615038,46615040,t,tNN,2
NC_037350.1,NC_032672.1,45900295,46620363,46620364,T,TG,1
NC_037350.1,NC_032672.1,45919338,46639434,46639438,g,gaaaa,4
NC_037350.1,NC_032672.1,45935683,46655807,46655813,A,AGAAGAC,6
NC_037350.1,NC_032672.1,45999864,46720001,46720003,a,agt,2
NC_037350.1,NC_032672.1,46030669,46750808,46750809,c,ct,1
NC_037350.1,NC_032672.1,46063596,46811204,46811205,g,gc,1
NC_037350.1,NC_032672.1,46096017,46843549,46843550,T,TK,1
NC_037350.1,NC_032672.1,46107421,46854952,46854953,A,AY,1
NC_037350.1,NC_032672.1,46110060,46857592,46857594,G,GTT,2
NC_037350.1,NC_032672.1,46114947,46862482,46862483,T,TC,1
NC_037350.1,NC_032672.1,46122522,46870058,46870059,T,TK,1
NC_037350.1,NC_032672.1,46123711,46871248,46871249,a,ag,1
NC_037350.1,NC_032672.1,46151225,46898762,46898775,a,agtcgctcagtcgt,13
NC_037350.1,NC_032672.1,46166227,46913783,46913784,t,tc,1
NC_037350.1,NC_032672.1,46173142,46920727,46920728,T,TA,1
NC_037350.1,NC_032672.1,46195008,46942592,46942593,A,AG,1
NC_037350.1,NC_032672.1,46199249,46946833,46946834,T,TW,1
NC_037350.1,NC_032672.1,46204157,46951749,46951750,T,TK,1
NC_037350.1,NC_032672.1,46222563,46970168,46970169,C,CA,1
NC_037350.1,NC_032672.1,46265259,47078713,47078714,G,GC,1
NC_037350.1,NC_032672.1,46265259,47014078,47014079,G,GC,1
NC_037350.1,NC_032672.1,46268399,47017221,47017222,T,TN,1
NC_037350.1,NC_032672.1,46346758,47150032,47150033,T,TC,1
NC_037350.1,NC_032672.1,46359488,47162764,47162765,a,ag,1
NC_037350.1,NC_032672.1,46402707,47206001,47206003,t,tNN,2
NC_037350.1,NC_032672.1,46424057,47227354,47227355,g,ga,1
NC_037350.1,NC_032672.1,46502821,47319634,47319637,a,aaat,3
NC_037350.1,NC_032672.1,46527369,47344190,47344191,C,CT,1
NC_037350.1,NC_032672.1,46587763,47409419,47409420,C,CA,1
NC_037350.1,NC_032672.1,46599845,47421502,47421505,T,TATA,3
NC_037350.1,NC_032672.1,46620621,47440535,47440536,C,CT,1
NC_037350.1,NC_032672.1,46620739,47440654,47440655,T,TG,1
NC_037350.1,NC_032672.1,46626741,47446662,47446663,T,TA,1
NC_037350.1,NC_032672.1,46628503,47448422,47448423,T,TA,1
NC_037350.1,NC_032672.1,46630117,47455620,47455622,g,gta,2
NC_037350.1,NC_032672.1,46640036,47468195,47468197,A,ATG,2
NC_037350.1,NC_032672.1,46640662,47468823,47468824,A,AG,1
NC_037350.1,NC_032672.1,46688475,47516643,47516645,C,CAA,2
NC_037350.1,NC_032672.1,46732480,47560666,47560668,T,TTC,2
NC_037350.1,NC_032672.1,46750033,47578233,47578241,t,tNNNNNNNN,8
NC_037350.1,NC_032672.1,46758515,47586723,47586724,A,AC,1
NC_037350.1,NC_032672.1,46760097,47588305,47588306,c,ct,1
NC_037350.1,NC_032672.1,46808816,47637031,47637032,G,GK,1
NC_037350.1,NC_032672.1,46818757,47646978,47646980,a,aNN,2
NC_037350.1,NC_032672.1,46821435,47649660,47649661,G,GA,1
NC_037350.1,NC_032672.1,46848443,47676784,47676785,T,TA,1
NC_037350.1,NC_032672.1,46910895,47740186,47740188,t,tta,2
NC_037350.1,NC_032672.1,46986328,47815660,47815662,g,gta,2
NC_037350.1,NC_032672.1,47008870,47838027,47838028,a,aN,1
NC_037350.1,NC_032672.1,47015652,47844809,47844810,T,TC,1
NC_037350.1,NC_032672.1,47032173,47860038,47860039,T,TA,1
NC_037350.1,NC_032672.1,47056135,47883097,47883099,G,GAK,2
NC_037350.1,NC_032672.1,47071612,47897288,47897289,T,TA,1
NC_037350.1,NC_032672.1,47075984,47901661,47901662,C,CY,1
NC_037350.1,NC_032672.1,47076284,47901962,47901971,g,gcccctcggt,9
NC_037350.1,NC_032672.1,47086443,47912309,47912310,A,AG,1
NC_037350.1,NC_032672.1,47109314,47935168,47935174,A,AAAGTAT,6
NC_037350.1,NC_032672.1,47112035,47937891,47937892,A,AW,1
NC_037350.1,NC_032672.1,47114192,47940052,47940053,A,AC,1
NC_037350.1,NC_032672.1,47117380,47943240,47943243,A,AGTC,3
NC_037350.1,NC_032672.1,47136041,47961903,47961904,a,at,1
NC_037350.1,NC_032672.1,47174526,48000518,48000519,C,CA,1
NC_037350.1,NC_032672.1,47288845,48114824,48114825,a,aW,1
NC_037350.1,NC_032672.1,47306503,48132460,48132461,G,GA,1
NC_037350.1,NC_032672.1,47354797,48180793,48180794,C,CG,1
NC_037350.1,NC_032672.1,47368171,48193730,48193731,T,TG,1
NC_037350.1,NC_032672.1,47390493,48215041,48215042,C,CN,1
NC_037350.1,NC_032672.1,47454219,48312813,48312821,a,attatatat,8
NC_037350.1,NC_032672.1,47479906,48338361,48338362,G,GS,1
NC_037350.1,NC_032672.1,47523762,48383009,48383012,t,taaa,3
NC_037350.1,NC_032672.1,47523998,48383248,48383256,c,ccgaaaaaa,8
NC_037350.1,NC_032672.1,47524067,48383325,48383328,t,ttta,3
NC_037350.1,NC_032672.1,47524218,48383479,48383480,g,gt,1
NC_037350.1,NC_032672.1,47598112,48457600,48457601,C,CM,1
NC_037350.1,NC_032672.1,47662781,48522269,48522270,G,GS,1
NC_037350.1,NC_032672.1,47723247,48582733,48582735,t,tNN,2
NC_037350.1,NC_032672.1,47770251,48629551,48629552,G,GA,1
NC_037350.1,NC_032672.1,47796168,48655470,48655471,A,AR,1
NC_037350.1,NC_032672.1,47811610,48670919,48670920,C,CA,1
NC_037350.1,NC_032672.1,47812095,48671405,48671407,C,CTA,2
NC_037350.1,NC_032672.1,47816799,48676115,48676116,a,ag,1
NC_037350.1,NC_032672.1,47818083,48677401,48677405,a,acagt,4
NC_037350.1,NC_032672.1,47818085,48677407,48677413,t,tgaACTA,6
NC_037350.1,NC_032672.1,47824368,48683708,48683709,t,tg,1
NC_037350.1,NC_032672.1,47832263,48691603,48691604,t,tW,1
NC_037350.1,NC_032672.1,47880224,48739558,48739559,t,tc,1
NC_037350.1,NC_032672.1,47883074,48742410,48742411,T,TG,1
NC_037350.1,NC_032672.1,47891768,48751114,48751115,G,GT,1
NC_037350.1,NC_032672.1,47898845,48758192,48758194,t,tta,2
NC_037350.1,NC_032672.1,47902448,48761797,48761801,a,aaaat,4
NC_037350.1,NC_032672.1,47903137,48762490,48762491,C,CT,1
NC_037350.1,NC_032672.1,47903208,48762562,48762563,G,GA,1
NC_037350.1,NC_032672.1,47905475,48764828,48764829,t,ta,1
NC_037350.1,NC_032672.1,47929296,48790224,48790225,c,ca,1
NC_037350.1,NC_032672.1,47934187,48795131,48795133,a,aag,2
NC_037350.1,NC_032672.1,47945277,48806224,48806225,C,CR,1
NC_037350.1,NC_032672.1,47947533,48808482,48808483,T,TG,1
NC_037350.1,NC_032672.1,47974369,48843577,48843590,c,caacccagggatcg,13
NC_037350.1,NC_032672.1,47974654,48843875,48843878,t,tWaa,3
NC_037350.1,NC_032672.1,47977735,48846962,48846963,a,ag,1
NC_037350.1,NC_032672.1,47999840,48868165,48868166,a,ac,1
NC_037350.1,NC_032672.1,48024162,48892491,48892493,A,AAG,2
NC_037350.1,NC_032672.1,48054061,48922738,48922739,c,cg,1
NC_037350.1,NC_032672.1,48054081,48922759,48922760,g,gc,1
NC_037350.1,NC_032672.1,48059368,48928043,48928050,G,GCCACGTT,7
NC_037350.1,NC_032672.1,48067014,48935696,48935697,A,AR,1
NC_037350.1,NC_032672.1,48067021,48935704,48935705,C,CA,1
NC_037350.1,NC_032672.1,48128574,48997279,48997280,C,CN,1
NC_037350.1,NC_032672.1,48141362,49010089,49010090,G,GR,1
NC_037350.1,NC_032672.1,48173931,49020743,49020746,A,AAAT,3
NC_037350.1,NC_032672.1,48185338,49032150,49032152,a,act,2
NC_037350.1,NC_032672.1,48200303,49047118,49047119,a,aN,1
NC_037350.1,NC_032672.1,48241791,49117345,49117348,C,CTGT,3
NC_037350.1,NC_032672.1,48264249,49139810,49139811,T,TC,1
NC_037350.1,NC_032672.1,48280922,49156502,49156514,c,ctYTTCCAATGAR,12
NC_037350.1,NC_032672.1,48326378,49202216,49202218,A,AAC,2
NC_037350.1,NC_032672.1,48339620,49215457,49215458,t,ta,1
NC_037350.1,NC_032672.1,48414344,49290226,49290228,g,gga,2
NC_037350.1,NC_032672.1,48414983,49290869,49290870,C,CS,1
NC_037350.1,NC_032672.1,48429808,49305591,49305592,c,ca,1
NC_037350.1,NC_032672.1,48528155,49426108,49426109,G,GR,1
NC_037350.1,NC_032672.1,48534553,49432509,49432517,G,GGTATATCT,8
NC_037350.1,NC_032672.1,48534572,49432536,49432539,c,cctt,3
NC_037350.1,NC_032672.1,48550294,49448261,49448262,A,AT,1
NC_037350.1,NC_032672.1,48551913,49449879,49449880,G,GT,1
NC_037350.1,NC_032672.1,48557786,49455752,49455764,g,gcRcacacacaca,12
NC_037350.1,NC_032672.1,48559930,49457911,49457912,C,CA,1
NC_037350.1,NC_032672.1,48563371,49461352,49461353,T,TY,1
NC_037350.1,NC_032672.1,48563938,49461920,49461921,C,CA,1
NC_037350.1,NC_032672.1,48565356,49463339,49463340,G,GA,1
NC_037350.1,NC_032672.1,48600483,49498456,49498477,T,TCCTGTGGCATCCTTTTCTCAG,21
NC_037350.1,NC_032672.1,48655531,49553533,49553536,g,gtgK,3
NC_037350.1,NC_032672.1,48655541,49553546,49553549,t,tatg,3
NC_037350.1,NC_032672.1,48704814,49602800,49602801,G,GR,1
NC_037350.1,NC_032672.1,48719705,49617689,49617692,t,ttta,3
NC_037350.1,NC_032672.1,48721053,49619040,49619041,C,CT,1
NC_037350.1,NC_032672.1,48724413,49622401,49622402,g,ga,1
NC_037350.1,NC_032672.1,48774687,49672686,49672687,G,GK,1
NC_037350.1,NC_032672.1,48788577,49686578,49686579,T,TC,1
NC_037350.1,NC_032672.1,48800494,49698496,49698498,c,caa,2
NC_037350.1,NC_032672.1,48801863,49699871,49699886,T,TAAGAAACTTTAGGAC,15
NC_037350.1,NC_032672.1,48814161,49712155,49712157,t,ttc,2
NC_037350.1,NC_032672.1,48820133,49718162,49718179,g,ggggatcctNNNNNNcta,17
NC_037350.1,NC_032672.1,48824416,49722461,49722465,g,gcaca,4
NC_037350.1,NC_032672.1,48828809,49726862,49726869,t,tcaaaaaa,7
NC_037350.1,NC_032672.1,48832926,49730986,49730987,T,TK,1
NC_037350.1,NC_032672.1,48833027,49731088,49731089,A,AG,1
NC_037350.1,NC_032672.1,48846072,49744130,49744140,T,TATATAATTAC,10
NC_037350.1,NC_032672.1,48855205,49753273,49753275,T,TAG,2
NC_037350.1,NC_032672.1,48857083,49755159,49755162,t,tgtg,3
NC_037350.1,NC_032672.1,48857500,49755579,49755580,g,gc,1
NC_037350.1,NC_032672.1,48933684,49858200,49858202,t,tga,2
NC_037350.1,NC_032672.1,48988345,49912775,49912776,G,GT,1
NC_037350.1,NC_032672.1,48988398,49912829,49912830,G,GA,1
NC_037350.1,NC_032672.1,49024680,49948892,49948893,a,ac,1
NC_037350.1,NC_032672.1,49084845,50009067,50009069,t,tca,2
NC_037350.1,NC_032672.1,49139797,50064016,50064017,C,CG,1
NC_037350.1,NC_032672.1,49156435,50080639,50080640,g,ga,1
NC_037350.1,NC_032672.1,49156643,50080848,50080849,g,gt,1
NC_037350.1,NC_032672.1,49232737,50157041,50157042,C,CA,1
NC_037350.1,NC_032672.1,49239280,50163611,50163612,C,CG,1
NC_037350.1,NC_032672.1,49252923,50177266,50177267,t,ta,1
NC_037350.1,NC_032672.1,49269849,50194195,50194196,T,TY,1
NC_037350.1,NC_032672.1,49270817,50195164,50195165,G,GC,1
NC_037350.1,NC_032672.1,49280078,50204427,50204428,A,AM,1
NC_037350.1,NC_032672.1,49291260,50215610,50215611,G,GC,1
NC_037350.1,NC_032672.1,49297061,50221413,50221464,C,CNNNNNNNNNNNNNNNNNNNNNNNNNNNNNNNNNNNNNNNNNNNNNNNNNNN,51
NC_037350.1,NC_032672.1,49298377,50222780,50222781,a,at,1
NC_037350.1,NC_032672.1,49323159,50247561,50247562,G,GT,1
NC_037350.1,NC_032672.1,49353559,50277970,50277971,C,CT,1
NC_037350.1,NC_032672.1,49406431,50331253,50331278,g,ggaagcTNNNNNNNNNNNNNNNNNNN,25
NC_037350.1,NC_032672.1,49422199,50348304,50348305,c,ct,1
NC_037350.1,NC_032672.1,49435809,50361923,50361925,t,tta,2
NC_037350.1,NC_032672.1,49607969,50541786,50541787,T,TY,1
NC_037350.1,NC_032672.1,49656262,50590308,50590309,G,GA,1
NC_037350.1,NC_032672.1,49673684,50607723,50607726,g,gggt,3
NC_037350.1,NC_032672.1,49686321,50618976,50618978,t,tta,2
NC_037350.1,NC_032672.1,49704324,50641953,50641954,c,ct,1
NC_037350.1,NC_032672.1,49718680,50656411,50656412,A,AT,1
NC_037350.1,NC_032672.1,49748250,50685977,50685978,T,TA,1
NC_037350.1,NC_032672.1,49763757,50701484,50701494,C,CTCCTCTCTCA,10
NC_037350.1,NC_032672.1,49769260,50707032,50707033,G,GA,1
NC_037350.1,NC_032672.1,49777705,50715260,50715261,g,ga,1
NC_037350.1,NC_032672.1,49790122,50727673,50727674,A,AC,1
NC_037350.1,NC_032672.1,49791310,50728862,50728869,C,CTATTATT,7
NC_037350.1,NC_032672.1,49829432,50766818,50766819,T,TA,1
NC_037350.1,NC_032672.1,49831219,50768602,50768603,c,ct,1
NC_037350.1,NC_032672.1,49910348,50847665,50847666,G,GS,1
NC_037350.1,NC_032672.1,49935540,50872858,50872859,C,CG,1
NC_037350.1,NC_032672.1,49942428,50878660,50878661,G,GC,1
NC_037350.1,NC_032672.1,49962528,50898629,50898630,T,TC,1
NC_037350.1,NC_032672.1,49994093,50930196,50930197,C,CY,1
NC_037350.1,NC_032672.1,50004192,50940296,50940306,g,gtgtatagaaa,10
NC_037350.1,NC_032672.1,50004291,50940405,50940409,t,tatcc,4
NC_037350.1,NC_032672.1,50034633,50970769,50970777,G,GAGGTGAGA,8
NC_037350.1,NC_032672.1,50050500,50987132,50987134,t,tta,2
NC_037350.1,NC_032672.1,50073456,51010149,51010150,t,tc,1
NC_037350.1,NC_032672.1,50075460,51012154,51012155,t,ta,1
NC_037350.1,NC_032672.1,50077805,51014499,51014508,C,CGTGAGGAGG,9
NC_037350.1,NC_032672.1,50081411,51018112,51018113,T,TY,1
NC_037350.1,NC_032672.1,50082924,51019626,51019633,A,ATTAAGTT,7
NC_037350.1,NC_032672.1,50107091,51043829,51043837,A,ANNNNNNNN,8
NC_037350.1,NC_032672.1,50167615,51104183,51104188,A,AGTAAC,5
NC_037350.1,NC_032672.1,50290559,51204437,51204438,g,gc,1
NC_037350.1,NC_032672.1,50290567,51204446,51204447,t,tc,1
NC_037350.1,NC_032672.1,50290602,51204482,51204505,C,CNNNNNNNNNNNNNNNNNNNNNNN,23
NC_037350.1,NC_032672.1,50290779,51204686,51204687,a,ag,1
NC_037350.1,NC_032672.1,50290796,51204704,51204705,t,tg,1
NC_037350.1,NC_032672.1,50290808,51204717,51204718,g,gc,1
NC_037350.1,NC_032672.1,50290840,51204750,51204751,c,cg,1
NC_037350.1,NC_032672.1,50290854,51204765,51204766,t,tg,1
NC_037350.1,NC_032672.1,50325238,51239862,51239866,g,ggggS,4
NC_037350.1,NC_032672.1,50337848,51251644,51251645,A,AT,1
NC_037350.1,NC_032672.1,50345765,51259561,51259562,C,CA,1
NC_037350.1,NC_032672.1,50347192,51260989,51260993,C,CAGAA,4
NC_037350.1,NC_032672.1,50359854,51273594,51273595,T,TA,1
NC_037350.1,NC_032672.1,50404622,51318367,51318369,C,CAT,2
NC_037350.1,NC_032672.1,50423091,51337306,51337329,T,TCTGCACGCGTGGCCTCTGAGCGG,23
NC_037350.1,NC_032672.1,50424299,51338538,51338540,G,GCR,2
NC_037350.1,NC_032672.1,50466639,51380881,51380882,C,CG,1
NC_037350.1,NC_032672.1,50506819,51421069,51421073,t,tgcgc,4
NC_037350.1,NC_032672.1,50517314,51431568,51431569,C,CA,1
NC_037350.1,NC_032672.1,50562801,51476414,51476415,g,ga,1
NC_037350.1,NC_032672.1,50605894,51519506,51519507,t,tg,1
NC_037350.1,NC_032672.1,50605929,51519542,51519544,c,cct,2
NC_037350.1,NC_032672.1,50645912,51559603,51559614,g,gtccatcaccat,11
NC_037350.1,NC_032672.1,50648711,51562409,51562412,g,ggca,3
NC_037350.1,NC_032672.1,50648722,51562423,51562429,c,cacacag,6
NC_037350.1,NC_032672.1,50650370,51563975,51563976,a,ag,1
NC_037350.1,NC_032672.1,50659151,51572759,51572761,a,aaN,2
NC_037350.1,NC_032672.1,50803383,51660929,51660931,g,ggt,2
NC_037350.1,NC_032672.1,50836969,51693836,51693840,t,tgata,4
NC_037350.1,NC_032672.1,50924087,51780923,51780924,a,at,1
NC_037350.1,NC_032672.1,50933256,51790139,51790140,C,CA,1
NC_037350.1,NC_032672.1,50969303,51861518,51861519,G,GM,1
NC_037350.1,NC_032672.1,50995724,51887871,51887895,a,atgactactggcaaaatcatagctt,24
NC_037350.1,NC_032672.1,51033655,51925856,51925857,T,TA,1
NC_037350.1,NC_032672.1,51060617,51952241,51952242,a,ag,1
NC_037350.1,NC_032672.1,51081107,51972732,51972735,g,ggat,3
NC_037350.1,NC_032672.1,51082508,51974069,51974140,C,CGGGAGCTGCCCTGCAGACAGCACCCTCAGGGGGCCCCCGCTCAGGGAGGGGAGGCCCTCCCAGGCAGGACT,71
NC_037350.1,NC_032672.1,51120713,52065452,52065453,G,GR,1
NC_037350.1,NC_032672.1,51159101,52103843,52103848,a,attacg,5
NC_037350.1,NC_032672.1,51177357,52122545,52122546,A,AG,1
NC_037350.1,NC_032672.1,51210977,52156163,52156164,G,GC,1
NC_037350.1,NC_032672.1,51212328,52157511,52157518,c,cgtgtctg,7
NC_037350.1,NC_032672.1,51215604,52175584,52175585,T,TC,1
NC_037350.1,NC_032672.1,51222794,52182777,52182806,T,TCGCGTCCCGGACGCTTCAGAGGCGACCCG,29
NC_037350.1,NC_032672.1,51234093,52194116,52194121,T,TGTTCC,5
NC_037350.1,NC_032672.1,51262369,52218781,52218783,g,gta,2
NC_037350.1,NC_032672.1,51266642,52223058,52223059,G,GA,1
NC_037350.1,NC_032672.1,51336398,52292798,52292799,C,CG,1
NC_037350.1,NC_032672.1,51366454,52323088,52323089,t,tN,1
NC_037350.1,NC_032672.1,51536844,52497322,52497354,T,TACTAANTAATGAATTAGTATTAAAGTATAAAG,32
NC_037350.1,NC_032672.1,51571698,52532259,52532260,G,GC,1
NC_037350.1,NC_032672.1,51589827,52550285,52550286,C,CR,1
NC_037350.1,NC_032672.1,51590321,52550718,52550719,C,CY,1
NC_037350.1,NC_032672.1,51636459,52589288,52589289,C,CT,1
NC_037350.1,NC_032672.1,51648131,52600749,52600750,T,TK,1
NC_037350.1,NC_032672.1,51659755,52612375,52612376,c,cg,1
NC_037350.1,NC_032672.1,51683944,52636566,52636567,t,tc,1
NC_037350.1,NC_032672.1,51723637,52675835,52675836,c,ca,1
NC_037350.1,NC_032672.1,51747673,52699366,52699367,C,CM,1
NC_037350.1,NC_032672.1,51789091,52739804,52739805,A,AW,1
NC_037350.1,NC_032672.1,51832759,52786333,52786335,G,GTT,2
NC_037350.1,NC_032672.1,51836830,52790407,52790408,A,AM,1
NC_037350.1,NC_032672.1,51840704,52794146,52794152,T,TAGACCC,6
NC_037350.1,NC_032672.1,51844814,52798260,52798261,A,AC,1
NC_037350.1,NC_032672.1,51854975,52808082,52808098,A,AGAGCTCCGACCTCGGG,16
NC_037350.1,NC_032672.1,51859739,52812875,52812884,G,GGCTGTGGGC,9
NC_037350.1,NC_032672.1,51862546,52814911,52814912,C,CG,1
NC_037350.1,NC_032672.1,51864363,52816728,52816729,G,GK,1
NC_037350.1,NC_032672.1,52026435,52981429,52981430,C,CG,1
NC_037350.1,NC_032672.1,52186036,53186982,53186983,g,ga,1
NC_037350.1,NC_032672.1,52234746,53236384,53236387,t,tagc,3
NC_037350.1,NC_032672.1,52245161,53246802,53246803,C,CM,1
NC_037350.1,NC_032672.1,52275988,53277626,53277627,A,AC,1
