Reference ID,Query ID,Reference POS,Query POS,Query END,REF,ALT,SVLEN
NC_037344.1,NC_032666.1,67726,36755,36756,T,TY,1
NC_037344.1,NC_032666.1,163457,132511,132512,t,tg,1
NC_037344.1,NC_032666.1,163778,132836,132837,g,gc,1
NC_037344.1,NC_032666.1,164923,133984,133986,c,cta,2
NC_037344.1,NC_032666.1,178590,147666,147667,C,CA,1
NC_037344.1,NC_032666.1,178593,147670,147674,G,GTGGT,4
NC_037344.1,NC_032666.1,241822,210780,210781,g,gc,1
NC_037344.1,NC_032666.1,287735,256695,256696,g,ga,1
NC_037344.1,NC_032666.1,412421,382047,382048,g,gc,1
NC_037344.1,NC_032666.1,412520,382147,382148,g,gt,1
NC_037344.1,NC_032666.1,446914,416563,416580,a,aatNNNNNNNNNNNNNNN,17
NC_037344.1,NC_032666.1,460305,429987,429988,c,cg,1
NC_037344.1,NC_032666.1,460388,430071,430074,t,taaa,3
NC_037344.1,NC_032666.1,463981,433665,433666,a,ac,1
NC_037344.1,NC_032666.1,465364,435058,435064,g,gtttttt,6
NC_037344.1,NC_032666.1,466569,436269,436272,a,atag,3
NC_037344.1,NC_032666.1,467399,437102,437117,g,gtaaaaaaaaaaaaaa,15
NC_037344.1,NC_032666.1,469475,439194,439195,c,ca,1
NC_037344.1,NC_032666.1,469795,439514,439515,c,ca,1
NC_037344.1,NC_032666.1,472109,441829,441830,A,AR,1
NC_037344.1,NC_032666.1,477548,447273,447276,t,ttgg,3
NC_037344.1,NC_032666.1,480016,449744,449767,G,GCACAGAGAGTGTGTATGTATGGS,23
NC_037344.1,NC_032666.1,488177,457931,457933,A,ATG,2
NC_037344.1,NC_032666.1,488183,457939,457943,C,CTAAA,4
NC_037344.1,NC_032666.1,666327,651494,651496,c,cKt,2
NC_037344.1,NC_032666.1,667139,652308,652309,t,tg,1
NC_037344.1,NC_032666.1,722550,707744,707746,g,gcc,2
NC_037344.1,NC_032666.1,767140,753764,753765,C,CT,1
NC_037344.1,NC_032666.1,853282,839936,839937,a,aM,1
NC_037344.1,NC_032666.1,865579,852028,852030,a,aat,2
NC_037344.1,NC_032666.1,887988,874442,874444,c,cct,2
NC_037344.1,NC_032666.1,892482,878938,878939,c,cY,1
NC_037344.1,NC_032666.1,894455,880912,880913,g,gc,1
NC_037344.1,NC_032666.1,894507,880967,880968,T,TC,1
NC_037344.1,NC_032666.1,909005,895486,895491,a,attgtg,5
NC_037344.1,NC_032666.1,913183,899672,899675,g,gtct,3
NC_037344.1,NC_032666.1,916404,904001,904002,c,ct,1
NC_037344.1,NC_032666.1,925149,910788,910789,g,gt,1
NC_037344.1,NC_032666.1,925149,978247,978248,g,gt,1
NC_037344.1,NC_032666.1,939475,993391,993392,g,ga,1
NC_037344.1,NC_032666.1,943856,997775,997779,g,gctgt,4
NC_037344.1,NC_032666.1,943946,997869,997870,c,ca,1
NC_037344.1,NC_032666.1,945740,999666,999667,G,GA,1
NC_037344.1,NC_032666.1,947113,1001040,1001041,g,ga,1
NC_037344.1,NC_032666.1,983200,1036999,1037004,g,ggaaaa,5
NC_037344.1,NC_032666.1,1007772,1061320,1061321,a,ag,1
NC_037344.1,NC_032666.1,1043235,1096786,1096787,T,TA,1
NC_037344.1,NC_032666.1,1043267,1096822,1096823,a,ac,1
NC_037344.1,NC_032666.1,1046740,1100296,1100297,g,gt,1
NC_037344.1,NC_032666.1,1094159,1146484,1146485,A,AC,1
NC_037344.1,NC_032666.1,1100057,1152382,1152383,C,CT,1
NC_037344.1,NC_032666.1,1116153,1168486,1168487,G,GS,1
NC_037344.1,NC_032666.1,1126004,1178343,1178344,t,ta,1
NC_037344.1,NC_032666.1,1132410,1184752,1184753,T,TG,1
NC_037344.1,NC_032666.1,1151867,1204401,1204402,c,ct,1
NC_037344.1,NC_032666.1,1165522,1218056,1218057,A,AG,1
NC_037344.1,NC_032666.1,1185545,1238088,1238089,A,AW,1
NC_037344.1,NC_032666.1,1186844,1239387,1239388,A,AG,1
NC_037344.1,NC_032666.1,1192415,1244962,1244963,G,GA,1
NC_037344.1,NC_032666.1,1219558,1272082,1272084,C,CTT,2
NC_037344.1,NC_032666.1,1252213,1300995,1300996,t,tg,1
NC_037344.1,NC_032666.1,1261188,1309983,1309984,T,TA,1
NC_037344.1,NC_032666.1,1280829,1327816,1327817,t,tg,1
NC_037344.1,NC_032666.1,1295608,1342602,1342603,C,CA,1
NC_037344.1,NC_032666.1,1372966,1420595,1420597,g,gat,2
NC_037344.1,NC_032666.1,1384601,1428720,1428721,c,ct,1
NC_037344.1,NC_032666.1,1384656,1428776,1428777,c,ca,1
NC_037344.1,NC_032666.1,1408465,1452395,1452396,t,tc,1
NC_037344.1,NC_032666.1,1411536,1455469,1455472,a,aaac,3
NC_037344.1,NC_032666.1,1421651,1466070,1466071,a,at,1
NC_037344.1,NC_032666.1,1489934,1548077,1548078,t,ta,1
NC_037344.1,NC_032666.1,1492104,1550248,1550249,g,ga,1
NC_037344.1,NC_032666.1,1553848,1667056,1667059,g,gtgt,3
NC_037344.1,NC_032666.1,1560128,1614896,1614897,c,ca,1
NC_037344.1,NC_032666.1,1570312,1625074,1625075,G,GC,1
NC_037344.1,NC_032666.1,1596667,1652265,1652267,t,taa,2
NC_037344.1,NC_032666.1,1610908,1680720,1680721,g,ga,1
NC_037344.1,NC_032666.1,1611254,1681068,1681070,t,tta,2
NC_037344.1,NC_032666.1,1611393,1681207,1681212,a,aaaaag,5
NC_037344.1,NC_032666.1,1611666,1681485,1681487,c,ctt,2
NC_037344.1,NC_032666.1,1624898,1694713,1694714,a,at,1
NC_037344.1,NC_032666.1,1627020,1696836,1696837,T,TG,1
NC_037344.1,NC_032666.1,1629993,1699812,1699813,a,at,1
NC_037344.1,NC_032666.1,1632989,1702806,1702808,g,gca,2
NC_037344.1,NC_032666.1,1634636,1704457,1704458,c,ct,1
NC_037344.1,NC_032666.1,1635444,1705265,1705266,C,CY,1
NC_037344.1,NC_032666.1,1635718,1705541,1705542,G,GA,1
NC_037344.1,NC_032666.1,1641027,1710853,1710854,t,ta,1
NC_037344.1,NC_032666.1,1641711,1711533,1711534,C,CA,1
NC_037344.1,NC_032666.1,1641736,1711559,1711560,C,CG,1
NC_037344.1,NC_032666.1,1683574,1753868,1753871,T,TTCG,3
NC_037344.1,NC_032666.1,1684702,1755002,1755003,T,TY,1
NC_037344.1,NC_032666.1,1686210,1756511,1756516,T,TTAAAA,5
NC_037344.1,NC_032666.1,1690687,1760994,1761000,t,tNNNNNN,6
NC_037344.1,NC_032666.1,1714325,1784663,1784664,A,AG,1
NC_037344.1,NC_032666.1,1716336,1786686,1786692,t,tctttta,6
NC_037344.1,NC_032666.1,1723902,1794649,1794651,c,ctt,2
NC_037344.1,NC_032666.1,1725597,1796364,1796365,C,CA,1
NC_037344.1,NC_032666.1,1745083,1815854,1815855,g,gc,1
NC_037344.1,NC_032666.1,1761098,1831921,1831922,a,ag,1
NC_037344.1,NC_032666.1,1761116,1831940,1831941,a,at,1
NC_037344.1,NC_032666.1,1785508,1856337,1856338,t,tc,1
NC_037344.1,NC_032666.1,1795092,1865923,1865924,g,gc,1
NC_037344.1,NC_032666.1,1796627,1867459,1867460,a,at,1
NC_037344.1,NC_032666.1,1799151,1869983,1869984,T,TY,1
NC_037344.1,NC_032666.1,1805959,1876800,1876810,t,ttgtttgtttg,10
NC_037344.1,NC_032666.1,1808121,1878969,1878975,T,TCTTTAK,6
NC_037344.1,NC_032666.1,1810860,1886479,1886480,g,ga,1
NC_037344.1,NC_032666.1,1811370,1886969,1886970,t,ta,1
NC_037344.1,NC_032666.1,1813508,1889107,1889108,t,tg,1
NC_037344.1,NC_032666.1,1813753,1889356,1889357,g,gt,1
NC_037344.1,NC_032666.1,1814859,1892175,1892177,a,atc,2
NC_037344.1,NC_032666.1,1815294,1892612,1892613,t,tc,1
NC_037344.1,NC_032666.1,1817786,1895093,1895097,t,tagcc,4
NC_037344.1,NC_032666.1,1875815,1953975,1953976,t,ta,1
NC_037344.1,NC_032666.1,1898308,1976483,1976484,c,ct,1
NC_037344.1,NC_032666.1,1911125,1989297,1989298,t,tc,1
NC_037344.1,NC_032666.1,1926282,2004453,2004455,g,gaa,2
NC_037344.1,NC_032666.1,1936072,2014245,2014246,C,CM,1
NC_037344.1,NC_032666.1,1936125,2014302,2014304,G,GGT,2
NC_037344.1,NC_032666.1,1992038,2070177,2070178,A,AG,1
NC_037344.1,NC_032666.1,2079374,2156610,2156611,c,ct,1
NC_037344.1,NC_032666.1,2150245,2226460,2226462,t,tga,2
NC_037344.1,NC_032666.1,2150509,2226726,2226728,a,atg,2
NC_037344.1,NC_032666.1,2157805,2236515,2236516,t,ta,1
NC_037344.1,NC_032666.1,2157820,2236531,2236532,g,gt,1
NC_037344.1,NC_032666.1,2206582,2288490,2288492,a,aNN,2
NC_037344.1,NC_032666.1,2239604,2321516,2321524,a,aNNNNNNNN,8
NC_037344.1,NC_032666.1,2378196,2461505,2461506,c,cg,1
NC_037344.1,NC_032666.1,2384105,2467415,2467416,G,GK,1
NC_037344.1,NC_032666.1,2397938,2554213,2554214,g,ga,1
NC_037344.1,NC_032666.1,2410126,2493459,2493460,a,at,1
NC_037344.1,NC_032666.1,2412138,2568418,2568420,t,tta,2
NC_037344.1,NC_032666.1,2413133,2569415,2569418,C,CAGT,3
NC_037344.1,NC_032666.1,2415207,2571527,2571528,T,TC,1
NC_037344.1,NC_032666.1,2416143,2572462,2572464,A,AAT,2
NC_037344.1,NC_032666.1,2417365,2500689,2500692,g,gaga,3
NC_037344.1,NC_032666.1,2417529,2500856,2500857,c,ca,1
NC_037344.1,NC_032666.1,2456669,2613302,2613304,a,aNN,2
NC_037344.1,NC_032666.1,2467097,2623735,2623736,g,gc,1
NC_037344.1,NC_032666.1,2516112,2742069,2742070,t,ta,1
NC_037344.1,NC_032666.1,2576404,2802189,2802190,T,TG,1
NC_037344.1,NC_032666.1,2622027,2847585,2847586,C,CT,1
NC_037344.1,NC_032666.1,2626393,2851975,2851977,A,ACT,2
NC_037344.1,NC_032666.1,2631596,2857234,2857235,T,TY,1
NC_037344.1,NC_032666.1,2634681,2860321,2860322,G,GC,1
NC_037344.1,NC_032666.1,2736130,2962048,2962049,c,cg,1
NC_037344.1,NC_032666.1,2753555,2979706,2979711,t,tctttc,5
NC_037344.1,NC_032666.1,2761887,2988048,2988052,A,AGACT,4
NC_037344.1,NC_032666.1,2931640,3157821,3157823,t,taa,2
NC_037344.1,NC_032666.1,2942411,3168594,3168595,t,ta,1
NC_037344.1,NC_032666.1,2947379,3173563,3173564,t,tg,1
NC_037344.1,NC_032666.1,2997684,3223201,3223208,c,ccctttca,7
NC_037344.1,NC_032666.1,3019006,3244567,3244575,c,cacacacat,8
NC_037344.1,NC_032666.1,3024517,3250085,3250086,c,ct,1
NC_037344.1,NC_032666.1,3028905,3254476,3254477,T,TK,1
NC_037344.1,NC_032666.1,3030991,3256563,3256564,T,TG,1
NC_037344.1,NC_032666.1,3034912,3260484,3260486,C,CTA,2
NC_037344.1,NC_032666.1,3035533,3261116,3261117,T,TY,1
NC_037344.1,NC_032666.1,3099923,3325335,3325337,t,tta,2
NC_037344.1,NC_032666.1,3099944,3325358,3325360,t,taa,2
NC_037344.1,NC_032666.1,3108800,3347092,3347096,G,GAAGA,4
NC_037344.1,NC_032666.1,3166426,3404735,3404736,a,at,1
NC_037344.1,NC_032666.1,3174715,3413027,3413029,t,tNN,2
NC_037344.1,NC_032666.1,3211961,3453204,3453207,a,atgc,3
NC_037344.1,NC_032666.1,3213922,3455245,3455246,g,gc,1
NC_037344.1,NC_032666.1,3218121,3459469,3459471,C,CTG,2
NC_037344.1,NC_032666.1,3220049,3461400,3461401,a,at,1
NC_037344.1,NC_032666.1,3225335,3466688,3466689,C,CT,1
NC_037344.1,NC_032666.1,3227348,3468690,3468692,A,AAN,2
NC_037344.1,NC_032666.1,3227516,3468860,3468864,C,CATAA,4
NC_037344.1,NC_032666.1,3227560,3468908,3468911,T,TATC,3
NC_037344.1,NC_032666.1,3228936,3470324,3470329,g,ggctcc,5
NC_037344.1,NC_032666.1,3229674,3471065,3471067,t,tac,2
NC_037344.1,NC_032666.1,3229943,3471336,3471337,c,ca,1
NC_037344.1,NC_032666.1,3230390,3471784,3471786,c,cag,2
NC_037344.1,NC_032666.1,3231111,3472505,3472506,t,tc,1
NC_037344.1,NC_032666.1,3231133,3472528,3472529,c,ct,1
NC_037344.1,NC_032666.1,3231787,3473182,3473189,g,gctgagca,7
NC_037344.1,NC_032666.1,3233772,3475203,3475204,T,TW,1
NC_037344.1,NC_032666.1,3243508,3484941,3484942,T,TY,1
NC_037344.1,NC_032666.1,3265836,3507269,3507270,G,GK,1
NC_037344.1,NC_032666.1,3462982,3799148,3799149,c,ct,1
NC_037344.1,NC_032666.1,3484561,3820703,3820704,C,CG,1
NC_037344.1,NC_032666.1,3488701,3824478,3824479,G,GC,1
NC_037344.1,NC_032666.1,3529201,3836511,3836513,G,GGT,2
NC_037344.1,NC_032666.1,3617498,3939013,3939027,T,TTAGCTTGTTAAGTA,14
NC_037344.1,NC_032666.1,3618052,3939582,3939583,G,GT,1
NC_037344.1,NC_032666.1,3625920,3947393,3947397,t,taaaa,4
NC_037344.1,NC_032666.1,3643312,3964782,3964783,C,CR,1
NC_037344.1,NC_032666.1,3653102,3974576,3974577,G,GR,1
NC_037344.1,NC_032666.1,3740572,4062048,4062049,C,CK,1
NC_037344.1,NC_032666.1,3740580,4062057,4062126,g,gtcttctgtgtgtgtgtatgctgccATAANNNNNNNNNNNNNNNNNNNNNNNNNNNNNNNNNNGCGCcaa,69
NC_037344.1,NC_032666.1,3799700,4121248,4121249,G,GT,1
NC_037344.1,NC_032666.1,3821668,4143187,4143188,g,gt,1
NC_037344.1,NC_032666.1,3833221,4154685,4154700,a,acacacacacacacac,15
NC_037344.1,NC_032666.1,3835371,4156847,4156848,a,at,1
NC_037344.1,NC_032666.1,3851139,4172609,4172628,a,agcACAGAGCACNNNNNNNN,19
NC_037344.1,NC_032666.1,3851229,4172718,4172724,c,ccctcct,6
NC_037344.1,NC_032666.1,3875707,4197000,4197001,G,GA,1
NC_037344.1,NC_032666.1,3875718,4197012,4197013,A,AG,1
NC_037344.1,NC_032666.1,3880399,4201697,4201698,C,CT,1
NC_037344.1,NC_032666.1,3880703,4202002,4202003,c,ct,1
NC_037344.1,NC_032666.1,3881161,4202463,4202489,A,ACTNNNNNNNNNNNNNNNNNNNNNNNN,26
NC_037344.1,NC_032666.1,3882039,4203353,4203371,A,AAAAGCGAGAATCATATAC,18
NC_037344.1,NC_032666.1,3893993,4220950,4220951,c,ca,1
NC_037344.1,NC_032666.1,3916407,4243874,4243875,a,ag,1
NC_037344.1,NC_032666.1,3944435,4271917,4271918,C,CM,1
NC_037344.1,NC_032666.1,3946495,4273998,4274002,C,CTTGA,4
NC_037344.1,NC_032666.1,3951127,4278634,4278638,C,CTCAT,4
NC_037344.1,NC_032666.1,3967490,4294995,4294999,G,GCATT,4
NC_037344.1,NC_032666.1,4023823,4351422,4351423,C,CY,1
NC_037344.1,NC_032666.1,4064986,4392590,4392591,G,GA,1
NC_037344.1,NC_032666.1,4064991,4392596,4392597,T,TA,1
NC_037344.1,NC_032666.1,4065005,4392611,4392612,A,AC,1
NC_037344.1,NC_032666.1,4067434,4395039,4395040,G,GT,1
NC_037344.1,NC_032666.1,4084570,4412191,4412196,C,CNNNNN,5
NC_037344.1,NC_032666.1,4100018,4427642,4427643,T,TA,1
NC_037344.1,NC_032666.1,4105331,4432957,4432968,G,GACACTCAGGAC,11
NC_037344.1,NC_032666.1,4135424,4459389,4459390,C,CT,1
NC_037344.1,NC_032666.1,4220966,4543212,4543213,t,tW,1
NC_037344.1,NC_032666.1,4222086,4544333,4544334,t,ta,1
NC_037344.1,NC_032666.1,4222878,4545126,4545129,C,CATT,3
NC_037344.1,NC_032666.1,4224459,4546710,4546711,a,at,1
NC_037344.1,NC_032666.1,4264788,4587041,4587042,A,AR,1
NC_037344.1,NC_032666.1,4264905,4587159,4587162,A,AACT,3
NC_037344.1,NC_032666.1,4277193,4614325,4614326,a,ag,1
NC_037344.1,NC_032666.1,4289498,4626626,4626633,g,gatcaaga,7
NC_037344.1,NC_032666.1,4290672,4627806,4627807,a,ac,1
NC_037344.1,NC_032666.1,4379664,4716801,4716802,C,CT,1
NC_037344.1,NC_032666.1,4386219,4723351,4723352,A,AR,1
NC_037344.1,NC_032666.1,4390590,4727726,4727727,g,gc,1
NC_037344.1,NC_032666.1,4393414,4730553,4730555,A,AAG,2
NC_037344.1,NC_032666.1,4396871,4733995,4733997,G,GCA,2
NC_037344.1,NC_032666.1,4401163,4738294,4738295,C,CA,1
NC_037344.1,NC_032666.1,4407558,4744692,4744694,t,tta,2
NC_037344.1,NC_032666.1,4417265,4754400,4754401,C,CA,1
NC_037344.1,NC_032666.1,4533578,4870627,4870628,T,Tc,1
NC_037344.1,NC_032666.1,4533591,4870641,4870642,c,ct,1
NC_037344.1,NC_032666.1,4595676,4932435,4932436,C,CG,1
NC_037344.1,NC_032666.1,4601680,4938443,4938448,c,cattNN,5
NC_037344.1,NC_032666.1,4601965,4938730,4938731,a,at,1
NC_037344.1,NC_032666.1,4623280,4969835,4969842,t,tgaaacag,7
NC_037344.1,NC_032666.1,4623395,4969957,4969958,a,at,1
NC_037344.1,NC_032666.1,4624331,4970892,4970893,C,CA,1
NC_037344.1,NC_032666.1,4627952,4974513,4974515,c,cag,2
NC_037344.1,NC_032666.1,4629809,4976367,4976368,G,GA,1
NC_037344.1,NC_032666.1,4633526,4980082,4980083,C,CT,1
NC_037344.1,NC_032666.1,4636045,4982491,4982492,t,tc,1
NC_037344.1,NC_032666.1,4644951,4991399,4991400,C,CY,1
NC_037344.1,NC_032666.1,4705364,5051922,5051923,C,CY,1
NC_037344.1,NC_032666.1,4705458,5052017,5052018,T,TY,1
NC_037344.1,NC_032666.1,4719034,5065595,5065602,a,acaaaaac,7
NC_037344.1,NC_032666.1,4770442,5117006,5117009,T,TCTK,3
NC_037344.1,NC_032666.1,4778424,5124988,5124989,A,AG,1
NC_037344.1,NC_032666.1,4783843,4956349,4956351,C,CAG,2
NC_037344.1,NC_032666.1,4791668,4964174,4964175,c,ct,1
NC_037344.1,NC_032666.1,4796344,4968855,4968856,a,ag,1
NC_037344.1,NC_032666.1,4797014,4969525,4969526,a,ag,1
NC_037344.1,NC_032666.1,4815776,5195735,5195736,A,AC,1
NC_037344.1,NC_032666.1,4821757,5201698,5201699,T,TC,1
NC_037344.1,NC_032666.1,4826150,5206092,5206093,g,gc,1
NC_037344.1,NC_032666.1,4828068,5208019,5208022,c,caga,3
NC_037344.1,NC_032666.1,4837673,5217628,5217629,G,GR,1
NC_037344.1,NC_032666.1,4840286,5220242,5220243,a,ac,1
NC_037344.1,NC_032666.1,4843789,5223769,5223771,a,att,2
NC_037344.1,NC_032666.1,4845514,5225496,5225499,a,attt,3
NC_037344.1,NC_032666.1,4852811,5232799,5232801,C,CCT,2
NC_037344.1,NC_032666.1,4855538,5235528,5235529,T,TA,1
NC_037344.1,NC_032666.1,4856486,5236477,5236480,C,CTTG,3
NC_037344.1,NC_032666.1,4856637,5236631,5236632,A,AT,1
NC_037344.1,NC_032666.1,4885852,5244725,5244726,c,ca,1
NC_037344.1,NC_032666.1,4906403,5263753,5263755,A,AAG,2
NC_037344.1,NC_032666.1,4907653,5265002,5265005,c,ccca,3
NC_037344.1,NC_032666.1,4918792,5275813,5275825,T,TAAATACGTAAAG,12
NC_037344.1,NC_032666.1,4920202,5277235,5277241,G,GGCTCKK,6
NC_037344.1,NC_032666.1,4920608,5277647,5277649,t,ttc,2
NC_037344.1,NC_032666.1,4920620,5277661,5277663,c,ctt,2
NC_037344.1,NC_032666.1,4921642,5278979,5278980,t,ta,1
NC_037344.1,NC_032666.1,4921812,5279150,5279151,G,GA,1
NC_037344.1,NC_032666.1,4945873,5303046,5303047,G,GC,1
NC_037344.1,NC_032666.1,4967101,5324277,5324280,T,TATA,3
NC_037344.1,NC_032666.1,4967792,5324969,5324975,C,CCAGAGG,6
NC_037344.1,NC_032666.1,4968702,5325882,5325883,A,AR,1
NC_037344.1,NC_032666.1,4976590,5333771,5333772,c,ct,1
NC_037344.1,NC_032666.1,5023761,5383731,5383732,A,AG,1
NC_037344.1,NC_032666.1,5056452,5474291,5474295,c,cagat,4
NC_037344.1,NC_032666.1,5096542,5515266,5515268,c,cct,2
NC_037344.1,NC_032666.1,5103915,5405602,5405604,t,taa,2
NC_037344.1,NC_032666.1,5103940,5405629,5405630,c,cA,1
NC_037344.1,NC_032666.1,5104266,5522988,5522989,C,CN,1
NC_037344.1,NC_032666.1,5172280,5623618,5623620,c,cca,2
NC_037344.1,NC_032666.1,5172300,5623640,5623641,a,ac,1
NC_037344.1,NC_032666.1,5254688,5706554,5706555,C,CA,1
NC_037344.1,NC_032666.1,5256064,5707931,5707934,G,GGAT,3
NC_037344.1,NC_032666.1,5261333,5713203,5713204,C,CG,1
NC_037344.1,NC_032666.1,5328564,5789674,5789675,a,at,1
NC_037344.1,NC_032666.1,5332875,5793985,5793995,a,atgtgtgtgtg,10
NC_037344.1,NC_032666.1,5369039,5830466,5830467,c,ca,1
NC_037344.1,NC_032666.1,5378592,5839993,5839995,g,gct,2
NC_037344.1,NC_032666.1,5378608,5840011,5840030,g,gaactgatactgatatttta,19
NC_037344.1,NC_032666.1,5379482,5840903,5840904,G,GC,1
NC_037344.1,NC_032666.1,5393995,5855424,5855425,c,ca,1
NC_037344.1,NC_032666.1,5395012,5856445,5856447,a,act,2
NC_037344.1,NC_032666.1,5482509,5958252,5958253,A,AW,1
NC_037344.1,NC_032666.1,5484807,5960551,5960552,T,TY,1
NC_037344.1,NC_032666.1,5486553,5984771,5984772,g,ga,1
NC_037344.1,NC_032666.1,5486578,5984797,5984798,a,ag,1
NC_037344.1,NC_032666.1,5486662,5984882,5984885,T,TCTC,3
NC_037344.1,NC_032666.1,5506531,6004476,6004477,C,CA,1
NC_037344.1,NC_032666.1,5522119,6019900,6019901,C,CT,1
NC_037344.1,NC_032666.1,5522222,6020004,6020005,a,ac,1
NC_037344.1,NC_032666.1,5546286,6044078,6044082,G,GAGGA,4
NC_037344.1,NC_032666.1,5547968,6045353,6045355,G,GGA,2
NC_037344.1,NC_032666.1,5549743,6047129,6047132,a,acac,3
NC_037344.1,NC_032666.1,5550318,6047711,6047712,T,TC,1
NC_037344.1,NC_032666.1,5556120,6053513,6053516,t,ttaa,3
NC_037344.1,NC_032666.1,5562237,6059635,6059636,G,GC,1
NC_037344.1,NC_032666.1,5566059,6063457,6063460,G,GRGA,3
NC_037344.1,NC_032666.1,5570033,6067433,6067434,g,ga,1
NC_037344.1,NC_032666.1,5572645,6070047,6070048,a,aN,1
NC_037344.1,NC_032666.1,5602619,6100001,6100002,C,CT,1
NC_037344.1,NC_032666.1,5613792,6111175,6111176,c,ct,1
NC_037344.1,NC_032666.1,5643307,6140513,6140516,G,GGTA,3
NC_037344.1,NC_032666.1,5671467,6168683,6168684,a,at,1
NC_037344.1,NC_032666.1,5675327,6172548,6172549,g,ga,1
NC_037344.1,NC_032666.1,5688476,6185698,6185699,C,CY,1
NC_037344.1,NC_032666.1,5697142,6194381,6194382,A,AW,1
NC_037344.1,NC_032666.1,5801500,6297552,6297571,t,tagcccgcctggttcctctg,19
NC_037344.1,NC_032666.1,5894782,6396133,6396187,G,GCCAGTGGAGGACTCAGAGGGGCCACGTGGTGGAAGCCACGCCCCCTCACTCCTC,54
NC_037344.1,NC_032666.1,5901079,6402492,6402493,t,tg,1
NC_037344.1,NC_032666.1,5901203,6402617,6402626,g,gggaaacagt,9
NC_037344.1,NC_032666.1,5932076,6434100,6434101,g,gc,1
NC_037344.1,NC_032666.1,5954213,6456272,6456273,T,TA,1
NC_037344.1,NC_032666.1,5959989,6462007,6462008,A,AW,1
NC_037344.1,NC_032666.1,5976126,6478140,6478146,a,aNNNNNN,6
NC_037344.1,NC_032666.1,5980559,6482579,6482582,t,tttg,3
NC_037344.1,NC_032666.1,5992125,6494151,6494153,G,GGA,2
NC_037344.1,NC_032666.1,5993978,6496016,6496018,c,cgt,2
NC_037344.1,NC_032666.1,5997217,6499257,6499258,C,CY,1
NC_037344.1,NC_032666.1,6064340,6566387,6566388,g,gt,1
NC_037344.1,NC_032666.1,6078644,6580699,6580700,G,GK,1
NC_037344.1,NC_032666.1,6095273,6597332,6597333,G,GC,1
NC_037344.1,NC_032666.1,6129366,6633004,6633005,a,ag,1
NC_037344.1,NC_032666.1,6152656,6656246,6656247,G,GC,1
NC_037344.1,NC_032666.1,6159920,6663510,6663511,C,CA,1
NC_037344.1,NC_032666.1,6160276,6663867,6663868,t,ta,1
NC_037344.1,NC_032666.1,6169009,6672601,6672602,t,ta,1
NC_037344.1,NC_032666.1,6186850,6690443,6690450,G,GGAAAGCC,7
NC_037344.1,NC_032666.1,6251577,6755189,6755190,t,ta,1
NC_037344.1,NC_032666.1,6259302,6762915,6762916,A,AC,1
NC_037344.1,NC_032666.1,6262385,6765993,6765995,G,GAC,2
NC_037344.1,NC_032666.1,6317540,6821103,6821104,T,TN,1
NC_037344.1,NC_032666.1,6333319,6836891,6836892,C,CA,1
NC_037344.1,NC_032666.1,6334892,6838470,6838487,T,TTCCAGAATATGACAGGC,17
NC_037344.1,NC_032666.1,6339632,6843232,6843235,t,ttaa,3
NC_037344.1,NC_032666.1,6340582,6844178,6844179,a,aW,1
NC_037344.1,NC_032666.1,6376302,6879912,6879915,t,ttac,3
NC_037344.1,NC_032666.1,6376312,6879925,6879927,a,aat,2
NC_037344.1,NC_032666.1,6390438,6894055,6894084,C,CGAGGGGACACTAGTGGGAATACTAGCACT,29
NC_037344.1,NC_032666.1,6391456,6895102,6895103,g,gt,1
NC_037344.1,NC_032666.1,6402632,6906271,6906273,a,acg,2
NC_037344.1,NC_032666.1,6407945,6911566,6911568,g,gac,2
NC_037344.1,NC_032666.1,6448196,6951817,6951818,t,ta,1
NC_037344.1,NC_032666.1,6455956,6959580,6959581,g,ga,1
NC_037344.1,NC_032666.1,6457103,6960728,6960730,a,aat,2
NC_037344.1,NC_032666.1,6459608,6963236,6963237,g,gt,1
NC_037344.1,NC_032666.1,6470716,6974109,6974110,A,AW,1
NC_037344.1,NC_032666.1,6503614,7007353,7007358,a,agatct,5
NC_037344.1,NC_032666.1,6516645,7019905,7019906,T,TW,1
NC_037344.1,NC_032666.1,6620721,7123621,7123633,C,CGGGGACCCYGGG,12
NC_037344.1,NC_032666.1,6658270,7161179,7161180,T,TY,1
NC_037344.1,NC_032666.1,6678576,7181491,7181492,g,ga,1
NC_037344.1,NC_032666.1,6684669,7187609,7187611,a,act,2
NC_037344.1,NC_032666.1,6685265,7188208,7188222,C,CATGTTAAAGCAATT,14
NC_037344.1,NC_032666.1,6686088,7189045,7189046,G,GC,1
NC_037344.1,NC_032666.1,6709201,7212183,7212188,g,gttaaa,5
NC_037344.1,NC_032666.1,6709348,7212335,7212336,c,ct,1
NC_037344.1,NC_032666.1,6709583,7212571,7212573,c,cat,2
NC_037344.1,NC_032666.1,6709632,7212622,7212634,c,ctttctttgggat,12
NC_037344.1,NC_032666.1,6710270,7213275,7213276,T,TY,1
NC_037344.1,NC_032666.1,6710593,7213599,7213604,T,TGCTAA,5
NC_037344.1,NC_032666.1,6711878,7214888,7214889,T,TA,1
NC_037344.1,NC_032666.1,6752682,7255850,7255851,t,tc,1
NC_037344.1,NC_032666.1,6860224,7374077,7374080,a,attt,3
NC_037344.1,NC_032666.1,6876875,7390743,7390744,G,GT,1
NC_037344.1,NC_032666.1,6974718,7488625,7488626,T,TG,1
NC_037344.1,NC_032666.1,6974786,7488695,7488696,A,AT,1
NC_037344.1,NC_032666.1,6985265,7499172,7499173,t,ta,1
NC_037344.1,NC_032666.1,6990628,7504092,7504096,g,gttca,4
NC_037344.1,NC_032666.1,6991058,7504525,7504526,c,ct,1
NC_037344.1,NC_032666.1,7124267,7637788,7637805,G,GACNNNNNNNNNNNNNNN,17
NC_037344.1,NC_032666.1,7127438,7640974,7640975,C,CG,1
NC_037344.1,NC_032666.1,7153137,7666711,7666713,a,att,2
NC_037344.1,NC_032666.1,7159514,7673090,7673093,a,actt,3
NC_037344.1,NC_032666.1,7173114,7686687,7686689,C,CTG,2
NC_037344.1,NC_032666.1,7174697,7688272,7688274,A,ATT,2
NC_037344.1,NC_032666.1,7177704,7691286,7691288,g,gct,2
NC_037344.1,NC_032666.1,7177788,7691372,7691373,c,ca,1
NC_037344.1,NC_032666.1,7183696,7697280,7697281,T,TG,1
NC_037344.1,NC_032666.1,7184048,7697635,7697637,G,GTC,2
NC_037344.1,NC_032666.1,7185185,7698770,7698771,T,TC,1
NC_037344.1,NC_032666.1,7194560,7783918,7783952,G,GTTTATAGTAGCTTCTTGTGACCCATTGAATTTCT,34
NC_037344.1,NC_032666.1,7196122,7785515,7785516,t,tg,1
NC_037344.1,NC_032666.1,7197436,7787070,7787073,t,taag,3
NC_037344.1,NC_032666.1,7209948,7799283,7799284,G,GK,1
NC_037344.1,NC_032666.1,7210507,7799843,7799844,G,GC,1
NC_037344.1,NC_032666.1,7262701,7849660,7849661,A,AG,1
NC_037344.1,NC_032666.1,7278581,7865540,7865544,t,tataa,4
NC_037344.1,NC_032666.1,7291700,7878665,7878666,t,tg,1
NC_037344.1,NC_032666.1,7341356,7928342,7928343,A,AW,1
NC_037344.1,NC_032666.1,7346450,7933439,7933443,C,CTCTG,4
NC_037344.1,NC_032666.1,7347290,7934283,7934284,T,TY,1
NC_037344.1,NC_032666.1,7352743,7939595,7939597,c,ctt,2
NC_037344.1,NC_032666.1,7353153,7940007,7940008,c,ca,1
NC_037344.1,NC_032666.1,7416728,8003791,8003794,T,TCTA,3
NC_037344.1,NC_032666.1,7423398,8010462,8010463,C,CA,1
NC_037344.1,NC_032666.1,7440089,8027178,8027179,t,ta,1
NC_037344.1,NC_032666.1,7446020,8034111,8034112,a,at,1
NC_037344.1,NC_032666.1,7450878,8038980,8038986,C,CAGACAG,6
NC_037344.1,NC_032666.1,7459748,8047863,8047865,t,taa,2
NC_037344.1,NC_032666.1,7499377,8087503,8087504,T,TN,1
NC_037344.1,NC_032666.1,7529713,8117878,8117879,g,gt,1
NC_037344.1,NC_032666.1,7529713,8214061,8214062,g,gt,1
NC_037344.1,NC_032666.1,7552280,8236643,8236645,g,ggt,2
NC_037344.1,NC_032666.1,7554994,8239352,8239353,G,GC,1
NC_037344.1,NC_032666.1,7558960,8243319,8243320,T,TG,1
NC_037344.1,NC_032666.1,7565240,8249576,8249583,T,TTGGCTGC,7
NC_037344.1,NC_032666.1,7655023,8340867,8340868,t,tW,1
NC_037344.1,NC_032666.1,7687933,8373778,8373787,C,CAACCTGGCA,9
NC_037344.1,NC_032666.1,7769203,8454603,8454621,t,tNNNNNNNNNNNNNNNNNN,18
NC_037344.1,NC_032666.1,7800307,8513789,8513790,T,TA,1
NC_037344.1,NC_032666.1,7815966,8529452,8529453,c,ct,1
NC_037344.1,NC_032666.1,7870973,8584468,8584469,T,TG,1
NC_037344.1,NC_032666.1,7873905,8587403,8587406,g,gttc,3
NC_037344.1,NC_032666.1,7881471,8594972,8594973,t,tg,1
NC_037344.1,NC_032666.1,7881688,8595186,8595188,c,cta,2
NC_037344.1,NC_032666.1,7893700,8607205,8607206,a,at,1
NC_037344.1,NC_032666.1,7916120,8629624,8629625,C,CT,1
NC_037344.1,NC_032666.1,7916127,8629632,8629633,T,TG,1
NC_037344.1,NC_032666.1,7916163,8629669,8629670,T,TA,1
NC_037344.1,NC_032666.1,8000958,8715086,8715089,a,atat,3
NC_037344.1,NC_032666.1,8012088,8726042,8726043,T,TC,1
NC_037344.1,NC_032666.1,8042946,8756918,8756924,c,cttcact,6
NC_037344.1,NC_032666.1,8053270,8767239,8767241,c,cct,2
NC_037344.1,NC_032666.1,8106888,8822739,8822740,T,TA,1
NC_037344.1,NC_032666.1,8230244,8945503,8945505,A,ATT,2
NC_037344.1,NC_032666.1,8234222,8967633,8967634,T,TA,1
NC_037344.1,NC_032666.1,8234231,8967643,8967644,G,GT,1
NC_037344.1,NC_032666.1,8307830,9058348,9058349,G,GS,1
NC_037344.1,NC_032666.1,8312383,9062903,9062904,G,GC,1
NC_037344.1,NC_032666.1,8312402,9062923,9062924,A,AC,1
NC_037344.1,NC_032666.1,8312438,9062960,9062961,A,AG,1
NC_037344.1,NC_032666.1,8320338,9070871,9070872,t,tc,1
NC_037344.1,NC_032666.1,8320466,9071000,9071001,a,ag,1
NC_037344.1,NC_032666.1,8330906,9081443,9081455,a,attttgatttctt,12
NC_037344.1,NC_032666.1,8429306,9179800,9179801,c,ca,1
NC_037344.1,NC_032666.1,8431093,9181595,9181596,C,CT,1
NC_037344.1,NC_032666.1,8441005,9191507,9191508,c,ca,1
NC_037344.1,NC_032666.1,8441005,9203181,9203182,c,ca,1
NC_037344.1,NC_032666.1,8460821,9222999,9223000,C,CA,1
NC_037344.1,NC_032666.1,8479700,9241882,9241883,A,AT,1
NC_037344.1,NC_032666.1,8481004,9243187,9243188,a,ac,1
NC_037344.1,NC_032666.1,8481558,9243742,9243743,A,AT,1
NC_037344.1,NC_032666.1,8481718,9243904,9243905,c,ca,1
NC_037344.1,NC_032666.1,8481961,9244148,9244149,T,TG,1
NC_037344.1,NC_032666.1,8486293,9222999,9223000,C,CA,1
NC_037344.1,NC_032666.1,8488101,9224807,9224808,A,AT,1
NC_037344.1,NC_032666.1,8488287,9224991,9224992,T,TA,1
NC_037344.1,NC_032666.1,8488679,9225378,9225379,C,CT,1
NC_037344.1,NC_032666.1,8489373,9226073,9226074,t,ta,1
NC_037344.1,NC_032666.1,8490942,9227645,9227646,T,TC,1
NC_037344.1,NC_032666.1,8491268,9227971,9227972,t,ta,1
NC_037344.1,NC_032666.1,8491309,9228013,9228014,G,GA,1
NC_037344.1,NC_032666.1,8491475,9228177,9228178,c,ca,1
NC_037344.1,NC_032666.1,8491506,9228209,9228210,t,tg,1
NC_037344.1,NC_032666.1,8491702,9228405,9228406,C,CT,1
NC_037344.1,NC_032666.1,8491935,9228638,9228639,T,TC,1
NC_037344.1,NC_032666.1,8492129,9228831,9228832,A,AC,1
NC_037344.1,NC_032666.1,8492971,9229671,9229672,A,AT,1
NC_037344.1,NC_032666.1,8493545,9230246,9230247,A,AC,1
NC_037344.1,NC_032666.1,8493999,9230698,9230699,t,tc,1
NC_037344.1,NC_032666.1,8494034,9230734,9230735,t,tg,1
NC_037344.1,NC_032666.1,8494247,9230947,9230948,A,AT,1
NC_037344.1,NC_032666.1,8494556,9231257,9231258,G,GA,1
NC_037344.1,NC_032666.1,8494805,9231507,9231508,A,AG,1
NC_037344.1,NC_032666.1,8494856,9231559,9231560,C,CT,1
NC_037344.1,NC_032666.1,8494943,9231647,9231648,C,CT,1
NC_037344.1,NC_032666.1,8495148,9231854,9231855,c,ct,1
NC_037344.1,NC_032666.1,8497230,9233937,9233938,G,GT,1
NC_037344.1,NC_032666.1,8497486,9234192,9234193,A,AG,1
NC_037344.1,NC_032666.1,8497871,9234576,9234577,G,GC,1
NC_037344.1,NC_032666.1,8497928,9234633,9234634,C,CA,1
NC_037344.1,NC_032666.1,8498118,9234824,9234825,t,ta,1
NC_037344.1,NC_032666.1,8498671,9235375,9235376,C,CA,1
NC_037344.1,NC_032666.1,8499128,9235832,9235833,g,gt,1
NC_037344.1,NC_032666.1,8499812,9236517,9236518,c,ca,1
NC_037344.1,NC_032666.1,8501640,9238346,9238347,T,TA,1
NC_037344.1,NC_032666.1,8504332,9241039,9241040,t,ta,1
NC_037344.1,NC_032666.1,8529905,9266631,9266632,A,AR,1
NC_037344.1,NC_032666.1,8531504,9268231,9268232,g,gK,1
NC_037344.1,NC_032666.1,8541849,9278085,9278086,T,TY,1
NC_037344.1,NC_032666.1,8564230,9300453,9300456,a,aaat,3
NC_037344.1,NC_032666.1,8572209,9308435,9308436,g,gc,1
NC_037344.1,NC_032666.1,8576375,9312608,9312609,a,at,1
NC_037344.1,NC_032666.1,8592104,9328853,9328854,A,AK,1
NC_037344.1,NC_032666.1,8608015,9344551,9344560,t,tgtgtacttc,9
NC_037344.1,NC_032666.1,8666458,9406143,9406149,a,aaaNNNN,6
NC_037344.1,NC_032666.1,8855340,9598369,9598370,A,AC,1
NC_037344.1,NC_032666.1,8858497,9601526,9601527,A,AW,1
NC_037344.1,NC_032666.1,8871472,9614500,9614501,G,GA,1
NC_037344.1,NC_032666.1,8884916,9627946,9627947,A,AT,1
NC_037344.1,NC_032666.1,8906533,9649570,9649571,A,AG,1
NC_037344.1,NC_032666.1,8926341,9669221,9669222,G,GY,1
NC_037344.1,NC_032666.1,8967793,9710703,9710704,g,gt,1
NC_037344.1,NC_032666.1,8967877,9710788,9710789,g,gN,1
NC_037344.1,NC_032666.1,9205218,9972107,9972116,a,atgattcagt,9
NC_037344.1,NC_032666.1,9264325,10031252,10031253,a,at,1
NC_037344.1,NC_032666.1,9325957,10140793,10140794,c,ca,1
NC_037344.1,NC_032666.1,9325967,10140804,10140805,t,ta,1
NC_037344.1,NC_032666.1,9325970,10140808,10140809,t,ta,1
NC_037344.1,NC_032666.1,9327663,10142501,10142502,g,ga,1
NC_037344.1,NC_032666.1,9339586,10154654,10154655,t,tg,1
NC_037344.1,NC_032666.1,9369530,10185963,10185965,T,TTG,2
NC_037344.1,NC_032666.1,9370352,10186804,10186805,g,ga,1
NC_037344.1,NC_032666.1,9374127,10190579,10190582,a,aatt,3
NC_037344.1,NC_032666.1,9623344,10444301,10444302,t,tc,1
NC_037344.1,NC_032666.1,9633054,10454013,10454014,A,AW,1
NC_037344.1,NC_032666.1,9639309,10460269,10460271,c,cat,2
NC_037344.1,NC_032666.1,9655839,10476800,10476801,G,GR,1
NC_037344.1,NC_032666.1,9656284,10477246,10477249,A,AGAT,3
NC_037344.1,NC_032666.1,9690717,10513540,10513543,t,tagc,3
NC_037344.1,NC_032666.1,9697659,10520485,10520486,t,tc,1
NC_037344.1,NC_032666.1,9753951,10573104,10573105,c,ct,1
NC_037344.1,NC_032666.1,9810846,10630020,10630025,A,AATCTT,5
NC_037344.1,NC_032666.1,9820912,10640091,10640092,A,AG,1
NC_037344.1,NC_032666.1,9869280,10688480,10688483,t,ttta,3
NC_037344.1,NC_032666.1,9873765,10692965,10692968,c,catt,3
NC_037344.1,NC_032666.1,9878104,10697307,10697308,T,TA,1
NC_037344.1,NC_032666.1,9903075,10722280,10722281,g,ga,1
NC_037344.1,NC_032666.1,9930739,10749946,10749947,g,gt,1
NC_037344.1,NC_032666.1,10046732,10881237,10881242,C,CTTCAA,5
NC_037344.1,NC_032666.1,10103939,10938437,10938456,A,ACTTGCAGAGTAACTCAGAC,19
NC_037344.1,NC_032666.1,10106249,10940767,10940769,A,AAC,2
NC_037344.1,NC_032666.1,10106531,10941051,10941055,C,CTCTS,4
NC_037344.1,NC_032666.1,10143835,10976903,10976904,t,tc,1
NC_037344.1,NC_032666.1,10153904,10986973,10986975,T,TGC,2
NC_037344.1,NC_032666.1,10201109,11074419,11074421,c,caY,2
NC_037344.1,NC_032666.1,10216691,11090003,11090004,c,ca,1
NC_037344.1,NC_032666.1,10249010,11117779,11117783,g,gcaca,4
NC_037344.1,NC_032666.1,10249216,11117989,11117991,T,TTA,2
NC_037344.1,NC_032666.1,10256152,11124931,11124933,C,CTY,2
NC_037344.1,NC_032666.1,10256418,11125199,11125201,A,ART,2
NC_037344.1,NC_032666.1,10305028,11174314,11174315,T,TG,1
NC_037344.1,NC_032666.1,10325835,11195123,11195127,a,aNNNN,4
NC_037344.1,NC_032666.1,10351441,11220736,11220738,C,CTT,2
NC_037344.1,NC_032666.1,10367292,11236593,11236594,A,AR,1
NC_037344.1,NC_032666.1,10392382,11261683,11261684,G,GR,1
NC_037344.1,NC_032666.1,10438380,11306323,11306334,T,TGTTGTTGATCC,11
NC_037344.1,NC_032666.1,10442792,11310747,11310750,g,gagt,3
NC_037344.1,NC_032666.1,10526573,11405191,11405192,G,GC,1
NC_037344.1,NC_032666.1,10532763,11411383,11411387,c,ctttt,4
NC_037344.1,NC_032666.1,10555145,11433784,11433786,C,CAG,2
NC_037344.1,NC_032666.1,10561095,11439739,11439740,t,ta,1
NC_037344.1,NC_032666.1,10572420,11451066,11451067,g,ga,1
NC_037344.1,NC_032666.1,10638884,11517403,11517413,t,tNNNNNNNNNN,10
NC_037344.1,NC_032666.1,10666258,11544800,11544801,A,AG,1
NC_037344.1,NC_032666.1,10668710,11547258,11547262,a,aaaac,4
NC_037344.1,NC_032666.1,10712607,11591287,11591288,t,ta,1
NC_037344.1,NC_032666.1,10739346,11617642,11617643,a,at,1
NC_037344.1,NC_032666.1,10743717,11621627,11621633,g,gagagga,6
NC_037344.1,NC_032666.1,10746099,11624064,11624065,t,tg,1
NC_037344.1,NC_032666.1,10756713,11634460,11634461,a,at,1
NC_037344.1,NC_032666.1,10784770,11714482,11714483,t,tg,1
NC_037344.1,NC_032666.1,10786307,11716020,11716021,a,at,1
NC_037344.1,NC_032666.1,10787789,11717503,11717505,c,cag,2
NC_037344.1,NC_032666.1,10877278,11826891,11826892,A,AY,1
NC_037344.1,NC_032666.1,10910381,11860310,11860311,G,GC,1
NC_037344.1,NC_032666.1,10993040,11898798,11898799,T,TG,1
NC_037344.1,NC_032666.1,10994567,11900326,11900329,A,ATCT,3
NC_037344.1,NC_032666.1,10998071,11903833,11903838,a,agggat,5
NC_037344.1,NC_032666.1,10998175,11903942,11903943,t,ta,1
NC_037344.1,NC_032666.1,10999488,11905256,11905257,t,tg,1
NC_037344.1,NC_032666.1,11005396,11911165,11911166,A,AG,1
NC_037344.1,NC_032666.1,11006641,11912411,11912412,T,TY,1
NC_037344.1,NC_032666.1,11007226,11912997,11912998,G,GT,1
NC_037344.1,NC_032666.1,11007885,11913657,11913658,c,ct,1
NC_037344.1,NC_032666.1,11013144,11918917,11918919,g,gtt,2
NC_037344.1,NC_032666.1,11020434,11925940,11925943,c,cgtt,3
NC_037344.1,NC_032666.1,11045621,11950996,11951000,t,taata,4
NC_037344.1,NC_032666.1,11062449,11967341,11967342,t,tg,1
NC_037344.1,NC_032666.1,11162557,12067594,12067595,a,ag,1
NC_037344.1,NC_032666.1,11166114,12070814,12070815,t,tc,1
NC_037344.1,NC_032666.1,11166881,12071592,12071593,A,AC,1
NC_037344.1,NC_032666.1,11168981,12073693,12073705,G,GAAGCATGTGCAA,12
NC_037344.1,NC_032666.1,11170108,12074832,12074835,a,aagg,3
NC_037344.1,NC_032666.1,11170733,12075460,12075474,T,TTAGTACTTGTTGAA,14
NC_037344.1,NC_032666.1,11178001,12082746,12082747,G,GC,1
NC_037344.1,NC_032666.1,11182410,12087156,12087157,C,CY,1
NC_037344.1,NC_032666.1,11266819,12171902,12171903,c,cg,1
NC_037344.1,NC_032666.1,11266885,12171969,12171973,a,actcg,4
NC_037344.1,NC_032666.1,11290373,12195383,12195390,t,tttatata,7
NC_037344.1,NC_032666.1,11367072,12273051,12273052,t,ta,1
NC_037344.1,NC_032666.1,11367082,12273062,12273063,a,at,1
NC_037344.1,NC_032666.1,11400503,12306489,12306493,a,aNNNN,4
NC_037344.1,NC_032666.1,11408124,12314115,12314116,a,at,1
NC_037344.1,NC_032666.1,11458554,12364187,12364193,t,taaataa,6
NC_037344.1,NC_032666.1,11487630,12390763,12390764,c,ct,1
NC_037344.1,NC_032666.1,11507820,12411494,12411496,T,TAG,2
NC_037344.1,NC_032666.1,11510109,12413785,12413786,g,gc,1
NC_037344.1,NC_032666.1,11596442,12497496,12497505,C,CATCTTGGTY,9
NC_037344.1,NC_032666.1,11603083,12504138,12504148,T,TGCAGTTACTG,10
NC_037344.1,NC_032666.1,11612112,12514822,12514824,C,CAA,2
NC_037344.1,NC_032666.1,11612526,12515239,12515257,c,cttccaagttgtccatttt,18
NC_037344.1,NC_032666.1,11612812,12515543,12515544,c,ca,1
NC_037344.1,NC_032666.1,11613860,12516594,12516600,t,taatttc,6
NC_037344.1,NC_032666.1,11638578,12541579,12541581,T,TGC,2
NC_037344.1,NC_032666.1,11638588,12541591,12541593,T,TAC,2
NC_037344.1,NC_032666.1,11646186,12549200,12549202,c,caa,2
NC_037344.1,NC_032666.1,11648046,12551060,12551061,a,ac,1
NC_037344.1,NC_032666.1,11658368,12561381,12561382,A,AR,1
NC_037344.1,NC_032666.1,11658620,12561634,12561635,t,tg,1
NC_037344.1,NC_032666.1,11701691,12604834,12604835,a,aN,1
NC_037344.1,NC_032666.1,11737632,12640776,12640777,c,ct,1
NC_037344.1,NC_032666.1,11741466,12644612,12644613,G,GS,1
NC_037344.1,NC_032666.1,11777430,12680578,12680585,G,GNNNNNNN,7
NC_037344.1,NC_032666.1,11792356,12695336,12695337,a,at,1
NC_037344.1,NC_032666.1,11913977,12854113,12854114,T,TG,1
NC_037344.1,NC_032666.1,12024934,12872042,12872043,g,gt,1
NC_037344.1,NC_032666.1,12024965,12872074,12872075,g,gt,1
NC_037344.1,NC_032666.1,12035579,12882685,12882686,A,AT,1
NC_037344.1,NC_032666.1,12038034,12885141,12885142,G,GA,1
NC_037344.1,NC_032666.1,12039883,12886969,12886974,T,TTAAAG,5
NC_037344.1,NC_032666.1,12058620,12905682,12905685,A,ATAT,3
NC_037344.1,NC_032666.1,12059742,12906810,12906811,A,AG,1
NC_037344.1,NC_032666.1,12071451,12918527,12918528,T,TA,1
NC_037344.1,NC_032666.1,12078809,12925886,12925888,A,ATC,2
NC_037344.1,NC_032666.1,12101097,12948084,12948085,G,GA,1
NC_037344.1,NC_032666.1,12109459,12956309,12956310,T,TW,1
NC_037344.1,NC_032666.1,12111067,12957923,12957924,C,CT,1
NC_037344.1,NC_032666.1,12138624,12985478,12985480,t,taa,2
NC_037344.1,NC_032666.1,12139632,12986488,12986489,T,TY,1
NC_037344.1,NC_032666.1,12140096,12986953,12986954,a,at,1
NC_037344.1,NC_032666.1,12140591,12987448,12987449,A,AM,1
NC_037344.1,NC_032666.1,12144586,12991444,12991451,C,CAATGTGA,7
NC_037344.1,NC_032666.1,12145712,12992582,12992584,C,CAA,2
NC_037344.1,NC_032666.1,12161180,13008057,13008059,C,CCT,2
NC_037344.1,NC_032666.1,12398739,13344127,13344128,A,AG,1
NC_037344.1,NC_032666.1,12400268,13345658,13345660,c,ctg,2
NC_037344.1,NC_032666.1,12400398,13345790,13345791,G,GT,1
NC_037344.1,NC_032666.1,12400487,13345880,13345882,C,CTS,2
NC_037344.1,NC_032666.1,12478141,13423077,13423101,t,tgtgtgtgtgtgtgtgtgtgtgtga,24
NC_037344.1,NC_032666.1,12486184,13431165,13431166,A,AG,1
NC_037344.1,NC_032666.1,12489158,13434141,13434142,T,TK,1
NC_037344.1,NC_032666.1,12531033,13476017,13476018,G,GS,1
NC_037344.1,NC_032666.1,12564983,13510006,13510007,a,ag,1
NC_037344.1,NC_032666.1,12567178,13512202,13512203,g,ga,1
NC_037344.1,NC_032666.1,12571409,13516434,13516436,A,AGT,2
NC_037344.1,NC_032666.1,12616059,13562079,13562080,T,TA,1
NC_037344.1,NC_032666.1,12649295,13596147,13596150,a,aagg,3
NC_037344.1,NC_032666.1,12683430,13630311,13630313,A,AAT,2
NC_037344.1,NC_032666.1,12684533,13631415,13631417,t,ttc,2
NC_037344.1,NC_032666.1,12685690,13632574,13632587,g,gcgtgaaaatgaaa,13
NC_037344.1,NC_032666.1,12690744,13637641,13637642,t,ta,1
NC_037344.1,NC_032666.1,12690756,13637654,13637658,t,ttaaa,4
NC_037344.1,NC_032666.1,12693114,13640015,13640016,T,TW,1
NC_037344.1,NC_032666.1,12728664,13675558,13675559,G,GA,1
NC_037344.1,NC_032666.1,12740638,13687476,13687477,T,TY,1
NC_037344.1,NC_032666.1,12789279,13736122,13736124,c,caa,2
NC_037344.1,NC_032666.1,12794874,13741719,13741726,G,GGCCAGTC,7
NC_037344.1,NC_032666.1,12841446,13795317,13795318,G,GT,1
NC_037344.1,NC_032666.1,12891753,13845630,13845646,g,ggcattgcctttctttt,16
NC_037344.1,NC_032666.1,12916598,13870492,13870499,T,TCCTGCCA,7
NC_037344.1,NC_032666.1,13085747,14039013,14039014,T,TA,1
NC_037344.1,NC_032666.1,13105557,14059079,14059080,G,GS,1
NC_037344.1,NC_032666.1,13247861,14200967,14201041,A,AATTTTGGAGGGAAGCTAATCAGACNNNNNNNNNNNNNNNNNNNNNNNNNNNNNNNNNNNNNNNNNNNNNNNNNN,74
NC_037344.1,NC_032666.1,13400677,14353355,14353356,A,AG,1
NC_037344.1,NC_032666.1,13407413,14360092,14360093,G,GC,1
NC_037344.1,NC_032666.1,13410824,14363504,14363505,G,GY,1
NC_037344.1,NC_032666.1,13516444,14469569,14469570,a,ac,1
NC_037344.1,NC_032666.1,13617396,14602616,14602617,g,gt,1
NC_037344.1,NC_032666.1,13673956,14659093,14659094,c,ct,1
NC_037344.1,NC_032666.1,13792159,14777305,14777306,T,TC,1
NC_037344.1,NC_032666.1,13814568,14801892,14801893,a,at,1
NC_037344.1,NC_032666.1,13819532,14806878,14806880,t,ttg,2
NC_037344.1,NC_032666.1,13857060,14844419,14844422,t,ttta,3
NC_037344.1,NC_032666.1,13858101,14845463,14845467,g,ggggS,4
NC_037344.1,NC_032666.1,13861112,14848478,14848487,t,tagcagcagc,9
NC_037344.1,NC_032666.1,13861435,14848810,14848811,T,TG,1
NC_037344.1,NC_032666.1,13865229,14852604,14852605,T,TA,1
NC_037344.1,NC_032666.1,13876611,14864012,14864021,t,tggactgcaa,9
NC_037344.1,NC_032666.1,13890349,14877761,14877771,a,atgggtttatt,10
NC_037344.1,NC_032666.1,13954166,14993161,14993162,a,at,1
NC_037344.1,NC_032666.1,14007725,15046718,15046719,a,ac,1
NC_037344.1,NC_032666.1,14025096,15083265,15083266,A,AC,1
NC_037344.1,NC_032666.1,14025097,15064109,15064110,A,AC,1
NC_037344.1,NC_032666.1,14025187,15064200,15064201,t,tg,1
NC_037344.1,NC_032666.1,14025187,15083357,15083358,t,tg,1
NC_037344.1,NC_032666.1,14028084,15066806,15066807,a,ag,1
NC_037344.1,NC_032666.1,14028084,15086206,15086207,a,ag,1
NC_037344.1,NC_032666.1,14030987,15089147,15089148,T,TA,1
NC_037344.1,NC_032666.1,14031924,15090085,15090086,C,CT,1
NC_037344.1,NC_032666.1,14035916,15093978,15093980,T,TTA,2
NC_037344.1,NC_032666.1,14035937,15094001,15094002,C,CT,1
NC_037344.1,NC_032666.1,14035989,15094054,15094055,a,at,1
NC_037344.1,NC_032666.1,14036041,15094107,15094108,T,TC,1
NC_037344.1,NC_032666.1,14036049,15094116,15094117,A,AT,1
NC_037344.1,NC_032666.1,14166596,15145031,15145032,G,GC,1
NC_037344.1,NC_032666.1,14167109,15145546,15145559,A,AGGGGAGTGCTGGT,13
NC_037344.1,NC_032666.1,14167190,15145640,15145642,G,GAT,2
NC_037344.1,NC_032666.1,14200678,15179132,15179134,t,tNN,2
NC_037344.1,NC_032666.1,14239967,15217771,15217773,t,tNN,2
NC_037344.1,NC_032666.1,14402841,15382048,15382049,a,at,1
NC_037344.1,NC_032666.1,14403376,15382584,15382588,c,ctctt,4
NC_037344.1,NC_032666.1,14523650,15503640,15503641,a,at,1
NC_037344.1,NC_032666.1,14523658,15503649,15503650,t,ta,1
NC_037344.1,NC_032666.1,14576985,15556994,15556997,c,cagg,3
NC_037344.1,NC_032666.1,14590771,15570779,15570780,A,AR,1
NC_037344.1,NC_032666.1,14611603,15591617,15591633,T,TTAGGTAGAATAGGTAG,16
NC_037344.1,NC_032666.1,14626456,15606486,15606487,a,ag,1
NC_037344.1,NC_032666.1,14627350,15607381,15607382,T,TA,1
NC_037344.1,NC_032666.1,14633772,15613806,15613807,C,CY,1
NC_037344.1,NC_032666.1,14665204,15645243,15645247,c,cacat,4
NC_037344.1,NC_032666.1,14670022,15650065,15650066,T,TW,1
NC_037344.1,NC_032666.1,14813473,15793580,15793582,g,gtt,2
NC_037344.1,NC_032666.1,14814354,15794463,15794464,a,at,1
NC_037344.1,NC_032666.1,14822941,15803052,15803054,a,agt,2
NC_037344.1,NC_032666.1,14836946,15817063,15817064,g,gt,1
NC_037344.1,NC_032666.1,14845526,15825645,15825646,t,tg,1
NC_037344.1,NC_032666.1,14895520,15876122,15876123,C,CA,1
NC_037344.1,NC_032666.1,15042171,16022646,16022648,c,ctt,2
NC_037344.1,NC_032666.1,15049027,16029509,16029510,a,at,1
NC_037344.1,NC_032666.1,15072640,16053135,16053136,c,cg,1
NC_037344.1,NC_032666.1,15110020,16090553,16090554,a,at,1
NC_037344.1,NC_032666.1,15110471,16091005,16091006,T,TG,1
NC_037344.1,NC_032666.1,15111129,16091693,16091707,C,CTGAGAATTTGACTT,14
NC_037344.1,NC_032666.1,15111676,16092253,16092258,T,TATTTA,5
NC_037344.1,NC_032666.1,15112934,16093514,16093515,T,TK,1
NC_037344.1,NC_032666.1,15114669,16095254,16095255,t,tg,1
NC_037344.1,NC_032666.1,15115618,16096204,16096218,G,GTTGAGTAAATACTR,14
NC_037344.1,NC_032666.1,15126923,16107517,16107518,a,ag,1
NC_037344.1,NC_032666.1,15133213,16113809,16113811,C,CAG,2
NC_037344.1,NC_032666.1,15139070,16119669,16119672,T,TGAG,3
NC_037344.1,NC_032666.1,15361156,16328773,16328774,C,CT,1
NC_037344.1,NC_032666.1,15376328,16344006,16344007,g,ga,1
NC_037344.1,NC_032666.1,15429155,16460454,16460455,g,gt,1
NC_037344.1,NC_032666.1,15463839,16495126,16495133,A,AGTGATAT,7
NC_037344.1,NC_032666.1,15477410,16508704,16508718,a,aNNNNNNNNNNNNNN,14
NC_037344.1,NC_032666.1,15489087,16520390,16520392,G,GAC,2
NC_037344.1,NC_032666.1,15498630,16529936,16529940,t,tctta,4
NC_037344.1,NC_032666.1,15513795,16545110,16545111,t,tg,1
NC_037344.1,NC_032666.1,15517438,16548791,16548792,t,ta,1
NC_037344.1,NC_032666.1,15709465,16740816,16740820,A,ATTAT,4
NC_037344.1,NC_032666.1,15716223,16747587,16747588,T,TW,1
NC_037344.1,NC_032666.1,15716549,16747913,16747916,a,aagc,3
NC_037344.1,NC_032666.1,15729173,16760533,16760535,T,TAC,2
NC_037344.1,NC_032666.1,16043747,17102204,17102205,g,gt,1
NC_037344.1,NC_032666.1,16145490,17203961,17203966,G,GACATA,5
NC_037344.1,NC_032666.1,16150577,17209053,17209069,a,aaaagttatggtaaacc,16
NC_037344.1,NC_032666.1,16157051,17215837,17215838,A,AC,1
NC_037344.1,NC_032666.1,16530040,17613809,17613810,t,ta,1
NC_037344.1,NC_032666.1,16918090,18005013,18005015,g,gCT,2
NC_037344.1,NC_032666.1,16960052,18047792,18047793,t,tc,1
NC_037344.1,NC_032666.1,17712011,18926440,18926441,G,GA,1
NC_037344.1,NC_032666.1,17986478,19204163,19204164,T,TA,1
NC_037344.1,NC_032666.1,18284644,19575150,19575151,A,AC,1
NC_037344.1,NC_032666.1,18535527,19937455,19937456,A,AM,1
NC_037344.1,NC_032666.1,18600555,20002388,20002389,T,TG,1
NC_037344.1,NC_032666.1,18641619,20043453,20043456,t,taga,3
NC_037344.1,NC_032666.1,18682146,20083984,20083985,a,at,1
NC_037344.1,NC_032666.1,18848425,20325214,20325215,a,ag,1
NC_037344.1,NC_032666.1,18971205,20539056,20539057,c,cY,1
NC_037344.1,NC_032666.1,19014441,20582293,20582294,g,gt,1
NC_037344.1,NC_032666.1,19119942,20687781,20687782,g,gc,1
NC_037344.1,NC_032666.1,19354440,20921871,20921872,A,AT,1
NC_037344.1,NC_032666.1,19395926,20963358,20963359,t,tg,1
NC_037344.1,NC_032666.1,19436636,21004530,21004531,g,gc,1
NC_037344.1,NC_032666.1,19452053,21019948,21019950,c,ctt,2
NC_037344.1,NC_032666.1,19465282,21033211,21033212,T,TC,1
NC_037344.1,NC_032666.1,19470397,21038323,21038324,a,aR,1
NC_037344.1,NC_032666.1,19507463,21075426,21075427,C,CM,1
NC_037344.1,NC_032666.1,19684963,21252952,21252955,C,CCTT,3
NC_037344.1,NC_032666.1,19707541,21275534,21275550,t,ttcacagagctagaaca,16
NC_037344.1,NC_032666.1,19713523,21281532,21281534,t,tNN,2
NC_037344.1,NC_032666.1,19738316,21306324,21306325,T,TA,1
NC_037344.1,NC_032666.1,19747123,21315133,21315134,t,tc,1
NC_037344.1,NC_032666.1,19754480,21322492,21322493,A,AC,1
NC_037344.1,NC_032666.1,19792905,21362401,21362402,t,ta,1
NC_037344.1,NC_032666.1,19821326,21461181,21461183,t,ttc,2
NC_037344.1,NC_032666.1,20017411,21658249,21658250,t,tg,1
NC_037344.1,NC_032666.1,20031575,21672616,21672620,T,TAAGA,4
NC_037344.1,NC_032666.1,20057770,21698825,21698826,a,at,1
NC_037344.1,NC_032666.1,20058530,21699589,21699604,g,gaagTTCCCGTAACNN,15
NC_037344.1,NC_032666.1,20060028,21701103,21701114,a,aaatcacGCTTR,11
NC_037344.1,NC_032666.1,20118954,21760034,21760035,c,ca,1
NC_037344.1,NC_032666.1,20200230,21840875,21840908,c,cgacAANNNNNNNNNNNNNNNNNNNNNNNNNNNN,33
NC_037344.1,NC_032666.1,20335849,21976807,21976808,C,CY,1
NC_037344.1,NC_032666.1,20379190,22020147,22020148,a,at,1
NC_037344.1,NC_032666.1,20409276,22050234,22050239,g,gaaact,5
NC_037344.1,NC_032666.1,20528582,22169475,22169476,a,at,1
NC_037344.1,NC_032666.1,20534969,22177739,22177740,c,cg,1
NC_037344.1,NC_032666.1,20539511,22182278,22182279,T,TC,1
NC_037344.1,NC_032666.1,20557245,22200316,22200318,T,TAA,2
NC_037344.1,NC_032666.1,20557281,22200354,22200356,a,aac,2
NC_037344.1,NC_032666.1,20688275,22330555,22330557,t,tWa,2
NC_037344.1,NC_032666.1,21174438,22790075,22790076,c,ct,1
NC_037344.1,NC_032666.1,21175327,22790965,22790967,C,CTT,2
NC_037344.1,NC_032666.1,21214125,22829757,22829758,c,ct,1
NC_037344.1,NC_032666.1,21221983,22837620,22837625,A,ATATAT,5
NC_037344.1,NC_032666.1,21233317,22848959,22848973,t,tgtggatcacaataa,14
NC_037344.1,NC_032666.1,21233417,22849073,22849076,t,tgga,3
NC_037344.1,NC_032666.1,21306833,22923954,22923956,a,aaN,2
NC_037344.1,NC_032666.1,21367416,22984962,22984976,t,tttCCCGCGTGAGCC,14
NC_037344.1,NC_032666.1,21600997,23215575,23215576,g,gc,1
NC_037344.1,NC_032666.1,21601334,23215913,23215914,c,ct,1
NC_037344.1,NC_032666.1,21697948,23311369,23311370,c,ca,1
NC_037344.1,NC_032666.1,21770296,23382720,23382756,c,cccCTNNNNNNNNNNNNNNNNNNNNNNNNNNNNNNNN,36
NC_037344.1,NC_032666.1,21819774,23432214,23432216,t,tNN,2
NC_037344.1,NC_032666.1,21852029,23464472,23464486,g,gctgtccttgcatga,14
NC_037344.1,NC_032666.1,21852317,23464774,23464775,t,tc,1
NC_037344.1,NC_032666.1,21988732,23608732,23608738,t,tagcagc,6
NC_037344.1,NC_032666.1,22028719,23648726,23648729,g,ggaa,3
NC_037344.1,NC_032666.1,22169049,23791688,23791689,g,ga,1
NC_037344.1,NC_032666.1,22169071,23791711,23791712,c,ca,1
NC_037344.1,NC_032666.1,22211696,23834267,23834269,t,taa,2
NC_037344.1,NC_032666.1,22246554,23869350,23869352,t,tgc,2
NC_037344.1,NC_032666.1,22260218,23882845,23882847,c,caa,2
NC_037344.1,NC_032666.1,22267007,23889651,23889653,A,AGC,2
NC_037344.1,NC_032666.1,22295473,23918117,23918126,a,agggactctc,9
NC_037344.1,NC_032666.1,22360414,23984728,23984729,c,cg,1
NC_037344.1,NC_032666.1,22445313,24066712,24066713,T,TN,1
NC_037344.1,NC_032666.1,22474690,24096090,24096091,A,AC,1
NC_037344.1,NC_032666.1,22528502,24149899,24149901,a,aNN,2
NC_037344.1,NC_032666.1,22584918,24206324,24206325,c,ct,1
NC_037344.1,NC_032666.1,23241985,24862652,24862653,t,tg,1
NC_037344.1,NC_032666.1,23277574,24900207,24900208,a,at,1
NC_037344.1,NC_032666.1,23613593,25249047,25249051,g,gNNNN,4
NC_037344.1,NC_032666.1,23710798,25361752,25361753,t,tg,1
NC_037344.1,NC_032666.1,23784344,25434765,25434766,a,at,1
NC_037344.1,NC_032666.1,24221531,25949365,25949367,A,AAG,2
NC_037344.1,NC_032666.1,24221533,25949369,25949370,A,AG,1
NC_037344.1,NC_032666.1,24561902,26318143,26318144,A,AC,1
NC_037344.1,NC_032666.1,24571756,26323251,26323252,A,AT,1
NC_037344.1,NC_032666.1,24588834,26340330,26340331,C,CM,1
NC_037344.1,NC_032666.1,24963671,26798505,26798506,c,ct,1
NC_037344.1,NC_032666.1,25058053,26892213,26892214,G,GC,1
NC_037344.1,NC_032666.1,25356528,27187432,27187433,c,cg,1
NC_037344.1,NC_032666.1,25410674,27241581,27241582,c,cg,1
NC_037344.1,NC_032666.1,25925846,27760534,27760535,a,aN,1
NC_037344.1,NC_032666.1,26034344,27869019,27869020,a,ag,1
NC_037344.1,NC_032666.1,26217243,28051980,28051981,G,GR,1
NC_037344.1,NC_032666.1,26576654,28405583,28405584,a,ag,1
NC_037344.1,NC_032666.1,26707436,28536214,28536216,g,gta,2
NC_037344.1,NC_032666.1,26794665,28619169,28619170,t,ta,1
NC_037344.1,NC_032666.1,26800074,28624580,28624582,a,aNN,2
NC_037344.1,NC_032666.1,26898512,28723010,28723011,g,ga,1
NC_037344.1,NC_032666.1,26911947,28736446,28736447,t,tg,1
NC_037344.1,NC_032666.1,27116692,28935626,28935627,C,CM,1
NC_037344.1,NC_032666.1,27158665,28977530,28977531,t,ta,1
NC_037344.1,NC_032666.1,27160652,28979518,28979519,C,CA,1
NC_037344.1,NC_032666.1,27280552,29128950,29128951,G,GR,1
NC_037344.1,NC_032666.1,27280558,29128957,29128958,C,CT,1
NC_037344.1,NC_032666.1,27287429,29135830,29135831,t,tN,1
NC_037344.1,NC_032666.1,27388147,29235417,29235419,t,tNN,2
NC_037344.1,NC_032666.1,27641833,29513072,29513073,t,ta,1
NC_037344.1,NC_032666.1,27835271,29706434,29706440,A,ANNNNNN,6
NC_037344.1,NC_032666.1,27856006,29727175,29727178,a,atat,3
NC_037344.1,NC_032666.1,27856542,29727712,29727713,a,at,1
NC_037344.1,NC_032666.1,27857254,29728425,29728426,g,gt,1
NC_037344.1,NC_032666.1,27857448,29728607,29728609,t,tac,2
NC_037344.1,NC_032666.1,27860473,29731604,29731606,c,cct,2
NC_037344.1,NC_032666.1,27861928,29733052,29733053,T,TC,1
NC_037344.1,NC_032666.1,27862053,29733188,29733190,t,tta,2
NC_037344.1,NC_032666.1,27864482,29735618,29735621,t,tgtg,3
NC_037344.1,NC_032666.1,27864892,29736030,29736031,a,at,1
NC_037344.1,NC_032666.1,27865030,29736169,29736170,t,tg,1
NC_037344.1,NC_032666.1,27865694,29736834,29736835,a,at,1
NC_037344.1,NC_032666.1,27867676,29738821,29738823,t,tta,2
NC_037344.1,NC_032666.1,27867687,29738834,29738835,a,at,1
NC_037344.1,NC_032666.1,27868351,29739499,29739500,t,ta,1
NC_037344.1,NC_032666.1,27868547,29739694,29739695,g,gt,1
NC_037344.1,NC_032666.1,27870692,29741839,29741840,g,gt,1
NC_037344.1,NC_032666.1,27873357,29744506,29744507,g,gt,1
NC_037344.1,NC_032666.1,27873528,29744678,29744679,c,ca,1
NC_037344.1,NC_032666.1,27875471,29746621,29746661,t,tagagagagagagagagagagagagagagagagagagagag,40
NC_037344.1,NC_032666.1,27896869,29767859,29767860,A,AT,1
NC_037344.1,NC_032666.1,27898769,29769762,29769763,T,TA,1
NC_037344.1,NC_032666.1,27914702,29785709,29785717,t,tatatatac,8
NC_037344.1,NC_032666.1,27929574,29800586,29800589,a,agat,3
NC_037344.1,NC_032666.1,27931230,29802243,29802245,A,AAG,2
NC_037344.1,NC_032666.1,27932468,29803483,29803484,C,CA,1
NC_037344.1,NC_032666.1,27932691,29803707,29803711,C,CTCCT,4
NC_037344.1,NC_032666.1,27933027,29804047,29804049,A,AAC,2
NC_037344.1,NC_032666.1,27944546,29815667,29815672,T,TGTACA,5
NC_037344.1,NC_032666.1,27944613,29815739,29815740,G,GA,1
NC_037344.1,NC_032666.1,28059188,29896883,29896884,A,AC,1
NC_037344.1,NC_032666.1,28089504,29927046,29927053,G,GAAGAGAA,7
NC_037344.1,NC_032666.1,28104970,29942523,29942524,a,ag,1
NC_037344.1,NC_032666.1,28124831,29962364,29962365,c,ct,1
NC_037344.1,NC_032666.1,28155890,29993444,29993445,G,GA,1
NC_037344.1,NC_032666.1,28155946,29993502,29993503,C,CY,1
NC_037344.1,NC_032666.1,28156536,29994093,29994094,a,ac,1
NC_037344.1,NC_032666.1,28173830,30011387,30011390,A,AAAC,3
NC_037344.1,NC_032666.1,28211703,30053065,30053066,a,aN,1
NC_037344.1,NC_032666.1,28226108,30067477,30067478,t,ta,1
NC_037344.1,NC_032666.1,28234818,30076191,30076205,a,aaaNNNNNNNNNNNN,14
NC_037344.1,NC_032666.1,28246523,30087908,30087911,t,ttgc,3
NC_037344.1,NC_032666.1,28261968,30103350,30103356,G,GTTATTC,6
NC_037344.1,NC_032666.1,28262858,30104243,30104244,A,AT,1
NC_037344.1,NC_032666.1,28264814,30106155,30106156,C,CT,1
NC_037344.1,NC_032666.1,28313165,30173126,30173127,t,tc,1
NC_037344.1,NC_032666.1,28328772,30188735,30188736,g,gt,1
NC_037344.1,NC_032666.1,28358198,30217059,30217063,a,aNNNN,4
NC_037344.1,NC_032666.1,28411576,30269121,30269122,C,CA,1
NC_037344.1,NC_032666.1,28451970,30309435,30309438,a,aaag,3
NC_037344.1,NC_032666.1,28559738,30412154,30412155,a,ag,1
NC_037344.1,NC_032666.1,28560020,30412437,30412438,a,at,1
NC_037344.1,NC_032666.1,28685254,30537669,30537670,C,CA,1
NC_037344.1,NC_032666.1,28871985,30721300,30721302,T,TAG,2
NC_037344.1,NC_032666.1,28939050,30788347,30788349,A,AAG,2
NC_037344.1,NC_032666.1,28948901,30798198,30798199,T,TC,1
NC_037344.1,NC_032666.1,29023579,30872856,30872860,c,ctgca,4
NC_037344.1,NC_032666.1,29034850,30884132,30884134,g,gtc,2
NC_037344.1,NC_032666.1,29060943,30910231,30910233,t,ttc,2
NC_037344.1,NC_032666.1,29061249,30910539,30910544,t,tttctc,5
NC_037344.1,NC_032666.1,29065629,30914926,30914927,t,tc,1
NC_037344.1,NC_032666.1,29074673,30923993,30924000,T,TAACTTTG,7
NC_037344.1,NC_032666.1,29075440,30924768,30924769,a,ag,1
NC_037344.1,NC_032666.1,29076197,30925526,30925528,A,ATC,2
NC_037344.1,NC_032666.1,29132257,30981606,30981608,T,TTC,2
NC_037344.1,NC_032666.1,29134994,30984348,30984349,g,ga,1
NC_037344.1,NC_032666.1,29154983,31004337,31004338,t,tg,1
NC_037344.1,NC_032666.1,29184020,31033375,31033376,c,ct,1
NC_037344.1,NC_032666.1,29794623,31638273,31638274,A,AW,1
NC_037344.1,NC_032666.1,29916588,31786116,31786117,c,ct,1
NC_037344.1,NC_032666.1,30066683,31936158,31936166,C,CATGCACAT,8
NC_037344.1,NC_032666.1,30079811,31949300,31949306,A,AGTGACT,6
NC_037344.1,NC_032666.1,30101435,32025339,32025340,T,TG,1
NC_037344.1,NC_032666.1,30102255,32026160,32026166,g,gtgggct,6
NC_037344.1,NC_032666.1,30106795,32030706,32030709,T,TCTC,3
NC_037344.1,NC_032666.1,30142722,32066644,32066645,t,tc,1
NC_037344.1,NC_032666.1,30143053,32066976,32066981,a,aattcc,5
NC_037344.1,NC_032666.1,30342113,32207723,32207724,g,gt,1
NC_037344.1,NC_032666.1,30397318,32262425,32262426,t,tg,1
NC_037344.1,NC_032666.1,30471485,32273102,32273103,G,GA,1
NC_037344.1,NC_032666.1,30525815,32327654,32327655,T,TY,1
NC_037344.1,NC_032666.1,30592818,32398721,32398722,T,TY,1
NC_037344.1,NC_032666.1,30621674,32427578,32427599,t,tatgagatggctggatggcatc,21
NC_037344.1,NC_032666.1,30622119,32428044,32428045,A,AC,1
NC_037344.1,NC_032666.1,30670428,32497127,32497128,T,TY,1
NC_037344.1,NC_032666.1,30685525,32512215,32512216,A,AY,1
NC_037344.1,NC_032666.1,30685953,32512644,32512645,t,tg,1
NC_037344.1,NC_032666.1,30697857,32524534,32524535,G,GA,1
NC_037344.1,NC_032666.1,30708513,32535189,32535192,T,TATC,3
NC_037344.1,NC_032666.1,30763804,32602338,32602339,g,gt,1
NC_037344.1,NC_032666.1,30763847,32602381,32602382,G,GA,1
NC_037344.1,NC_032666.1,30779248,32617781,32617782,A,AM,1
NC_037344.1,NC_032666.1,30793069,32631602,32631604,A,ATG,2
NC_037344.1,NC_032666.1,30803808,32642346,32642347,g,gc,1
NC_037344.1,NC_032666.1,30977599,32816166,32816167,t,tg,1
NC_037344.1,NC_032666.1,30981155,32819722,32819727,g,gccagt,5
NC_037344.1,NC_032666.1,30994895,32833543,32833545,A,ACC,2
NC_037344.1,NC_032666.1,31043216,32880011,32880012,a,ag,1
NC_037344.1,NC_032666.1,31043551,32880348,32880349,c,ct,1
NC_037344.1,NC_032666.1,31059231,32896086,32896088,C,CTG,2
NC_037344.1,NC_032666.1,31065211,32902063,32902065,c,cag,2
NC_037344.1,NC_032666.1,31066333,32903188,32903189,t,tg,1
NC_037344.1,NC_032666.1,31095930,32932592,32932593,a,at,1
NC_037344.1,NC_032666.1,31106220,32942881,32942882,a,aW,1
NC_037344.1,NC_032666.1,31126898,32963562,32963563,G,GA,1
NC_037344.1,NC_032666.1,31126925,32963590,32963592,T,TCC,2
NC_037344.1,NC_032666.1,31145150,32981813,32981819,a,acacact,6
NC_037344.1,NC_032666.1,31157470,32993968,32993970,a,aac,2
NC_037344.1,NC_032666.1,31160206,32996705,32996707,g,gat,2
NC_037344.1,NC_032666.1,31164567,33001070,33001074,c,cgtgt,4
NC_037344.1,NC_032666.1,31171767,33008279,33008296,a,agatgccagtccaggttc,17
NC_037344.1,NC_032666.1,31171937,33008459,33008460,t,ta,1
NC_037344.1,NC_032666.1,31172185,33008709,33008710,T,TA,1
NC_037344.1,NC_032666.1,31172193,33008718,33008719,T,TK,1
NC_037344.1,NC_032666.1,31186527,33023056,33023058,t,taa,2
NC_037344.1,NC_032666.1,31224000,33060543,33060544,A,AT,1
NC_037344.1,NC_032666.1,31233931,33070477,33070491,C,CCAGAAGATTTATAA,14
NC_037344.1,NC_032666.1,31252832,33089383,33089384,t,ta,1
NC_037344.1,NC_032666.1,31264375,33100934,33100935,t,tg,1
NC_037344.1,NC_032666.1,31285999,33122569,33122575,T,TNNNNNN,6
NC_037344.1,NC_032666.1,31316919,33153512,33153514,a,atg,2
NC_037344.1,NC_032666.1,31336888,33173998,33174000,a,aat,2
NC_037344.1,NC_032666.1,31340609,33177718,33177719,A,AM,1
NC_037344.1,NC_032666.1,31345338,33182449,33182450,t,tc,1
NC_037344.1,NC_032666.1,31348740,33187969,33187972,g,gttc,3
NC_037344.1,NC_032666.1,31352737,33191981,33191982,C,CA,1
NC_037344.1,NC_032666.1,31370606,33210984,33210985,t,ta,1
NC_037344.1,NC_032666.1,31388657,33229161,33229162,a,ag,1
NC_037344.1,NC_032666.1,31423984,33263980,33263981,t,tg,1
NC_037344.1,NC_032666.1,31509528,33359231,33359234,A,ATTG,3
NC_037344.1,NC_032666.1,31551897,33401554,33401557,a,atgc,3
NC_037344.1,NC_032666.1,31552644,33402304,33402307,t,tctc,3
NC_037344.1,NC_032666.1,31555085,33404748,33404749,a,at,1
NC_037344.1,NC_032666.1,31557955,33407615,33407621,c,ccacttt,6
NC_037344.1,NC_032666.1,31559212,33408877,33408878,t,ta,1
NC_037344.1,NC_032666.1,31562539,33412203,33412205,T,TNN,2
NC_037344.1,NC_032666.1,31571024,33420589,33420590,a,ag,1
NC_037344.1,NC_032666.1,31571256,33420822,33420823,c,ct,1
NC_037344.1,NC_032666.1,31573133,33422695,33422701,a,agcttcg,6
NC_037344.1,NC_032666.1,31573288,33422856,33422857,t,tc,1
NC_037344.1,NC_032666.1,31574034,33423595,33423596,g,ga,1
NC_037344.1,NC_032666.1,31574471,33424033,33424034,t,tc,1
NC_037344.1,NC_032666.1,31577371,33426940,33426945,a,agaaac,5
NC_037344.1,NC_032666.1,31587429,33437003,33437012,g,gggaaacagt,9
NC_037344.1,NC_032666.1,31590010,33439593,33439594,a,at,1
NC_037344.1,NC_032666.1,31596544,33446122,33446123,G,GT,1
NC_037344.1,NC_032666.1,31612991,33462575,33462576,a,at,1
NC_037344.1,NC_032666.1,31618175,33467762,33467763,T,TA,1
NC_037344.1,NC_032666.1,31619072,33468660,33468661,C,CS,1
NC_037344.1,NC_032666.1,31672614,33522214,33522215,a,at,1
NC_037344.1,NC_032666.1,31686096,33535885,33535886,A,AG,1
NC_037344.1,NC_032666.1,31699711,33549511,33549513,T,TCA,2
NC_037344.1,NC_032666.1,31702408,33552493,33552494,c,ca,1
NC_037344.1,NC_032666.1,31713385,33563473,33563475,a,aNN,2
NC_037344.1,NC_032666.1,31714145,33564235,33564236,c,ct,1
NC_037344.1,NC_032666.1,31717119,33567209,33567210,t,ta,1
NC_037344.1,NC_032666.1,31800083,33651583,33651584,a,at,1
NC_037344.1,NC_032666.1,31808683,33660586,33660590,t,tNNNN,4
NC_037344.1,NC_032666.1,31812783,33664557,33664558,T,TG,1
NC_037344.1,NC_032666.1,31832265,33684031,33684032,t,tc,1
NC_037344.1,NC_032666.1,31889683,33728083,33728084,c,ca,1
NC_037344.1,NC_032666.1,32128843,33991163,33991164,a,at,1
NC_037344.1,NC_032666.1,32162677,34024998,34024999,A,AC,1
NC_037344.1,NC_032666.1,32162687,34025009,34025011,g,ggc,2
NC_037344.1,NC_032666.1,32243865,34065981,34065982,C,CS,1
NC_037344.1,NC_032666.1,32254733,34076850,34076851,A,AG,1
NC_037344.1,NC_032666.1,32280548,34102821,34102826,g,ggtttt,5
NC_037344.1,NC_032666.1,32288632,34110906,34110910,G,GTCTR,4
NC_037344.1,NC_032666.1,32290177,34112452,34112453,C,CA,1
NC_037344.1,NC_032666.1,32290726,34113002,34113003,c,ct,1
NC_037344.1,NC_032666.1,32298575,34120849,34120850,a,at,1
NC_037344.1,NC_032666.1,32309824,34132143,34132144,a,ac,1
NC_037344.1,NC_032666.1,32321160,34143479,34143485,c,catcagt,6
NC_037344.1,NC_032666.1,32344845,34167124,34167125,A,AT,1
NC_037344.1,NC_032666.1,32364865,34187159,34187160,G,GR,1
NC_037344.1,NC_032666.1,32372212,34194511,34194514,A,AAAC,3
NC_037344.1,NC_032666.1,32400331,34216927,34216928,T,TC,1
NC_037344.1,NC_032666.1,32452347,34267483,34267484,c,ct,1
NC_037344.1,NC_032666.1,32508712,34323875,34323876,a,at,1
NC_037344.1,NC_032666.1,32514243,34329409,34329416,A,AAGGCATG,7
NC_037344.1,NC_032666.1,32538476,34353810,34353811,T,TC,1
NC_037344.1,NC_032666.1,32544919,34360255,34360258,A,AAAG,3
NC_037344.1,NC_032666.1,32563121,34378460,34378462,g,gtK,2
NC_037344.1,NC_032666.1,32567179,34382520,34382524,a,aNNNN,4
NC_037344.1,NC_032666.1,32880383,34697453,34697460,a,aaaaaaac,7
NC_037344.1,NC_032666.1,32882947,34699885,34699886,T,TY,1
NC_037344.1,NC_032666.1,32926282,34743213,34743214,C,CY,1
NC_037344.1,NC_032666.1,32928331,34745263,34745264,G,GR,1
NC_037344.1,NC_032666.1,32977784,34794707,34794708,c,ct,1
NC_037344.1,NC_032666.1,33052366,34874240,34874241,g,ga,1
NC_037344.1,NC_032666.1,33129789,34951156,34951549,C,CCTGAGACAGTCACTATCNNNNNNNNNNNNNNNNNNNNNNNNNNNNNNNNNNNNNNNNNNNNNNNNNNNNNNNNNNNNNNNNNNNNNNNNNNNNNNNNNNNNNNNNNNNNNNNNNNNNNNNNNNNNNNNNNNNNNNNNNNNNNNNNNNNNNNNNNNNNNNNNNNNNNNNNNNNNNNNNNNNNNNNNNNNNNNNNNNNNNNNNNNNNNNNNNNNNNNNNNNNNNNNNNNNNNNNNNNNNNNNNNNNNNNNNNNNNNNNNNNNNNNNNNNNNNNNNNNNNNNNNNNNNNNNNNNNNNNNNNNNNNNNNNNNNNNNNNNNNNNNNNNNNNNNNNNNNNNNNNNNNNNNNNNNNNNNNNNNNNNNNNNNNNNNNNNNNNNNNNNNNNNNNNNNGGCTG,393
NC_037344.1,NC_032666.1,33167306,34988708,34988710,a,aNN,2
NC_037344.1,NC_032666.1,33239891,35061300,35061301,t,ta,1
NC_037344.1,NC_032666.1,33252848,35126634,35126635,t,ta,1
NC_037344.1,NC_032666.1,33261832,35135619,35135621,a,aat,2
NC_037344.1,NC_032666.1,33279036,35152824,35152827,a,aaac,3
NC_037344.1,NC_032666.1,33284319,35161576,35161577,T,TC,1
NC_037344.1,NC_032666.1,33316782,35194045,35194046,a,at,1
NC_037344.1,NC_032666.1,33324645,35201678,35201682,T,TCTCA,4
NC_037344.1,NC_032666.1,33340422,35217457,35217459,A,ACT,2
NC_037344.1,NC_032666.1,33346045,35223079,35223080,C,CT,1
NC_037344.1,NC_032666.1,33352514,35229550,35229551,a,ag,1
NC_037344.1,NC_032666.1,33355835,35232873,35232884,T,TAGGATTCTATA,11
NC_037344.1,NC_032666.1,33359980,35237035,35237037,C,CTG,2
NC_037344.1,NC_032666.1,33371770,35248832,35248833,A,AT,1
NC_037344.1,NC_032666.1,33379344,35256408,35256410,a,aNN,2
NC_037344.1,NC_032666.1,33435673,35312746,35312747,A,AC,1
NC_037344.1,NC_032666.1,33485184,35362140,35362144,t,tatta,4
NC_037344.1,NC_032666.1,33505091,35382050,35382051,C,CT,1
NC_037344.1,NC_032666.1,33529980,35406949,35406970,C,CTTATGTCATGCAATTGAGTAT,21
NC_037344.1,NC_032666.1,33542649,35419639,35419640,T,TA,1
NC_037344.1,NC_032666.1,33583442,35460445,35460447,t,tta,2
NC_037344.1,NC_032666.1,33637088,35532136,35532144,c,ctatatata,8
NC_037344.1,NC_032666.1,33655738,35550796,35550797,A,AT,1
NC_037344.1,NC_032666.1,33690836,35585897,35585899,c,cag,2
NC_037344.1,NC_032666.1,33712836,35607985,35607986,T,TG,1
NC_037344.1,NC_032666.1,33717727,35612878,35612881,C,CATT,3
NC_037344.1,NC_032666.1,33718814,35613968,35613969,G,GT,1
NC_037344.1,NC_032666.1,33723214,35618237,35618238,a,aW,1
NC_037344.1,NC_032666.1,33779680,35674695,35674696,A,AT,1
NC_037344.1,NC_032666.1,33783273,35678287,35678288,T,TA,1
NC_037344.1,NC_032666.1,33858649,35752436,35752438,c,cat,2
NC_037344.1,NC_032666.1,33861660,35755449,35755451,t,tta,2
NC_037344.1,NC_032666.1,33983096,35876893,35876894,G,GA,1
NC_037344.1,NC_032666.1,34007342,35901142,35901143,t,tg,1
NC_037344.1,NC_032666.1,34139115,36033095,36033096,t,tg,1
NC_037344.1,NC_032666.1,34164183,36058165,36058166,g,gt,1
NC_037344.1,NC_032666.1,34384225,36280002,36280003,c,cg,1
NC_037344.1,NC_032666.1,34384253,36280031,36280032,g,ga,1
NC_037344.1,NC_032666.1,34425069,36320849,36320850,A,AC,1
NC_037344.1,NC_032666.1,34536446,36433549,36433550,T,TA,1
NC_037344.1,NC_032666.1,35570152,37460226,37460227,T,TA,1
NC_037344.1,NC_032666.1,35570158,37460233,37460234,T,TA,1
NC_037344.1,NC_032666.1,35641265,37531346,37531347,g,gK,1
NC_037344.1,NC_032666.1,35857864,37749119,37749120,A,AC,1
NC_037344.1,NC_032666.1,35857877,37749133,37749134,G,GA,1
NC_037344.1,NC_032666.1,35890781,37782027,37782028,t,ta,1
NC_037344.1,NC_032666.1,36074467,37945061,37945064,a,agac,3
NC_037344.1,NC_032666.1,36114429,37985027,37985028,a,at,1
NC_037344.1,NC_032666.1,36143917,38014515,38014516,A,AT,1
NC_037344.1,NC_032666.1,36175711,38046310,38046311,G,GA,1
NC_037344.1,NC_032666.1,36322017,38193919,38193920,g,gc,1
NC_037344.1,NC_032666.1,36546105,38419076,38419097,c,ctccaggcaagaacactggagt,21
NC_037344.1,NC_032666.1,36679181,38553741,38553742,c,ca,1
NC_037344.1,NC_032666.1,36983529,38877890,38877891,c,cg,1
NC_037344.1,NC_032666.1,36994924,38889286,38889288,a,aNN,2
NC_037344.1,NC_032666.1,37210076,39091774,39091775,T,TA,1
NC_037344.1,NC_032666.1,37340980,39222408,39222409,t,tg,1
NC_037344.1,NC_032666.1,37447812,39327239,39327241,a,acN,2
NC_037344.1,NC_032666.1,37450631,39330060,39330061,t,tg,1
NC_037344.1,NC_032666.1,37513826,39393258,39393259,g,gt,1
NC_037344.1,NC_032666.1,37574231,39454302,39454304,t,tca,2
NC_037344.1,NC_032666.1,37574244,39454318,39454320,t,tca,2
NC_037344.1,NC_032666.1,38369266,40371244,40371245,a,ac,1
NC_037344.1,NC_032666.1,38373645,40375625,40375626,t,ta,1
NC_037344.1,NC_032666.1,38386832,40388815,40388816,t,ta,1
NC_037344.1,NC_032666.1,38412815,40414603,40414604,a,at,1
NC_037344.1,NC_032666.1,38452675,40454464,40454466,t,taa,2
NC_037344.1,NC_032666.1,38527783,40530307,40530309,t,tNN,2
NC_037344.1,NC_032666.1,38651378,40653956,40653957,a,ag,1
NC_037344.1,NC_032666.1,38710351,40712933,40712934,C,CY,1
NC_037344.1,NC_032666.1,38767612,40775349,40775350,g,gt,1
NC_037344.1,NC_032666.1,39184754,41175745,41175746,G,GA,1
NC_037344.1,NC_032666.1,39462558,41454254,41454255,t,tc,1
NC_037344.1,NC_032666.1,39715316,41708372,41708373,t,ta,1
NC_037344.1,NC_032666.1,39718373,41711430,41711432,T,TNN,2
NC_037344.1,NC_032666.1,39764844,41732114,41732115,G,GA,1
NC_037344.1,NC_032666.1,39963185,41931204,41931205,C,CT,1
NC_037344.1,NC_032666.1,39963227,41931247,41931249,t,taa,2
NC_037344.1,NC_032666.1,40120910,42102354,42102355,a,at,1
NC_037344.1,NC_032666.1,40295284,42274859,42274861,t,tta,2
NC_037344.1,NC_032666.1,40299771,42279347,42279348,T,TW,1
NC_037344.1,NC_032666.1,40305575,42285153,42285154,T,TK,1
NC_037344.1,NC_032666.1,40311332,42290914,42290918,T,TGGTA,4
NC_037344.1,NC_032666.1,40324467,42304041,42304046,c,cagaga,5
NC_037344.1,NC_032666.1,40326655,42306232,42306233,c,ct,1
NC_037344.1,NC_032666.1,40332989,42320292,42320293,t,ta,1
NC_037344.1,NC_032666.1,40340496,42331864,42331866,t,taN,2
NC_037344.1,NC_032666.1,40344654,42336022,42336025,t,tctc,3
NC_037344.1,NC_032666.1,40348890,42340259,42340262,t,tgaa,3
NC_037344.1,NC_032666.1,40358129,42349531,42349532,c,ct,1
NC_037344.1,NC_032666.1,40359014,42350417,42350419,t,ttc,2
NC_037344.1,NC_032666.1,40359229,42350634,42350635,t,tg,1
NC_037344.1,NC_032666.1,40359418,42350824,42350828,c,ctcta,4
NC_037344.1,NC_032666.1,40359666,42351076,42351077,c,ct,1
NC_037344.1,NC_032666.1,40361110,42352527,42352528,c,ct,1
NC_037344.1,NC_032666.1,40396896,42388503,42388507,C,CTCTT,4
NC_037344.1,NC_032666.1,40397079,42388690,42388691,G,GS,1
NC_037344.1,NC_032666.1,40397280,42388892,42388893,C,CA,1
NC_037344.1,NC_032666.1,40401824,42393437,42393441,T,TAAAG,4
NC_037344.1,NC_032666.1,40407804,42399506,42399508,a,atW,2
NC_037344.1,NC_032666.1,40416088,42407802,42407810,c,ctttttttt,8
NC_037344.1,NC_032666.1,40502257,42494160,42494161,g,gc,1
NC_037344.1,NC_032666.1,40502442,42494347,42494348,g,ga,1
NC_037344.1,NC_032666.1,40515748,42507656,42507657,g,gt,1
NC_037344.1,NC_032666.1,40515967,42507876,42507877,t,tg,1
NC_037344.1,NC_032666.1,40530972,42522877,42522878,a,at,1
NC_037344.1,NC_032666.1,40551855,42543781,42543782,t,tg,1
NC_037344.1,NC_032666.1,40551927,42543854,42543871,a,aaaaaaaaaaaaaaaaag,17
NC_037344.1,NC_032666.1,40560275,42552219,42552222,T,TTTA,3
NC_037344.1,NC_032666.1,40564455,42556400,42556403,A,AGAT,3
NC_037344.1,NC_032666.1,40578292,42570234,42570235,T,TY,1
NC_037344.1,NC_032666.1,40583759,42575704,42575708,c,catgY,4
NC_037344.1,NC_032666.1,40588599,42580550,42580556,c,cttcaaa,6
NC_037344.1,NC_032666.1,40590773,42582729,42582730,T,TY,1
NC_037344.1,NC_032666.1,40597479,42589610,42589621,C,CCAATTTCTAGG,11
NC_037344.1,NC_032666.1,40598440,42590587,42590589,a,att,2
NC_037344.1,NC_032666.1,40598524,42590673,42590674,A,AT,1
NC_037344.1,NC_032666.1,40600430,42592581,42592582,A,AW,1
NC_037344.1,NC_032666.1,40666392,42666835,42666837,t,tga,2
NC_037344.1,NC_032666.1,40687011,42686871,42686879,a,atatagact,8
NC_037344.1,NC_032666.1,40718389,42718269,42718273,T,TTTGC,4
NC_037344.1,NC_032666.1,40718720,42718604,42718605,A,AT,1
NC_037344.1,NC_032666.1,40721966,42721850,42721851,A,AC,1
NC_037344.1,NC_032666.1,40724435,42724322,42724323,a,at,1
NC_037344.1,NC_032666.1,40727736,42727564,42727565,C,CY,1
NC_037344.1,NC_032666.1,40741262,42741071,42741080,a,atccaaccag,9
NC_037344.1,NC_032666.1,40742207,42742025,42742032,c,ctttcact,7
NC_037344.1,NC_032666.1,40748740,42748567,42748568,a,aW,1
NC_037344.1,NC_032666.1,40750837,42750665,42750667,c,cca,2
NC_037344.1,NC_032666.1,40839529,42838423,42838425,g,gtc,2
NC_037344.1,NC_032666.1,40852852,42851007,42851008,t,ta,1
NC_037344.1,NC_032666.1,40856357,42854480,42854481,a,at,1
NC_037344.1,NC_032666.1,40952529,42950012,42950013,a,ag,1
NC_037344.1,NC_032666.1,40986253,42983729,42983731,C,CAT,2
NC_037344.1,NC_032666.1,41090487,43086977,43086978,g,ga,1
NC_037344.1,NC_032666.1,41092674,43089112,43089113,A,AT,1
NC_037344.1,NC_032666.1,41093318,43089757,43089758,C,CT,1
NC_037344.1,NC_032666.1,41101921,43098373,43098374,c,ca,1
NC_037344.1,NC_032666.1,41120950,43117399,43117403,a,aNNNN,4
NC_037344.1,NC_032666.1,41135682,43136794,43136797,a,attt,3
NC_037344.1,NC_032666.1,41136823,43137939,43137940,C,CT,1
NC_037344.1,NC_032666.1,41136984,43138103,43138110,t,tagataaa,7
NC_037344.1,NC_032666.1,41139839,43140965,43140967,C,CTG,2
NC_037344.1,NC_032666.1,41144546,43170579,43170580,t,tc,1
NC_037344.1,NC_032666.1,41151675,43177694,43177695,A,AC,1
NC_037344.1,NC_032666.1,41157904,43183942,43183943,a,ac,1
NC_037344.1,NC_032666.1,41158337,43184407,43184413,g,gtgtgta,6
NC_037344.1,NC_032666.1,41159350,43185426,43185451,G,Gacttcaaataaaagaaaaaaaaaaa,25
NC_037344.1,NC_032666.1,41161358,43187461,43187463,c,cta,2
NC_037344.1,NC_032666.1,41161374,43187479,43187481,c,cta,2
NC_037344.1,NC_032666.1,41161432,43187541,43187542,t,ta,1
NC_037344.1,NC_032666.1,41165921,43192030,43192031,c,ct,1
NC_037344.1,NC_032666.1,41165951,43192061,43192062,a,ag,1
NC_037344.1,NC_032666.1,41165968,43192079,43192080,c,ct,1
NC_037344.1,NC_032666.1,41175464,43196823,43196826,a,attc,3
NC_037344.1,NC_032666.1,41175518,43196880,43196882,t,tga,2
NC_037344.1,NC_032666.1,41175554,43196918,43196919,t,tg,1
NC_037344.1,NC_032666.1,41193441,43215602,43215603,A,AT,1
NC_037344.1,NC_032666.1,41196911,43219072,43219073,t,tg,1
NC_037344.1,NC_032666.1,41202666,43224827,43224828,G,GA,1
NC_037344.1,NC_032666.1,41210050,43232215,43232216,A,AM,1
NC_037344.1,NC_032666.1,41210515,43232703,43232715,A,AATCAAAGAGATC,12
NC_037344.1,NC_032666.1,41217806,43240006,43240010,A,AATAG,4
NC_037344.1,NC_032666.1,41253829,43275950,43275951,c,ct,1
NC_037344.1,NC_032666.1,41258116,43280232,43280234,a,aag,2
NC_037344.1,NC_032666.1,41327266,43354551,43354552,T,TY,1
NC_037344.1,NC_032666.1,41328587,43359237,43359241,c,ccccg,4
NC_037344.1,NC_032666.1,41344607,43375243,43375247,t,tNNNN,4
NC_037344.1,NC_032666.1,41395574,43431346,43431353,a,acgcaCAC,7
NC_037344.1,NC_032666.1,41395643,43431428,43431429,C,CY,1
NC_037344.1,NC_032666.1,41413033,43448811,43448819,c,cacacacag,8
NC_037344.1,NC_032666.1,41479227,43515121,43515123,t,tta,2
NC_037344.1,NC_032666.1,41516722,43553431,43553433,c,caa,2
NC_037344.1,NC_032666.1,41570034,43606584,43606585,a,ag,1
NC_037344.1,NC_032666.1,41591938,43628493,43628496,G,GGTA,3
NC_037344.1,NC_032666.1,41609605,43673890,43673891,a,at,1
NC_037344.1,NC_032666.1,41610564,43674849,43674859,a,acNNNNNNNNN,10
NC_037344.1,NC_032666.1,41619926,43683685,43683686,c,cG,1
NC_037344.1,NC_032666.1,41631783,43695529,43695530,c,cY,1
NC_037344.1,NC_032666.1,41634487,43698229,43698246,a,agcccgccaggctcctct,17
NC_037344.1,NC_032666.1,41692601,43756379,43756380,g,ga,1
NC_037344.1,NC_032666.1,41697707,43761486,43761487,t,tg,1
NC_037344.1,NC_032666.1,41768348,43834045,43834047,c,cat,2
NC_037344.1,NC_032666.1,41784968,43854490,43854494,A,ATATC,4
NC_037344.1,NC_032666.1,41843213,43912740,43912745,t,ttaaaa,5
NC_037344.1,NC_032666.1,41844932,43914462,43914464,t,tta,2
NC_037344.1,NC_032666.1,41844942,43914474,43914475,t,ta,1
NC_037344.1,NC_032666.1,41845181,43914715,43914718,c,cagg,3
NC_037344.1,NC_032666.1,41845957,43915494,43915495,T,TA,1
NC_037344.1,NC_032666.1,41941127,44010670,44010678,t,tNNNNNNNN,8
NC_037344.1,NC_032666.1,41951066,44020615,44020616,A,AG,1
NC_037344.1,NC_032666.1,41952405,44021950,44021957,t,tgcctgca,7
NC_037344.1,NC_032666.1,41953247,44022797,44022798,A,AG,1
NC_037344.1,NC_032666.1,41956157,44025709,44025714,G,GTATCT,5
NC_037344.1,NC_032666.1,41981893,44051444,44051451,C,CTTAAAAA,7
NC_037344.1,NC_032666.1,41984197,44053756,44053757,A,AT,1
NC_037344.1,NC_032666.1,41995966,44065549,44065553,a,aaaac,4
NC_037344.1,NC_032666.1,42004257,44073842,44073843,a,at,1
NC_037344.1,NC_032666.1,42038558,44108270,44108271,g,ga,1
NC_037344.1,NC_032666.1,42039418,44109130,44109131,a,at,1
NC_037344.1,NC_032666.1,42095680,44165465,44165466,t,ta,1
NC_037344.1,NC_032666.1,42098403,44168193,44168229,A,ATACAAACAGAGCTCAAATACAAGAACTCTGAGTAGC,36
NC_037344.1,NC_032666.1,42100257,44170083,44170084,A,AW,1
NC_037344.1,NC_032666.1,42102046,44171869,44171877,C,CAAGAAGAA,8
NC_037344.1,NC_032666.1,42154013,44306789,44306790,t,tc,1
NC_037344.1,NC_032666.1,42163393,44317759,44317760,c,ct,1
NC_037344.1,NC_032666.1,42166057,44320426,44320427,A,AC,1
NC_037344.1,NC_032666.1,42210708,44364933,44364934,A,AT,1
NC_037344.1,NC_032666.1,42211286,44365512,44365514,c,cta,2
NC_037344.1,NC_032666.1,42412739,44606789,44606790,a,ag,1
NC_037344.1,NC_032666.1,42423982,44618037,44618039,C,CAT,2
NC_037344.1,NC_032666.1,42462392,44681108,44681109,a,at,1
NC_037344.1,NC_032666.1,42462404,44681121,44681122,t,ta,1
NC_037344.1,NC_032666.1,42528047,44748366,44748369,a,attt,3
NC_037344.1,NC_032666.1,42555086,44785922,44785929,t,tcgCCCTC,7
NC_037344.1,NC_032666.1,42586618,44817442,44817444,g,ggc,2
NC_037344.1,NC_032666.1,42592279,44823105,44823107,a,att,2
NC_037344.1,NC_032666.1,42647132,44881481,44881495,t,tatatatatatatac,14
NC_037344.1,NC_032666.1,42700002,44935443,44935445,a,aNN,2
NC_037344.1,NC_032666.1,42700825,44936268,44936269,g,ga,1
NC_037344.1,NC_032666.1,42719510,44954955,44954962,t,tNNNNNNN,7
NC_037344.1,NC_032666.1,42729229,44964681,44964683,g,ggt,2
NC_037344.1,NC_032666.1,42737003,44972180,44972182,a,aNN,2
NC_037344.1,NC_032666.1,42766641,45001826,45001827,G,GR,1
NC_037344.1,NC_032666.1,42767451,45002636,45002637,C,CR,1
NC_037344.1,NC_032666.1,42776895,45012085,45012086,G,GR,1
NC_037344.1,NC_032666.1,42823954,45059162,45059163,t,ta,1
NC_037344.1,NC_032666.1,42825782,45060990,45060991,t,ta,1
NC_037344.1,NC_032666.1,42825924,45061133,45061143,g,gctattataaa,10
NC_037344.1,NC_032666.1,42827021,45062240,45062241,a,at,1
NC_037344.1,NC_032666.1,42827772,45062985,45062986,t,tg,1
NC_037344.1,NC_032666.1,42829044,45064258,45064259,t,ta,1
NC_037344.1,NC_032666.1,42830451,45065665,45065666,t,tg,1
NC_037344.1,NC_032666.1,42831555,45066769,45066771,c,caa,2
NC_037344.1,NC_032666.1,42833769,45068981,45068984,c,caag,3
NC_037344.1,NC_032666.1,42833934,45069149,45069150,a,at,1
NC_037344.1,NC_032666.1,42844639,45079853,45079854,T,TW,1
NC_037344.1,NC_032666.1,42918451,45262947,45262948,t,tg,1
NC_037344.1,NC_032666.1,43039433,45389691,45389692,C,CM,1
NC_037344.1,NC_032666.1,43048439,45398699,45398700,a,ag,1
NC_037344.1,NC_032666.1,43151924,45400943,45400944,t,ta,1
NC_037344.1,NC_032666.1,43151924,45631948,45631949,t,ta,1
NC_037344.1,NC_032666.1,43178134,45658132,45658133,C,CN,1
NC_037344.1,NC_032666.1,43178317,45658316,45658317,T,TR,1
NC_037344.1,NC_032666.1,43263657,45743987,45743988,A,AC,1
NC_037344.1,NC_032666.1,43263675,45744006,45744011,g,ggtggt,5
NC_037344.1,NC_032666.1,43276205,45756545,45756546,a,ag,1
NC_037344.1,NC_032666.1,43277072,45757417,45757419,t,taa,2
NC_037344.1,NC_032666.1,43278023,45758369,45758370,A,AT,1
NC_037344.1,NC_032666.1,43278804,45759606,45759608,t,tta,2
NC_037344.1,NC_032666.1,43282877,45763682,45763689,A,ATTCTNNN,7
NC_037344.1,NC_032666.1,43283025,45763837,45763843,c,ctttttt,6
NC_037344.1,NC_032666.1,43285363,45766179,45766180,g,gt,1
NC_037344.1,NC_032666.1,43299382,45780183,45780184,c,ca,1
NC_037344.1,NC_032666.1,43314693,45795499,45795500,t,tg,1
NC_037344.1,NC_032666.1,43382990,45940739,45940740,A,AR,1
NC_037344.1,NC_032666.1,43463618,45819623,45819624,G,GA,1
NC_037344.1,NC_032666.1,43473912,45829916,45829917,a,ac,1
NC_037344.1,NC_032666.1,43578166,46058056,46058057,T,TW,1
NC_037344.1,NC_032666.1,43581751,46061173,46061174,C,CT,1
NC_037344.1,NC_032666.1,43660102,46140277,46140278,T,TA,1
NC_037344.1,NC_032666.1,43686149,46166329,46166330,t,ta,1
NC_037344.1,NC_032666.1,43719720,46199922,46199923,g,gc,1
NC_037344.1,NC_032666.1,43732433,46212524,46212525,a,ac,1
NC_037344.1,NC_032666.1,43832033,46312135,46312136,C,CA,1
NC_037344.1,NC_032666.1,43887755,46372526,46372527,a,ac,1
NC_037344.1,NC_032666.1,43887782,46372554,46372555,a,ac,1
NC_037344.1,NC_032666.1,43887789,46372562,46372563,t,ta,1
NC_037344.1,NC_032666.1,43887825,46372599,46372600,t,tc,1
NC_037344.1,NC_032666.1,43935320,46420691,46420692,t,tg,1
NC_037344.1,NC_032666.1,43935348,46420720,46420721,c,ca,1
NC_037344.1,NC_032666.1,43935386,46420759,46420760,g,gt,1
NC_037344.1,NC_032666.1,43935406,46420780,46420781,a,ag,1
NC_037344.1,NC_032666.1,43958107,46443489,46443497,a,actgtctat,8
NC_037344.1,NC_032666.1,43982917,46468311,46468315,G,GACAA,4
NC_037344.1,NC_032666.1,43989454,46474854,46474857,c,caga,3
NC_037344.1,NC_032666.1,43991187,46476590,46476592,g,gaa,2
NC_037344.1,NC_032666.1,43998285,46483388,46483394,T,TGCCTGA,6
NC_037344.1,NC_032666.1,43999551,46484660,46484661,A,AC,1
NC_037344.1,NC_032666.1,44003381,46488492,46488499,C,CAGAGGTT,7
NC_037344.1,NC_032666.1,44003468,46488586,46488587,A,AW,1
NC_037344.1,NC_032666.1,44071467,46556560,46556569,c,cacacacaca,9
NC_037344.1,NC_032666.1,44169124,46654243,46654249,T,TCTGGTA,6
NC_037344.1,NC_032666.1,44180903,46666021,46666022,T,TG,1
NC_037344.1,NC_032666.1,44181560,46666679,46666689,g,gactgaactga,10
NC_037344.1,NC_032666.1,44182666,46667795,46667797,g,gga,2
NC_037344.1,NC_032666.1,44187389,46672516,46672517,C,CG,1
NC_037344.1,NC_032666.1,44190078,46675207,46675208,A,AG,1
NC_037344.1,NC_032666.1,44214501,46699630,46699631,c,ct,1
NC_037344.1,NC_032666.1,44287357,46772509,46772510,A,AM,1
NC_037344.1,NC_032666.1,44296970,46782121,46782122,T,TA,1
NC_037344.1,NC_032666.1,44298228,46783380,46783381,C,CT,1
NC_037344.1,NC_032666.1,44299604,46784757,46784758,C,CY,1
NC_037344.1,NC_032666.1,44303617,46788773,46788776,C,CCTT,3
NC_037344.1,NC_032666.1,44352295,46832296,46832297,G,GA,1
NC_037344.1,NC_032666.1,44356181,46836184,46836186,a,act,2
NC_037344.1,NC_032666.1,44421742,46901757,46901759,c,cca,2
NC_037344.1,NC_032666.1,44430929,46918717,46918721,g,gtgta,4
NC_037344.1,NC_032666.1,44445602,46933408,46933417,a,aaACATGTTT,9
NC_037344.1,NC_032666.1,44470377,46958192,46958193,A,AW,1
NC_037344.1,NC_032666.1,44537519,47025336,47025337,A,AG,1
NC_037344.1,NC_032666.1,44546583,47034277,47034278,A,AR,1
NC_037344.1,NC_032666.1,44548524,47036219,47036220,T,TA,1
NC_037344.1,NC_032666.1,44596915,47084612,47084613,A,AG,1
NC_037344.1,NC_032666.1,44601466,47089168,47089169,T,TG,1
NC_037344.1,NC_032666.1,44624077,47111629,47111634,C,CTCNNN,5
NC_037344.1,NC_032666.1,44730092,47217656,47217657,T,TK,1
NC_037344.1,NC_032666.1,44741253,47228818,47228819,T,TK,1
NC_037344.1,NC_032666.1,44753320,47240889,47240890,G,GR,1
NC_037344.1,NC_032666.1,44754460,47242030,47242032,c,cct,2
NC_037344.1,NC_032666.1,44779912,47267485,47267486,G,GR,1
NC_037344.1,NC_032666.1,44782526,47270078,47270079,a,at,1
NC_037344.1,NC_032666.1,44787714,47275265,47275280,G,GCATGCAGTCCTTGCA,15
NC_037344.1,NC_032666.1,44885858,47387868,47387869,C,CY,1
NC_037344.1,NC_032666.1,44942507,47444512,47444513,T,TC,1
NC_037344.1,NC_032666.1,45007177,47509044,47509045,a,ac,1
NC_037344.1,NC_032666.1,45030834,47533129,47533130,a,at,1
NC_037344.1,NC_032666.1,45031618,47533914,47533915,G,GS,1
NC_037344.1,NC_032666.1,45050504,47552855,47552856,a,ac,1
NC_037344.1,NC_032666.1,45213505,47717639,47717640,C,CA,1
NC_037344.1,NC_032666.1,45454125,47955622,47955623,C,CS,1
NC_037344.1,NC_032666.1,45515164,48016672,48016673,a,at,1
NC_037344.1,NC_032666.1,45515168,48016677,48016678,t,ta,1
NC_037344.1,NC_032666.1,45527828,48029338,48029340,G,GGA,2
NC_037344.1,NC_032666.1,45532207,48033719,48033720,A,AG,1
NC_037344.1,NC_032666.1,45532575,48034088,48034089,T,TC,1
NC_037344.1,NC_032666.1,45547958,48049474,48049475,T,TW,1
NC_037344.1,NC_032666.1,45605375,48106049,48106050,G,GC,1
NC_037344.1,NC_032666.1,45615732,48116406,48116407,T,TA,1
NC_037344.1,NC_032666.1,45682011,48150667,48150669,A,ACS,2
NC_037344.1,NC_032666.1,45693354,48162014,48162015,a,at,1
NC_037344.1,NC_032666.1,45730880,48199704,48199705,C,CG,1
NC_037344.1,NC_032666.1,45746616,48215530,48215532,a,acc,2
NC_037344.1,NC_032666.1,45747664,48216582,48216583,c,ca,1
NC_037344.1,NC_032666.1,45747676,48216595,48216596,a,ac,1
NC_037344.1,NC_032666.1,45796857,48268754,48268756,t,tNN,2
NC_037344.1,NC_032666.1,45804132,48276032,48276034,C,CTG,2
NC_037344.1,NC_032666.1,45837218,48308830,48308834,T,TNNNN,4
NC_037344.1,NC_032666.1,45862481,48334098,48334099,t,ta,1
NC_037344.1,NC_032666.1,45865919,48337533,48337534,C,CA,1
NC_037344.1,NC_032666.1,45872980,48344661,48344663,g,gtc,2
NC_037344.1,NC_032666.1,45875221,48346905,48346913,a,acagcatcg,8
NC_037344.1,NC_032666.1,45875620,48347312,48347316,G,GTCTA,4
NC_037344.1,NC_032666.1,45876144,48347840,48347843,C,CCAA,3
NC_037344.1,NC_032666.1,45881934,48353634,48353637,t,ttta,3
NC_037344.1,NC_032666.1,45886886,48358589,48358590,G,GR,1
NC_037344.1,NC_032666.1,46047851,48520578,48520579,A,AC,1
NC_037344.1,NC_032666.1,46083610,48564604,48564605,a,at,1
NC_037344.1,NC_032666.1,46117325,48598405,48598406,A,AM,1
NC_037344.1,NC_032666.1,46273500,48764053,48764054,g,gt,1
NC_037344.1,NC_032666.1,46281592,48793113,48793140,C,CCGAGGGAAATACTTCAAAATACCAKMY,27
NC_037344.1,NC_032666.1,46324846,48836423,48836424,C,CY,1
NC_037344.1,NC_032666.1,46324862,48836440,48836441,T,TA,1
NC_037344.1,NC_032666.1,46324920,48836499,48836500,G,GC,1
NC_037344.1,NC_032666.1,46335719,48847299,48847324,a,accagcttgaacatctggaagttcac,25
NC_037344.1,NC_032666.1,46362757,48874366,48874367,t,tc,1
NC_037344.1,NC_032666.1,46362988,48874597,48874598,C,CT,1
NC_037344.1,NC_032666.1,46369788,48881212,48881213,t,tg,1
NC_037344.1,NC_032666.1,46380760,48892190,48892192,t,tNN,2
NC_037344.1,NC_032666.1,46415372,48926798,48926799,c,ct,1
NC_037344.1,NC_032666.1,46474243,48985672,48985673,a,ac,1
NC_037344.1,NC_032666.1,46560763,49072184,49072191,a,atgcaaTC,7
NC_037344.1,NC_032666.1,46571951,49083432,49083433,c,cg,1
NC_037344.1,NC_032666.1,46572050,49083532,49083533,a,at,1
NC_037344.1,NC_032666.1,46573255,49084738,49084739,a,at,1
NC_037344.1,NC_032666.1,46575709,49087119,49087120,c,ct,1
NC_037344.1,NC_032666.1,46578598,49090008,49090009,A,AG,1
NC_037344.1,NC_032666.1,46589193,49100601,49100608,g,ggaaaaaa,7
NC_037344.1,NC_032666.1,46590739,49102146,49102148,C,CCT,2
NC_037344.1,NC_032666.1,46612589,49123922,49123924,t,ttg,2
NC_037344.1,NC_032666.1,46617843,49129178,49129180,C,CAG,2
NC_037344.1,NC_032666.1,46689767,49201110,49201111,t,ta,1
NC_037344.1,NC_032666.1,46825299,49336527,49336528,T,TA,1
NC_037344.1,NC_032666.1,46838444,49349706,49349708,T,TAA,2
NC_037344.1,NC_032666.1,46857905,49369179,49369180,T,TC,1
NC_037344.1,NC_032666.1,46879816,49390955,49390956,c,ct,1
NC_037344.1,NC_032666.1,46900008,49411150,49411151,T,TY,1
NC_037344.1,NC_032666.1,46905362,49416505,49416506,G,GA,1
NC_037344.1,NC_032666.1,46908352,49419499,49419508,T,TACAGGAAAG,9
NC_037344.1,NC_032666.1,46954426,49465612,49465613,t,tg,1
NC_037344.1,NC_032666.1,46987496,49498773,49498774,t,tg,1
NC_037344.1,NC_032666.1,46989579,49500856,49500857,a,aM,1
NC_037344.1,NC_032666.1,46994159,49505437,49505438,T,TY,1
NC_037344.1,NC_032666.1,46999638,49510920,49510921,a,ac,1
NC_037344.1,NC_032666.1,47008580,49519865,49519866,A,AG,1
NC_037344.1,NC_032666.1,47043974,49556743,49556745,c,cct,2
NC_037344.1,NC_032666.1,47193019,49717684,49717685,C,CA,1
NC_037344.1,NC_032666.1,47194225,49718702,49718703,G,GA,1
NC_037344.1,NC_032666.1,47483301,50084987,50084988,C,CA,1
NC_037344.1,NC_032666.1,47492751,50094441,50094443,c,cca,2
NC_037344.1,NC_032666.1,47643167,50244511,50244513,t,tta,2
NC_037344.1,NC_032666.1,48013898,50714453,50714454,G,GT,1
NC_037344.1,NC_032666.1,48023950,50724506,50724507,a,at,1
NC_037344.1,NC_032666.1,48026724,50727279,50727303,T,TAGTANNNNNNNNNNNNNNNNNNNN,24
NC_037344.1,NC_032666.1,48074060,50774641,50774643,c,cgt,2
NC_037344.1,NC_032666.1,48074106,50774689,50774690,t,ta,1
NC_037344.1,NC_032666.1,48145978,50844284,50844285,a,ac,1
NC_037344.1,NC_032666.1,48145983,50844290,50844291,g,gt,1
NC_037344.1,NC_032666.1,48150878,50849186,50849187,A,AW,1
NC_037344.1,NC_032666.1,48260833,50959114,50959115,c,ct,1
NC_037344.1,NC_032666.1,48585266,51296824,51296825,a,ag,1
NC_037344.1,NC_032666.1,48745096,51456290,51456291,A,AG,1
NC_037344.1,NC_032666.1,48745145,51456339,51456433,c,ccacccccatccccccaaCAAGGAAGGGCCCTTCCTGANNNNNNNNNNNNNNNNNNNNNNNNNNNNNNNNNNNNNNNNNNATCATGACGGATGTA,94
NC_037344.1,NC_032666.1,48965959,51668893,51668894,c,ct,1
NC_037344.1,NC_032666.1,49064431,51767365,51767367,a,aag,2
NC_037344.1,NC_032666.1,49208110,51911666,51911667,g,ga,1
NC_037344.1,NC_032666.1,49349215,52061602,52061604,a,aNN,2
NC_037344.1,NC_032666.1,49362907,52075296,52075297,C,CM,1
NC_037344.1,NC_032666.1,49402731,52115107,52115108,T,TK,1
NC_037344.1,NC_032666.1,49558422,52271872,52271873,t,tN,1
NC_037344.1,NC_032666.1,49778584,52469629,52469630,t,ta,1
NC_037344.1,NC_032666.1,49933675,52725185,52725186,a,ac,1
NC_037344.1,NC_032666.1,50056164,52850848,52850850,t,tac,2
NC_037344.1,NC_032666.1,50292840,53087756,53087757,c,ca,1
NC_037344.1,NC_032666.1,50292855,53087772,53087773,t,ta,1
NC_037344.1,NC_032666.1,50377352,53171924,53171926,c,cga,2
NC_037344.1,NC_032666.1,50529584,53348717,53348718,G,GS,1
NC_037344.1,NC_032666.1,50538048,53357182,53357183,t,ta,1
NC_037344.1,NC_032666.1,50649586,53468558,53468559,t,ta,1
NC_037344.1,NC_032666.1,50696042,53526502,53526503,T,TG,1
NC_037344.1,NC_032666.1,50923180,53763796,53763797,a,at,1
NC_037344.1,NC_032666.1,50930771,53771389,53771392,a,aatg,3
NC_037344.1,NC_032666.1,51067575,53905994,53905995,G,GW,1
NC_037344.1,NC_032666.1,51167018,54005689,54005690,g,gc,1
NC_037344.1,NC_032666.1,51310394,54150528,54150529,t,tc,1
NC_037344.1,NC_032666.1,51574477,54236275,54236276,t,tg,1
NC_037344.1,NC_032666.1,51575154,54236953,54236954,t,ta,1
NC_037344.1,NC_032666.1,51688227,54350036,54350037,C,CT,1
NC_037344.1,NC_032666.1,51976198,54639014,54639015,t,ta,1
NC_037344.1,NC_032666.1,52022147,54685541,54685542,T,TA,1
NC_037344.1,NC_032666.1,52053602,54716997,54716998,G,GA,1
NC_037344.1,NC_032666.1,52053605,54717001,54717002,A,AG,1
NC_037344.1,NC_032666.1,52405075,55067712,55067713,C,CT,1
NC_037344.1,NC_032666.1,52446631,55109271,55109272,G,GT,1
NC_037344.1,NC_032666.1,52516176,55178848,55178849,G,GN,1
NC_037344.1,NC_032666.1,52550603,55213226,55213227,G,GC,1
NC_037344.1,NC_032666.1,52738460,55403945,55403946,C,CA,1
NC_037344.1,NC_032666.1,52783012,55451151,55451152,c,ca,1
NC_037344.1,NC_032666.1,52824366,55492508,55492509,t,tg,1
NC_037344.1,NC_032666.1,53006492,55674594,55674595,A,AG,1
NC_037344.1,NC_032666.1,53023938,55704116,55704120,a,agggt,4
NC_037344.1,NC_032666.1,53081652,55761837,55761838,C,CG,1
NC_037344.1,NC_032666.1,53269245,55949486,55949487,A,AM,1
NC_037344.1,NC_032666.1,53284497,55964011,55964012,G,GC,1
NC_037344.1,NC_032666.1,53332093,56011148,56011149,A,AT,1
NC_037344.1,NC_032666.1,53358993,56037786,56037787,G,GR,1
NC_037344.1,NC_032666.1,53594236,56328828,56328829,T,TG,1
NC_037344.1,NC_032666.1,53595004,56329597,56329598,T,TC,1
NC_037344.1,NC_032666.1,53610423,56345018,56345019,c,ca,1
NC_037344.1,NC_032666.1,54015221,56750665,56750666,t,tc,1
NC_037344.1,NC_032666.1,54045145,56780581,56780582,t,tg,1
NC_037344.1,NC_032666.1,54192356,56958363,56958364,G,GT,1
NC_037344.1,NC_032666.1,54192362,56958370,56958371,T,TC,1
NC_037344.1,NC_032666.1,54261674,57027540,57027541,t,tc,1
NC_037344.1,NC_032666.1,54471989,57236322,57236323,A,AT,1
NC_037344.1,NC_032666.1,54490823,57255173,57255174,T,TA,1
NC_037344.1,NC_032666.1,54492374,57256729,57256730,T,TS,1
NC_037344.1,NC_032666.1,54612525,57376892,57376893,T,TA,1
NC_037344.1,NC_032666.1,54716672,57526628,57526629,A,AG,1
NC_037344.1,NC_032666.1,54733308,57543264,57543265,t,ta,1
NC_037344.1,NC_032666.1,54819140,57628565,57628566,C,CS,1
NC_037344.1,NC_032666.1,54845282,57654751,57654759,t,tacacacac,8
NC_037344.1,NC_032666.1,54845322,57654799,57654801,c,cat,2
NC_037344.1,NC_032666.1,54911429,57720913,57720914,A,AC,1
NC_037344.1,NC_032666.1,55086667,57896185,57896186,g,ga,1
NC_037344.1,NC_032666.1,55150588,57960383,57960384,t,ta,1
NC_037344.1,NC_032666.1,55233956,58043998,58044000,a,aag,2
NC_037344.1,NC_032666.1,55252292,58062335,58062338,G,GNNN,3
NC_037344.1,NC_032666.1,55307113,58207926,58207927,C,CY,1
NC_037344.1,NC_032666.1,55381778,58282622,58282624,A,ATT,2
NC_037344.1,NC_032666.1,55382986,58283843,58283846,c,caaa,3
NC_037344.1,NC_032666.1,55486216,58387084,58387104,C,CGTCCTTCTGGTNNNNNNNNN,20
NC_037344.1,NC_032666.1,55671041,58610732,58610737,t,tatatg,5
NC_037344.1,NC_032666.1,55700401,58640100,58640102,a,aNN,2
NC_037344.1,NC_032666.1,55720217,58659916,58659917,T,TC,1
NC_037344.1,NC_032666.1,55753649,58693373,58693374,C,CT,1
NC_037344.1,NC_032666.1,55759994,58699720,58699722,C,CGA,2
NC_037344.1,NC_032666.1,55765336,58705065,58705066,t,tc,1
NC_037344.1,NC_032666.1,55765665,58705395,58705398,G,GATC,3
NC_037344.1,NC_032666.1,55769026,58708759,58708761,C,CAS,2
NC_037344.1,NC_032666.1,55784821,58724111,58724112,G,GA,1
NC_037344.1,NC_032666.1,55826391,58765684,58765685,c,ct,1
NC_037344.1,NC_032666.1,55853882,58793182,58793184,a,aNN,2
NC_037344.1,NC_032666.1,55860008,58799310,58799312,t,tga,2
NC_037344.1,NC_032666.1,55890012,58829316,58829317,G,GC,1
NC_037344.1,NC_032666.1,55896636,58835939,58835940,A,AG,1
NC_037344.1,NC_032666.1,55912251,58851556,58851565,G,GCTTTGTGGT,9
NC_037344.1,NC_032666.1,56004602,58943885,58943886,G,GA,1
NC_037344.1,NC_032666.1,56008803,58948080,58948082,A,AAC,2
NC_037344.1,NC_032666.1,56014999,58954268,58954272,t,ttcac,4
NC_037344.1,NC_032666.1,56021270,58960545,58960601,T,TGTTAATTACACCTCAgttgaaataaatgaagattttttaaagatatctaTCATAGN,56
NC_037344.1,NC_032666.1,56086333,59025646,59025647,t,ta,1
NC_037344.1,NC_032666.1,56097166,59036480,59036481,A,AG,1
NC_037344.1,NC_032666.1,56113767,59053082,59053083,a,at,1
NC_037344.1,NC_032666.1,56130611,59069931,59069932,g,ga,1
NC_037344.1,NC_032666.1,56145969,59085288,59085289,A,AR,1
NC_037344.1,NC_032666.1,56150510,59089830,59089831,A,AC,1
NC_037344.1,NC_032666.1,56154441,59093763,59093764,A,AW,1
NC_037344.1,NC_032666.1,56205784,59145186,59145187,a,at,1
NC_037344.1,NC_032666.1,56408219,59348606,59348607,g,gt,1
NC_037344.1,NC_032666.1,56665437,59485690,59485692,c,cca,2
NC_037344.1,NC_032666.1,56671993,59492249,59492251,t,tcc,2
NC_037344.1,NC_032666.1,56672857,59493115,59493116,g,gt,1
NC_037344.1,NC_032666.1,56673014,59493273,59493275,a,act,2
NC_037344.1,NC_032666.1,56851084,59764111,59764112,c,ca,1
NC_037344.1,NC_032666.1,56853724,59766752,59766753,T,TC,1
NC_037344.1,NC_032666.1,56902035,59815095,59815097,t,tca,2
NC_037344.1,NC_032666.1,56904349,59817423,59817424,G,GA,1
NC_037344.1,NC_032666.1,57090614,60005978,60005979,t,tc,1
NC_037344.1,NC_032666.1,57115852,60031647,60031648,T,TC,1
NC_037344.1,NC_032666.1,57171093,60088757,60088759,t,tcc,2
NC_037344.1,NC_032666.1,57244295,60199881,60199882,t,tg,1
NC_037344.1,NC_032666.1,57296070,60257293,60257294,A,AT,1
NC_037344.1,NC_032666.1,57347304,60308443,60308444,C,CY,1
NC_037344.1,NC_032666.1,57524694,60519120,60519122,C,CTT,2
NC_037344.1,NC_032666.1,57526055,60520484,60520485,A,AT,1
NC_037344.1,NC_032666.1,57526841,60521271,60521272,t,tc,1
NC_037344.1,NC_032666.1,57562154,60556590,60556591,T,TA,1
NC_037344.1,NC_032666.1,57641928,60725630,60725631,T,TC,1
NC_037344.1,NC_032666.1,57653062,60736768,60736771,T,TTTG,3
NC_037344.1,NC_032666.1,57665665,60749373,60749374,T,TC,1
NC_037344.1,NC_032666.1,57665665,60784245,60784246,T,TC,1
NC_037344.1,NC_032666.1,57681700,60800282,60800283,G,GC,1
NC_037344.1,NC_032666.1,57691269,60809863,60809864,C,CM,1
NC_037344.1,NC_032666.1,57696351,60814948,60814950,T,TWG,2
NC_037344.1,NC_032666.1,57701526,60820125,60820126,G,GC,1
NC_037344.1,NC_032666.1,57712101,60830702,60830709,a,agcagagt,7
NC_037344.1,NC_032666.1,57712392,60831000,60831001,T,TY,1
NC_037344.1,NC_032666.1,57749717,60868335,60868336,c,cS,1
NC_037344.1,NC_032666.1,57760235,60878850,60878851,G,GT,1
NC_037344.1,NC_032666.1,57777584,60896187,60896189,a,acW,2
NC_037344.1,NC_032666.1,57780696,60899302,60899303,t,tY,1
NC_037344.1,NC_032666.1,57792551,60911401,60911402,t,tY,1
NC_037344.1,NC_032666.1,57859229,60977998,60978000,c,cag,2
NC_037344.1,NC_032666.1,57886266,61005372,61005374,g,gaa,2
NC_037344.1,NC_032666.1,57944888,61063888,61063889,G,GT,1
NC_037344.1,NC_032666.1,58030030,61151064,61151065,A,AC,1
NC_037344.1,NC_032666.1,58030799,61151834,61151835,T,TA,1
NC_037344.1,NC_032666.1,58042930,61163967,61163973,a,ataaaat,6
NC_037344.1,NC_032666.1,58136573,61258317,61258319,t,ttg,2
NC_037344.1,NC_032666.1,58142205,61263952,61263954,C,CAA,2
NC_037344.1,NC_032666.1,58142804,61264553,61264554,T,TC,1
NC_037344.1,NC_032666.1,58177623,61299362,61299363,t,tg,1
NC_037344.1,NC_032666.1,58337026,61443305,61443306,T,TS,1
NC_037344.1,NC_032666.1,58340071,61446351,61446352,c,ct,1
NC_037344.1,NC_032666.1,58391709,61498107,61498108,A,AT,1
NC_037344.1,NC_032666.1,58402593,61508988,61508989,T,TK,1
NC_037344.1,NC_032666.1,58405671,61512067,61512068,G,GT,1
NC_037344.1,NC_032666.1,58465474,61571872,61571873,T,TC,1
NC_037344.1,NC_032666.1,58534014,61641997,61641998,C,CM,1
NC_037344.1,NC_032666.1,58544338,61652322,61652323,C,CA,1
NC_037344.1,NC_032666.1,58618405,61726579,61726580,c,ct,1
NC_037344.1,NC_032666.1,58639616,61747791,61747792,T,TG,1
NC_037344.1,NC_032666.1,58700153,61808344,61808348,G,GTACR,4
NC_037344.1,NC_032666.1,58808971,61917168,61917172,C,CTGTT,4
NC_037344.1,NC_032666.1,58824997,61933199,61933200,g,ga,1
NC_037344.1,NC_032666.1,58929021,62037249,62037250,C,CA,1
NC_037344.1,NC_032666.1,58929366,62037399,62037400,C,CY,1
NC_037344.1,NC_032666.1,58933693,62041727,62041728,G,GY,1
NC_037344.1,NC_032666.1,58956349,62064344,62064348,g,gtata,4
NC_037344.1,NC_032666.1,58959513,62067517,62067518,c,ca,1
NC_037344.1,NC_032666.1,58963243,62071250,62071251,G,GA,1
NC_037344.1,NC_032666.1,59015379,62123389,62123392,T,TGTC,3
NC_037344.1,NC_032666.1,59035845,62143858,62143859,a,at,1
NC_037344.1,NC_032666.1,59218294,62329778,62329779,c,ca,1
NC_037344.1,NC_032666.1,59267865,62378152,62378153,t,ta,1
NC_037344.1,NC_032666.1,59385214,62492815,62492816,c,ct,1
NC_037344.1,NC_032666.1,59412845,62520455,62520462,G,GTGCTACT,7
NC_037344.1,NC_032666.1,59425690,62533328,62533329,C,CM,1
NC_037344.1,NC_032666.1,59485923,62593552,62593553,T,TC,1
NC_037344.1,NC_032666.1,59540470,62648060,62648063,A,ACAT,3
NC_037344.1,NC_032666.1,59553645,62661240,62661241,G,GT,1
NC_037344.1,NC_032666.1,59562915,62670516,62670517,t,ta,1
NC_037344.1,NC_032666.1,59570476,62678080,62678081,a,at,1
NC_037344.1,NC_032666.1,59603897,62711339,62711340,a,at,1
NC_037344.1,NC_032666.1,59610094,62717537,62717538,a,ac,1
NC_037344.1,NC_032666.1,59638142,62745587,62745588,t,ta,1
NC_037344.1,NC_032666.1,59651045,62758492,62758494,g,gac,2
NC_037344.1,NC_032666.1,59857842,62991818,62991825,g,ggggcaca,7
NC_037344.1,NC_032666.1,59909473,63043463,63043464,t,ta,1
NC_037344.1,NC_032666.1,59910863,63044854,63044856,a,atc,2
NC_037344.1,NC_032666.1,59914525,63048518,63048519,A,AM,1
NC_037344.1,NC_032666.1,59922338,63056327,63056341,a,aNNNNNNNNNNNNNN,14
NC_037344.1,NC_032666.1,60103152,63313310,63313311,A,AW,1
NC_037344.1,NC_032666.1,60107305,63317232,63317233,C,CY,1
NC_037344.1,NC_032666.1,60127324,63337252,63337253,a,at,1
NC_037344.1,NC_032666.1,60134077,63344005,63344009,C,CGTCG,4
NC_037344.1,NC_032666.1,60135116,63345048,63345049,C,CG,1
NC_037344.1,NC_032666.1,60233410,63443019,63443020,c,ct,1
NC_037344.1,NC_032666.1,60257536,63467147,63467171,G,GCGCTGTGCTCNNNNNNNNNNNNNN,24
NC_037344.1,NC_032666.1,60257836,63467471,63467473,G,GTT,2
NC_037344.1,NC_032666.1,60282033,63491673,63491676,a,actC,3
NC_037344.1,NC_032666.1,60381770,63591505,63591509,g,gtgac,4
NC_037344.1,NC_032666.1,60397320,63607052,63607053,c,ca,1
NC_037344.1,NC_032666.1,60798406,64005532,64005533,g,gc,1
NC_037344.1,NC_032666.1,61031919,64237924,64237926,T,TTG,2
NC_037344.1,NC_032666.1,61063077,64269084,64269086,G,GNN,2
NC_037344.1,NC_032666.1,61063319,64269325,64269326,C,CG,1
NC_037344.1,NC_032666.1,61115405,64321494,64321520,a,aNNNNNNNNNNNNNNNNNNNNNNNNNN,26
NC_037344.1,NC_032666.1,61144202,64350311,64350312,a,aM,1
NC_037344.1,NC_032666.1,61157702,64363811,64363812,G,GS,1
NC_037344.1,NC_032666.1,61609493,64829166,64829167,t,ta,1
NC_037344.1,NC_032666.1,61708647,64928320,64928321,A,AG,1
NC_037344.1,NC_032666.1,61712587,64932263,64932264,t,ta,1
NC_037344.1,NC_032666.1,61876406,65108715,65108716,T,TW,1
NC_037344.1,NC_032666.1,61917932,65150258,65150259,T,TC,1
NC_037344.1,NC_032666.1,62021663,65253992,65253999,G,GATTAGCA,7
NC_037344.1,NC_032666.1,62047347,65278726,65278727,a,at,1
NC_037344.1,NC_032666.1,62055620,65286986,65286987,C,CA,1
NC_037344.1,NC_032666.1,62102450,65334399,65334400,C,CA,1
NC_037344.1,NC_032666.1,62115458,65347409,65347411,a,agg,2
NC_037344.1,NC_032666.1,62212093,65440687,65440689,C,CTT,2
NC_037344.1,NC_032666.1,62212508,65441104,65441105,G,GC,1
NC_037344.1,NC_032666.1,62212557,65441154,65441155,C,CA,1
NC_037344.1,NC_032666.1,62213477,65441803,65441804,C,CA,1
NC_037344.1,NC_032666.1,62213795,65442122,65442126,A,AGTTT,4
NC_037344.1,NC_032666.1,62214334,65442659,65442660,C,CA,1
NC_037344.1,NC_032666.1,62214367,65442693,65442694,a,at,1
NC_037344.1,NC_032666.1,62230766,65459087,65459093,c,ccagcag,6
NC_037344.1,NC_032666.1,62300245,65572576,65572590,A,ACCGCACAGGGGCTG,14
NC_037344.1,NC_032666.1,62333054,65605206,65605207,t,ta,1
NC_037344.1,NC_032666.1,62352484,65624428,65624429,A,AC,1
NC_037344.1,NC_032666.1,62378648,65651322,65651323,a,aW,1
NC_037344.1,NC_032666.1,62414917,65688072,65688075,a,aaag,3
NC_037344.1,NC_032666.1,62416350,65689509,65689510,T,TY,1
NC_037344.1,NC_032666.1,62483285,65756556,65756564,a,agtgtgtgt,8
NC_037344.1,NC_032666.1,62485042,65758321,65758323,C,CCA,2
NC_037344.1,NC_032666.1,62490638,65763909,65763913,C,CAGAG,4
NC_037344.1,NC_032666.1,62545525,65818736,65818738,c,ctg,2
NC_037344.1,NC_032666.1,62615072,65888243,65888244,C,CY,1
NC_037344.1,NC_032666.1,62635353,65908416,65908418,a,aNN,2
NC_037344.1,NC_032666.1,62706007,65979058,65979059,C,CG,1
NC_037344.1,NC_032666.1,62707662,65980714,65980715,A,AY,1
NC_037344.1,NC_032666.1,62794428,66067460,66067461,C,CA,1
NC_037344.1,NC_032666.1,62947735,66237960,66237961,G,GW,1
NC_037344.1,NC_032666.1,62947787,66238013,66238014,G,GT,1
NC_037344.1,NC_032666.1,63002591,66296063,66296064,g,gc,1
NC_037344.1,NC_032666.1,63065229,66358704,66358709,C,CGTTAA,5
NC_037344.1,NC_032666.1,63127271,66420272,66420274,a,aNN,2
NC_037344.1,NC_032666.1,63174212,66467286,66467287,C,CT,1
NC_037344.1,NC_032666.1,63187461,66480533,66480558,C,CACGGGACACGGTCTGGGGAGAGGGA,25
NC_037344.1,NC_032666.1,63269611,66562709,66562710,A,AR,1
NC_037344.1,NC_032666.1,63347846,66640984,66640985,C,CA,1
NC_037344.1,NC_032666.1,63431498,66724653,66724655,G,GAA,2
NC_037344.1,NC_032666.1,63534898,66826692,66826693,C,CG,1
NC_037344.1,NC_032666.1,63623521,66915912,66915913,C,CY,1
NC_037344.1,NC_032666.1,63710892,67003225,67003226,G,GS,1
NC_037344.1,NC_032666.1,63718116,67010445,67010446,G,GC,1
NC_037344.1,NC_032666.1,63724856,67017184,67017188,C,CAGTG,4
NC_037344.1,NC_032666.1,63753463,67045785,67045793,g,gtgtatata,8
NC_037344.1,NC_032666.1,63763741,67056073,67056074,C,CY,1
NC_037344.1,NC_032666.1,63778037,67070334,67070335,a,ag,1
NC_037344.1,NC_032666.1,63778041,67070339,67070340,c,ca,1
NC_037344.1,NC_032666.1,63786257,67078561,67078565,c,caata,4
NC_037344.1,NC_032666.1,63786934,67079242,67079243,a,at,1
NC_037344.1,NC_032666.1,63795120,67087428,67087429,G,GR,1
NC_037344.1,NC_032666.1,63803194,67095524,67095525,c,ca,1
NC_037344.1,NC_032666.1,63808007,67100337,67100338,G,GT,1
NC_037344.1,NC_032666.1,63858822,67151185,67151186,G,GY,1
NC_037344.1,NC_032666.1,63858867,67151231,67151232,C,CA,1
NC_037344.1,NC_032666.1,63859193,67151559,67151560,T,TG,1
NC_037344.1,NC_032666.1,63927630,67220000,67220001,C,CG,1
NC_037344.1,NC_032666.1,63983305,67274548,67274549,C,CT,1
NC_037344.1,NC_032666.1,63987147,67278440,67278441,t,ta,1
NC_037344.1,NC_032666.1,63988673,67279967,67279968,G,GC,1
NC_037344.1,NC_032666.1,64002779,67293666,67293668,t,tta,2
NC_037344.1,NC_032666.1,64020472,67311358,67311359,T,TG,1
NC_037344.1,NC_032666.1,64043689,67334581,67334582,G,GY,1
NC_037344.1,NC_032666.1,64047999,67338890,67338891,A,AR,1
NC_037344.1,NC_032666.1,64076380,67367273,67367274,C,CT,1
NC_037344.1,NC_032666.1,64100340,67391038,67391039,g,gt,1
NC_037344.1,NC_032666.1,64282594,67572957,67572958,A,AW,1
NC_037344.1,NC_032666.1,64316338,67606964,67606981,G,GCTGGAGGACTTGGGGGA,17
NC_037344.1,NC_032666.1,64318592,67609235,67609236,G,GS,1
NC_037344.1,NC_032666.1,64424656,67780717,67780723,T,TAATTAA,6
NC_037344.1,NC_032666.1,64428158,67784228,67784229,c,ct,1
NC_037344.1,NC_032666.1,64432523,67788595,67788596,t,ta,1
NC_037344.1,NC_032666.1,64465968,67913584,67913585,c,ct,1
NC_037344.1,NC_032666.1,64470087,67917695,67917699,C,CTCAS,4
NC_037344.1,NC_032666.1,64475152,67922769,67922770,a,ac,1
NC_037344.1,NC_032666.1,64482956,67930567,67930573,T,TTAATAA,6
NC_037344.1,NC_032666.1,64485231,67932875,67932876,T,TG,1
NC_037344.1,NC_032666.1,64486372,67934018,67934020,A,AAG,2
NC_037344.1,NC_032666.1,64486396,67934044,67934045,T,TC,1
NC_037344.1,NC_032666.1,64514510,67962154,67962157,g,gaac,3
NC_037344.1,NC_032666.1,64604944,68054889,68054890,A,AC,1
NC_037344.1,NC_032666.1,64614998,68064945,68064946,c,ca,1
NC_037344.1,NC_032666.1,64615997,68065945,68065953,t,tttttttta,8
NC_037344.1,NC_032666.1,64623452,68073405,68073409,C,CACTT,4
NC_037344.1,NC_032666.1,64631538,68080189,68080194,G,GACACT,5
NC_037344.1,NC_032666.1,64631541,68080197,68080209,G,GAAGGATGTTCAC,12
NC_037344.1,NC_032666.1,64639564,68088234,68088235,A,AR,1
NC_037344.1,NC_032666.1,64653572,68103799,68103802,T,TAAA,3
NC_037344.1,NC_032666.1,64655094,68105320,68105323,c,caca,3
NC_037344.1,NC_032666.1,64829328,68280998,68280999,C,CG,1
NC_037344.1,NC_032666.1,64898380,68345768,68345769,T,TC,1
NC_037344.1,NC_032666.1,64902791,68350180,68350181,A,AG,1
NC_037344.1,NC_032666.1,64913233,68360619,68360620,C,CG,1
NC_037344.1,NC_032666.1,64947118,68394527,68394528,G,GC,1
NC_037344.1,NC_032666.1,64974700,68422111,68422112,c,ca,1
NC_037344.1,NC_032666.1,64975411,68422823,68422824,G,GT,1
NC_037344.1,NC_032666.1,64994412,68441828,68441831,C,CGAG,3
NC_037344.1,NC_032666.1,64996659,68444111,68444113,G,GGT,2
NC_037344.1,NC_032666.1,65010864,68461276,68461277,G,GT,1
NC_037344.1,NC_032666.1,65045834,68496248,68496352,G,GTNNNNNNNNNNNNNNNNNNNNNNNNNNNNNNNNNNNNNNNNNNNNNNNNNNNNNNNNNNNNNNNNNNNNNNNNNNNNNNNNNNNNNNNNNNNNNNNNNNNNNNN,104
NC_037344.1,NC_032666.1,65127391,68577828,68577829,T,TG,1
NC_037344.1,NC_032666.1,65168725,68619303,68619304,A,AT,1
NC_037344.1,NC_032666.1,65169734,68620310,68620311,T,TA,1
NC_037344.1,NC_032666.1,65176907,68620956,68620967,a,atatataNNNNN,11
NC_037344.1,NC_032666.1,65198089,68642167,68642168,t,ta,1
NC_037344.1,NC_032666.1,65228075,68672165,68672167,G,GGK,2
NC_037344.1,NC_032666.1,65247337,68691426,68691430,G,GGTTR,4
NC_037344.1,NC_032666.1,65252858,68696959,68696960,C,CA,1
NC_037344.1,NC_032666.1,65254246,68698348,68698352,T,TAATY,4
NC_037344.1,NC_032666.1,65295585,68739693,68739694,C,CT,1
NC_037344.1,NC_032666.1,65335370,68779478,68779479,a,ac,1
NC_037344.1,NC_032666.1,65383082,68823828,68823829,A,AT,1
NC_037344.1,NC_032666.1,65402901,68844267,68844268,g,gt,1
NC_037344.1,NC_032666.1,65468414,68909649,68909650,C,CT,1
NC_037344.1,NC_032666.1,65473360,68914596,68914597,C,CA,1
NC_037344.1,NC_032666.1,65560280,69001538,69001540,T,TGC,2
NC_037344.1,NC_032666.1,65560386,69001646,69001648,T,TGC,2
NC_037344.1,NC_032666.1,65566568,69007827,69007830,G,GGGT,3
NC_037344.1,NC_032666.1,65571903,69013153,69013154,C,CA,1
NC_037344.1,NC_032666.1,65572010,69013261,69013262,G,GA,1
NC_037344.1,NC_032666.1,65573447,69014699,69014700,G,GR,1
NC_037344.1,NC_032666.1,65619053,69060306,69060307,c,cg,1
NC_037344.1,NC_032666.1,65661339,69102598,69102599,g,gt,1
NC_037344.1,NC_032666.1,65666373,69107635,69107638,A,ATCG,3
NC_037344.1,NC_032666.1,65740683,69183521,69183522,A,AR,1
NC_037344.1,NC_032666.1,65903854,69346687,69346688,a,at,1
NC_037344.1,NC_032666.1,65956659,69399492,69399493,A,AG,1
NC_037344.1,NC_032666.1,65959567,69402394,69402395,c,ct,1
NC_037344.1,NC_032666.1,65959946,69402774,69402775,T,TG,1
NC_037344.1,NC_032666.1,65963094,69405926,69405928,C,CTT,2
NC_037344.1,NC_032666.1,66020212,69463044,69463045,G,GC,1
NC_037344.1,NC_032666.1,66020274,69463107,69463108,G,GC,1
NC_037344.1,NC_032666.1,66020294,69463128,69463129,G,GC,1
NC_037344.1,NC_032666.1,66021427,69464261,69464266,g,ggaaaa,5
NC_037344.1,NC_032666.1,66054669,69494509,69494510,C,CT,1
NC_037344.1,NC_032666.1,66095530,69534935,69534936,T,TK,1
NC_037344.1,NC_032666.1,66098786,69538192,69538197,G,GACAAA,5
NC_037344.1,NC_032666.1,66108276,69547737,69547738,G,GN,1
NC_037344.1,NC_032666.1,66138433,69577895,69577896,C,CY,1
NC_037344.1,NC_032666.1,66147467,69586873,69586874,g,gc,1
NC_037344.1,NC_032666.1,66164140,69603555,69603557,A,AAC,2
NC_037344.1,NC_032666.1,66169987,69609587,69609588,C,CN,1
NC_037344.1,NC_032666.1,66171147,69610748,69610750,G,GCA,2
NC_037344.1,NC_032666.1,66205588,69657321,69657322,c,cg,1
NC_037344.1,NC_032666.1,66222000,69673712,69673714,C,CAT,2
NC_037344.1,NC_032666.1,66272417,69725187,69725188,G,GR,1
NC_037344.1,NC_032666.1,66346429,69799807,69799808,G,GA,1
NC_037344.1,NC_032666.1,66354942,69807736,69807739,t,ttta,3
NC_037344.1,NC_032666.1,66358061,69810855,69810856,C,CY,1
NC_037344.1,NC_032666.1,66363524,69816321,69816323,T,TTC,2
NC_037344.1,NC_032666.1,66364493,69817292,69817293,g,gt,1
NC_037344.1,NC_032666.1,66370538,69823340,69823345,c,cctttt,5
NC_037344.1,NC_032666.1,66436143,69831801,69831802,c,ct,1
NC_037344.1,NC_032666.1,66529653,69924609,69924610,C,CY,1
NC_037344.1,NC_032666.1,66535113,69930071,69930072,T,TY,1
NC_037344.1,NC_032666.1,66582245,70022271,70022272,G,GS,1
NC_037344.1,NC_032666.1,66583757,70023784,70023785,A,AC,1
NC_037344.1,NC_032666.1,66589177,70029157,70029158,c,ct,1
NC_037344.1,NC_032666.1,66593415,70035768,70035770,A,ACT,2
NC_037344.1,NC_032666.1,66596721,70039076,70039078,a,att,2
NC_037344.1,NC_032666.1,66647854,70090245,70090246,a,at,1
NC_037344.1,NC_032666.1,66790927,70233357,70233358,c,cM,1
NC_037344.1,NC_032666.1,66791660,70234091,70234092,T,TY,1
NC_037344.1,NC_032666.1,66814871,70257259,70257261,C,CAG,2
NC_037344.1,NC_032666.1,66822181,70264571,70264576,A,AGTYGT,5
NC_037344.1,NC_032666.1,66823418,70265813,70265814,t,tN,1
NC_037344.1,NC_032666.1,66824517,70266913,70266914,T,TG,1
NC_037344.1,NC_032666.1,66831252,70273656,70273657,G,GR,1
NC_037344.1,NC_032666.1,66861145,70303553,70303554,c,ct,1
NC_037344.1,NC_032666.1,66924673,70379096,70379097,t,ta,1
NC_037344.1,NC_032666.1,67043359,70509821,70509822,c,ca,1
NC_037344.1,NC_032666.1,67071179,70453044,70453045,G,GC,1
NC_037344.1,NC_032666.1,67071179,70536160,70536161,G,GC,1
NC_037344.1,NC_032666.1,67072555,70537537,70537538,T,TY,1
NC_037344.1,NC_032666.1,67125879,70606537,70606538,G,GC,1
NC_037344.1,NC_032666.1,67149513,70630172,70630173,G,GA,1
NC_037344.1,NC_032666.1,67247674,70732698,70732699,T,TG,1
NC_037344.1,NC_032666.1,67324821,70809840,70809844,A,ATAAG,4
NC_037344.1,NC_032666.1,67484009,70968638,70968660,G,GGGNNNNNNNNNNNNNNNNNNNN,22
NC_037344.1,NC_032666.1,67505357,70990008,70990009,A,AR,1
NC_037344.1,NC_032666.1,67609556,71094213,71094215,g,gtt,2
NC_037344.1,NC_032666.1,67645282,71129998,71129999,C,CA,1
NC_037344.1,NC_032666.1,67774140,71282951,71282952,A,AC,1
NC_037344.1,NC_032666.1,67792722,71301534,71301536,T,TAA,2
NC_037344.1,NC_032666.1,67817672,71326531,71326536,g,gcttct,5
NC_037344.1,NC_032666.1,67991081,71525270,71525271,C,CT,1
NC_037344.1,NC_032666.1,68004859,71538857,71538858,T,TW,1
NC_037344.1,NC_032666.1,68008788,71542788,71542789,t,ta,1
NC_037344.1,NC_032666.1,68029045,71563064,71563065,g,ga,1
NC_037344.1,NC_032666.1,68252861,71693031,71693032,G,GS,1
NC_037344.1,NC_032666.1,68258820,71699204,71699205,A,AG,1
NC_037344.1,NC_032666.1,68307528,71747112,71747123,T,TTTCTCTTTCCA,11
NC_037344.1,NC_032666.1,68320445,71764532,71764533,g,ga,1
NC_037344.1,NC_032666.1,68426299,71882076,71882077,C,CT,1
NC_037344.1,NC_032666.1,68472563,71927003,71927004,C,CG,1
NC_037344.1,NC_032666.1,68496175,71950614,71950619,c,ccagaa,5
NC_037344.1,NC_032666.1,68505468,71959913,71959914,T,TG,1
NC_037344.1,NC_032666.1,68506134,71960581,71960584,t,tatg,3
NC_037344.1,NC_032666.1,68618434,72073738,72073739,T,TG,1
NC_037344.1,NC_032666.1,68649685,72105138,72105139,t,ta,1
NC_037344.1,NC_032666.1,68684631,72140087,72140088,A,AT,1
NC_037344.1,NC_032666.1,68692663,72148121,72148122,C,CA,1
NC_037344.1,NC_032666.1,68695780,72151240,72151241,T,TA,1
NC_037344.1,NC_032666.1,68714996,72170841,72170842,C,CY,1
NC_037344.1,NC_032666.1,68726645,72182494,72182496,c,cat,2
NC_037344.1,NC_032666.1,68786997,72285608,72285609,A,AG,1
NC_037344.1,NC_032666.1,68855856,72354345,72354346,T,TC,1
NC_037344.1,NC_032666.1,68880683,72379176,72379177,a,at,1
NC_037344.1,NC_032666.1,68957846,72456383,72456406,c,caactctttgtgtgaggtggccaa,23
NC_037344.1,NC_032666.1,68958487,72457048,72457050,g,gta,2
NC_037344.1,NC_032666.1,68976263,72474828,72474829,A,AC,1
NC_037344.1,NC_032666.1,68993959,72492775,72492786,G,GGATAATACGTT,11
NC_037344.1,NC_032666.1,69011230,72509964,72509965,T,TC,1
NC_037344.1,NC_032666.1,69064780,72563525,72563526,T,TA,1
NC_037344.1,NC_032666.1,69080565,72579313,72579315,C,CGA,2
NC_037344.1,NC_032666.1,69131244,72629993,72629994,t,tW,1
NC_037344.1,NC_032666.1,69155767,72654523,72654534,C,CAATAAATTGTT,11
NC_037344.1,NC_032666.1,69189431,72688115,72688117,T,TAC,2
NC_037344.1,NC_032666.1,69209779,72708283,72708284,g,ga,1
NC_037344.1,NC_032666.1,69209783,72708288,72708289,g,gt,1
NC_037344.1,NC_032666.1,69267433,72765808,72765809,C,CS,1
NC_037344.1,NC_032666.1,69275564,72773942,72773943,G,GT,1
NC_037344.1,NC_032666.1,69372690,72871087,72871088,G,GA,1
NC_037344.1,NC_032666.1,69374519,72872917,72872918,T,TA,1
NC_037344.1,NC_032666.1,69381789,72880188,72880189,G,GS,1
NC_037344.1,NC_032666.1,69459685,72957915,72957916,A,AG,1
NC_037344.1,NC_032666.1,69459700,72957931,72957932,G,GC,1
NC_037344.1,NC_032666.1,69459730,72957961,72957962,C,CA,1
NC_037344.1,NC_032666.1,69459860,72958090,72958091,A,AG,1
NC_037344.1,NC_032666.1,69499727,72979571,72979572,C,CT,1
NC_037344.1,NC_032666.1,69509685,72989527,72989528,C,CS,1
NC_037344.1,NC_032666.1,69509887,72989732,72989733,A,AM,1
NC_037344.1,NC_032666.1,69536497,73016435,73016438,a,aaac,3
NC_037344.1,NC_032666.1,69536497,73020633,73020636,a,aaac,3
NC_037344.1,NC_032666.1,69536537,73016478,73016479,G,GT,1
NC_037344.1,NC_032666.1,69536537,73020676,73020677,G,GT,1
NC_037344.1,NC_032666.1,69615836,73100164,73100165,t,tg,1
NC_037344.1,NC_032666.1,69651111,73135445,73135446,a,at,1
NC_037344.1,NC_032666.1,69668193,73152519,73152525,a,acacacg,6
NC_037344.1,NC_032666.1,69711784,73164855,73164856,g,gc,1
NC_037344.1,NC_032666.1,69740093,73193170,73193171,G,GS,1
NC_037344.1,NC_032666.1,69740533,73193611,73193612,G,GR,1
NC_037344.1,NC_032666.1,69742347,73195427,73195428,a,at,1
NC_037344.1,NC_032666.1,69761191,73214324,73214326,t,tgg,2
NC_037344.1,NC_032666.1,69775385,73228617,73228618,A,AR,1
NC_037344.1,NC_032666.1,69783377,73236297,73236298,G,GT,1
NC_037344.1,NC_032666.1,69783834,73236756,73236757,C,CS,1
NC_037344.1,NC_032666.1,69815007,73267939,73267940,a,ag,1
NC_037344.1,NC_032666.1,69815018,73267951,73267952,c,ct,1
NC_037344.1,NC_032666.1,69821310,73274245,73274246,C,CM,1
NC_037344.1,NC_032666.1,69881198,73334142,73334144,C,CTG,2
NC_037344.1,NC_032666.1,69894894,73347839,73347845,t,taatata,6
NC_037344.1,NC_032666.1,69898069,73351020,73351021,g,gc,1
NC_037344.1,NC_032666.1,69929712,73382464,73382468,t,tacac,4
NC_037344.1,NC_032666.1,70112932,73565445,73565447,a,aaN,2
NC_037344.1,NC_032666.1,70230793,73682932,73682933,a,at,1
NC_037344.1,NC_032666.1,70651404,74020349,74020350,A,AG,1
NC_037344.1,NC_032666.1,70653727,74022679,74022680,t,ta,1
NC_037344.1,NC_032666.1,70659774,74028687,74028702,T,TGGTATGCAGTTTCCC,15
NC_037344.1,NC_032666.1,70661402,74030333,74030335,t,tgg,2
NC_037344.1,NC_032666.1,70661902,74030835,74030836,T,TC,1
NC_037344.1,NC_032666.1,70668219,74036055,74036056,g,gc,1
NC_037344.1,NC_032666.1,70668697,74036534,74036539,C,CGAGta,5
NC_037344.1,NC_032666.1,70689470,74057311,74057312,T,TG,1
NC_037344.1,NC_032666.1,70690129,74057970,74057971,A,AG,1
NC_037344.1,NC_032666.1,70690660,74058493,74058495,G,GGC,2
NC_037344.1,NC_032666.1,70690779,74058613,74058614,a,ag,1
NC_037344.1,NC_032666.1,70690800,74058636,74058637,a,at,1
NC_037344.1,NC_032666.1,70690947,74058783,74058784,g,gc,1
NC_037344.1,NC_032666.1,70691059,74058894,74058895,c,ct,1
NC_037344.1,NC_032666.1,70691511,74059344,74059345,g,ga,1
NC_037344.1,NC_032666.1,70691530,74059364,74059365,g,gc,1
NC_037344.1,NC_032666.1,70691595,74059430,74059431,c,ct,1
NC_037344.1,NC_032666.1,70691605,74059443,74059444,c,ct,1
NC_037344.1,NC_032666.1,70691624,74059463,74059464,t,tg,1
NC_037344.1,NC_032666.1,70691640,74059480,74059481,t,ta,1
NC_037344.1,NC_032666.1,70691665,74059506,74059507,c,ca,1
NC_037344.1,NC_032666.1,70691740,74059581,74059582,t,tc,1
NC_037344.1,NC_032666.1,70691760,74059602,74059603,g,gc,1
NC_037344.1,NC_032666.1,70691854,74059697,74059698,G,GC,1
NC_037344.1,NC_032666.1,70815796,74275017,74275018,T,TC,1
NC_037344.1,NC_032666.1,70860676,74097047,74097048,C,CA,1
NC_037344.1,NC_032666.1,70872983,74109353,74109354,C,CG,1
NC_037344.1,NC_032666.1,70873400,74109771,74109772,T,TG,1
NC_037344.1,NC_032666.1,70873457,74109828,74109829,C,CG,1
NC_037344.1,NC_032666.1,70873506,74109878,74109879,A,AG,1
NC_037344.1,NC_032666.1,70874110,74110482,74110483,A,AG,1
NC_037344.1,NC_032666.1,70874240,74110613,74110614,A,AG,1
NC_037344.1,NC_032666.1,70874346,74110720,74110721,A,AC,1
NC_037344.1,NC_032666.1,70874949,74111323,74111324,T,TG,1
NC_037344.1,NC_032666.1,70875174,74111549,74111550,G,GC,1
NC_037344.1,NC_032666.1,70875497,74111872,74111873,G,GT,1
NC_037344.1,NC_032666.1,70890323,74073856,74073858,T,TGA,2
NC_037344.1,NC_032666.1,70890556,74074090,74074091,T,TG,1
NC_037344.1,NC_032666.1,70891146,74074682,74074683,T,TG,1
NC_037344.1,NC_032666.1,70891746,74075283,74075284,G,GC,1
NC_037344.1,NC_032666.1,70892633,74076171,74076179,T,TAATCATGG,8
NC_037344.1,NC_032666.1,70895189,74078892,74078904,C,CTCCCTCTCTAAA,12
NC_037344.1,NC_032666.1,70896401,74080116,74080117,a,ac,1
NC_037344.1,NC_032666.1,70911051,74244943,74244944,C,CG,1
NC_037344.1,NC_032666.1,70916982,74250864,74250865,C,CT,1
NC_037344.1,NC_032666.1,70921637,74256428,74256429,T,TC,1
NC_037344.1,NC_032666.1,70925012,74259805,74259806,g,ga,1
NC_037344.1,NC_032666.1,70926470,74261264,74261265,t,tc,1
NC_037344.1,NC_032666.1,70970035,74306423,74306424,G,GA,1
NC_037344.1,NC_032666.1,70970060,74306449,74306453,C,CTATG,4
NC_037344.1,NC_032666.1,70975236,74311657,74311658,t,tg,1
NC_037344.1,NC_032666.1,70985871,74322295,74322296,t,tg,1
NC_037344.1,NC_032666.1,70986839,74323264,74323265,G,GT,1
NC_037344.1,NC_032666.1,70988002,74324428,74324429,g,ga,1
NC_037344.1,NC_032666.1,71001223,74337650,74337651,G,GC,1
NC_037344.1,NC_032666.1,71006231,74342659,74342660,A,AG,1
NC_037344.1,NC_032666.1,71075646,74410990,74410991,T,TA,1
NC_037344.1,NC_032666.1,71097593,74433115,74433116,T,TC,1
NC_037344.1,NC_032666.1,71123793,74458854,74458855,T,TK,1
NC_037344.1,NC_032666.1,71126354,74461416,74461421,T,TCTTGA,5
NC_037344.1,NC_032666.1,71127506,74462573,74462574,t,tg,1
NC_037344.1,NC_032666.1,71129195,74464263,74464264,G,GC,1
NC_037344.1,NC_032666.1,71131722,74466784,74466785,T,TG,1
NC_037344.1,NC_032666.1,71131753,74466816,74466817,T,TY,1
NC_037344.1,NC_032666.1,71132436,74467500,74467503,A,AGAC,3
NC_037344.1,NC_032666.1,71132548,74467615,74467616,A,AG,1
NC_037344.1,NC_032666.1,71132616,74467683,74467684,G,GA,1
NC_037344.1,NC_032666.1,71132730,74467797,74467800,G,GAAT,3
NC_037344.1,NC_032666.1,71132892,74467961,74467962,A,AR,1
NC_037344.1,NC_032666.1,71133473,74468542,74468544,g,gta,2
NC_037344.1,NC_032666.1,71133649,74468720,74468721,C,CT,1
NC_037344.1,NC_032666.1,71133919,74468990,74468993,t,tcgc,3
NC_037344.1,NC_032666.1,71135169,74470257,74470258,A,AC,1
NC_037344.1,NC_032666.1,71228008,74522778,74522779,C,CT,1
NC_037344.1,NC_032666.1,71279411,74575593,74575594,C,CS,1
NC_037344.1,NC_032666.1,71300078,74596468,74596469,A,AM,1
NC_037344.1,NC_032666.1,71332617,74629007,74629008,G,GT,1
NC_037344.1,NC_032666.1,71339090,74635481,74635482,t,tc,1
NC_037344.1,NC_032666.1,71419381,74660744,74660749,A,ATTAAC,5
NC_037344.1,NC_032666.1,71481273,74721740,74721744,A,AGCCT,4
NC_037344.1,NC_032666.1,71486537,74727021,74727022,G,GA,1
NC_037344.1,NC_032666.1,71486542,74727027,74727029,G,GGC,2
NC_037344.1,NC_032666.1,71487862,74728349,74728350,G,GC,1
NC_037344.1,NC_032666.1,71489352,74729840,74729841,C,CG,1
NC_037344.1,NC_032666.1,71495099,74738814,74738815,G,GA,1
NC_037344.1,NC_032666.1,71526014,74770657,74770658,c,ct,1
NC_037344.1,NC_032666.1,71565442,74810067,74810068,G,GC,1
NC_037344.1,NC_032666.1,71576587,74821213,74821214,G,GR,1
NC_037344.1,NC_032666.1,71599271,74843898,74843900,T,TAA,2
NC_037344.1,NC_032666.1,71707455,74951826,74951831,T,TTGACG,5
NC_037344.1,NC_032666.1,71727644,74971714,74971715,a,ag,1
NC_037344.1,NC_032666.1,71753307,74997959,74997960,G,GA,1
NC_037344.1,NC_032666.1,71783105,75027696,75027697,C,CS,1
NC_037344.1,NC_032666.1,71859694,75100001,75100002,A,AW,1
NC_037344.1,NC_032666.1,71878171,75118309,75118312,t,tctg,3
NC_037344.1,NC_032666.1,71889841,75129983,75129986,t,tata,3
NC_037344.1,NC_032666.1,71889889,75130034,75130035,c,ct,1
NC_037344.1,NC_032666.1,72058385,75286971,75286972,C,CG,1
NC_037344.1,NC_032666.1,72086799,75458008,75458009,G,GA,1
NC_037344.1,NC_032666.1,72167308,75537413,75537416,g,gggt,3
NC_037344.1,NC_032666.1,72305304,75671983,75671984,C,CA,1
NC_037344.1,NC_032666.1,72359536,75733365,75733366,t,ta,1
NC_037344.1,NC_032666.1,72446352,75829631,75829640,G,GGCCTGAGCR,9
NC_037344.1,NC_032666.1,72480936,75864226,75864227,A,AR,1
NC_037344.1,NC_032666.1,72498128,75881423,75881424,G,GS,1
NC_037344.1,NC_032666.1,72570869,75957793,75957814,A,AGGACGCCTCTTSCTCCCGGGR,21
NC_037344.1,NC_032666.1,72617469,75999934,75999935,G,GA,1
NC_037344.1,NC_032666.1,72677976,76058998,76058999,C,CN,1
NC_037344.1,NC_032666.1,72689683,76070922,76070923,T,TA,1
NC_037344.1,NC_032666.1,72971927,76451841,76451842,C,CT,1
