Reference ID,Query ID,Reference POS,Query POS,Query END,REF,ALT,SVLEN
NC_037356.1,NC_032678.1,606154,188834,188835,a,aN,1
NC_037356.1,NC_032678.1,674666,257352,257353,A,AG,1
NC_037356.1,NC_032678.1,699535,282222,282224,g,gtc,2
NC_037356.1,NC_032678.1,702024,284713,284716,g,gaac,3
NC_037356.1,NC_032678.1,717314,299853,299854,C,CA,1
NC_037356.1,NC_032678.1,720605,303143,303144,C,CG,1
NC_037356.1,NC_032678.1,726886,309425,309429,a,ataag,4
NC_037356.1,NC_032678.1,743575,326106,326107,C,CT,1
NC_037356.1,NC_032678.1,776225,358742,358743,t,tc,1
NC_037356.1,NC_032678.1,776235,358753,358760,t,tggctcta,7
NC_037356.1,NC_032678.1,925961,496714,496719,C,CTCTTT,5
NC_037356.1,NC_032678.1,1072239,645931,645939,t,tNNNNNNNN,8
NC_037356.1,NC_032678.1,1092602,666304,666310,a,aattttt,6
NC_037356.1,NC_032678.1,1116180,689889,689890,T,TA,1
NC_037356.1,NC_032678.1,1120476,694186,694188,G,GAR,2
NC_037356.1,NC_032678.1,1190642,764404,764405,T,TY,1
NC_037356.1,NC_032678.1,1191430,765193,765195,A,AAT,2
NC_037356.1,NC_032678.1,1200147,773771,773772,g,ga,1
NC_037356.1,NC_032678.1,1213941,787685,787686,A,AG,1
NC_037356.1,NC_032678.1,1244350,915694,915695,t,ta,1
NC_037356.1,NC_032678.1,1257738,929156,929157,t,tc,1
NC_037356.1,NC_032678.1,1285525,959939,959940,G,GA,1
NC_037356.1,NC_032678.1,1292027,966429,966430,G,GR,1
NC_037356.1,NC_032678.1,1294340,968741,968742,g,ga,1
NC_037356.1,NC_032678.1,1313289,818497,818498,G,GC,1
NC_037356.1,NC_032678.1,1316228,821448,821449,C,CT,1
NC_037356.1,NC_032678.1,1316228,1119658,1119659,C,CT,1
NC_037356.1,NC_032678.1,1317279,822502,822503,T,TA,1
NC_037356.1,NC_032678.1,1320142,825365,825366,T,TA,1
NC_037356.1,NC_032678.1,1320142,1123620,1123621,T,TA,1
NC_037356.1,NC_032678.1,1332877,838147,838150,C,CCCA,3
NC_037356.1,NC_032678.1,1333977,839249,839254,g,gcgtgt,5
NC_037356.1,NC_032678.1,1333977,1137275,1137280,g,gcgtgt,5
NC_037356.1,NC_032678.1,1345434,850720,850724,c,ctttt,4
NC_037356.1,NC_032678.1,1345434,1148473,1148477,c,ctttt,4
NC_037356.1,NC_032678.1,1370818,876121,876122,T,TA,1
NC_037356.1,NC_032678.1,1406115,1209251,1209252,T,TK,1
NC_037356.1,NC_032678.1,1406351,1209488,1209489,A,AG,1
NC_037356.1,NC_032678.1,1439805,1242805,1242813,T,TACCAGCCC,8
NC_037356.1,NC_032678.1,1448485,1251619,1251622,c,cctt,3
NC_037356.1,NC_032678.1,1449443,1252580,1252581,c,ct,1
NC_037356.1,NC_032678.1,1451037,1254175,1254176,a,at,1
NC_037356.1,NC_032678.1,1479394,1283034,1283035,c,ca,1
NC_037356.1,NC_032678.1,1529757,1362334,1362336,a,aat,2
NC_037356.1,NC_032678.1,1567099,1399918,1399925,t,tttctttc,7
NC_037356.1,NC_032678.1,1571184,1404010,1404015,t,tttccc,5
NC_037356.1,NC_032678.1,1600450,1433313,1433314,C,CA,1
NC_037356.1,NC_032678.1,1602405,1435270,1435271,G,GN,1
NC_037356.1,NC_032678.1,1603942,1436807,1436809,C,CTA,2
NC_037356.1,NC_032678.1,1647290,1480293,1480294,t,ta,1
NC_037356.1,NC_032678.1,1669311,1005647,1005648,t,tg,1
NC_037356.1,NC_032678.1,1671454,1007790,1007791,A,AG,1
NC_037356.1,NC_032678.1,1671454,1505702,1505703,A,AG,1
NC_037356.1,NC_032678.1,1676691,1510603,1510604,C,Ca,1
NC_037356.1,NC_032678.1,1680327,1513834,1513853,t,tagggaagatcctctggagg,19
NC_037356.1,NC_032678.1,1682484,1018522,1018523,g,gc,1
NC_037356.1,NC_032678.1,1682484,1516010,1516011,g,gc,1
NC_037356.1,NC_032678.1,1683210,1103974,1103975,c,ct,1
NC_037356.1,NC_032678.1,1683210,1516737,1516738,c,ct,1
NC_037356.1,NC_032678.1,1693911,1093518,1093519,c,ct,1
NC_037356.1,NC_032678.1,1693911,1527247,1527248,c,ct,1
NC_037356.1,NC_032678.1,1697341,1090051,1090060,g,gggaaacagt,9
NC_037356.1,NC_032678.1,1697341,1530706,1530715,g,gggaaacagt,9
NC_037356.1,NC_032678.1,1818741,1637150,1637151,t,ta,1
NC_037356.1,NC_032678.1,1825984,1644596,1644597,c,ct,1
NC_037356.1,NC_032678.1,1844796,1664126,1664127,t,ta,1
NC_037356.1,NC_032678.1,1845101,1664430,1664432,t,tta,2
NC_037356.1,NC_032678.1,1927170,1720321,1720322,G,GT,1
NC_037356.1,NC_032678.1,1930365,1723517,1723518,A,AG,1
NC_037356.1,NC_032678.1,1964310,1757351,1757352,T,TK,1
NC_037356.1,NC_032678.1,1991746,1784827,1784828,g,gt,1
NC_037356.1,NC_032678.1,2139024,1931716,1931718,C,CGA,2
NC_037356.1,NC_032678.1,2152096,1944794,1944802,a,aagtgaaag,8
NC_037356.1,NC_032678.1,2157395,1950101,1950102,a,ag,1
NC_037356.1,NC_032678.1,2170470,1963179,1963180,t,tc,1
NC_037356.1,NC_032678.1,2179335,1972033,1972034,T,TG,1
NC_037356.1,NC_032678.1,2180774,1973472,1973473,C,CG,1
NC_037356.1,NC_032678.1,2181221,1973915,1973917,g,gct,2
NC_037356.1,NC_032678.1,2181235,1973931,1973934,t,taca,3
NC_037356.1,NC_032678.1,2185371,1978070,1978071,T,TC,1
NC_037356.1,NC_032678.1,2211559,2004256,2004257,t,tc,1
NC_037356.1,NC_032678.1,2223054,2015621,2015647,c,catTAGTACACATTAGTACACATTAGT,26
NC_037356.1,NC_032678.1,2223310,2015903,2015904,A,AC,1
NC_037356.1,NC_032678.1,2230715,2023316,2023318,c,ctt,2
NC_037356.1,NC_032678.1,2239033,2031635,2031636,G,GT,1
NC_037356.1,NC_032678.1,2244484,2037087,2037088,A,AT,1
NC_037356.1,NC_032678.1,2278455,2071107,2071108,c,ca,1
NC_037356.1,NC_032678.1,2281700,2074358,2074360,a,atg,2
NC_037356.1,NC_032678.1,2305689,2098307,2098308,C,CA,1
NC_037356.1,NC_032678.1,2305804,2098423,2098442,G,GAGAGCAGAACAAGTCTAAT,19
NC_037356.1,NC_032678.1,2309425,2102017,2102018,T,TC,1
NC_037356.1,NC_032678.1,2315705,2108302,2108304,T,TTC,2
NC_037356.1,NC_032678.1,2322125,2114688,2114696,G,GGGCCCACA,8
NC_037356.1,NC_032678.1,2331928,2124505,2124506,A,AG,1
NC_037356.1,NC_032678.1,2345563,2138158,2138172,g,gagcctcttgatgaa,14
NC_037356.1,NC_032678.1,2347827,2140456,2140457,A,AT,1
NC_037356.1,NC_032678.1,2348626,2141255,2141256,t,tc,1
NC_037356.1,NC_032678.1,2352706,2145358,2145360,A,AAC,2
NC_037356.1,NC_032678.1,2352771,2145425,2145426,T,TG,1
NC_037356.1,NC_032678.1,2358739,2151399,2151400,c,ct,1
NC_037356.1,NC_032678.1,2358743,2151404,2151406,c,cct,2
NC_037356.1,NC_032678.1,2359534,2152197,2152198,G,GR,1
NC_037356.1,NC_032678.1,2389572,2178099,2178100,t,tg,1
NC_037356.1,NC_032678.1,2389909,2178437,2178438,T,TA,1
NC_037356.1,NC_032678.1,2412184,2200713,2200714,A,AT,1
NC_037356.1,NC_032678.1,2417055,2205618,2205621,t,tctc,3
NC_037356.1,NC_032678.1,2418933,2207499,2207513,t,tacacacacacacac,14
NC_037356.1,NC_032678.1,2432195,2220769,2220770,T,TY,1
NC_037356.1,NC_032678.1,2689664,2572286,2572287,C,CT,1
NC_037356.1,NC_032678.1,2740327,2622921,2622931,c,cacacacacat,10
NC_037356.1,NC_032678.1,2762600,2645178,2645179,T,TG,1
NC_037356.1,NC_032678.1,2762642,2645221,2645222,C,CG,1
NC_037356.1,NC_032678.1,2765593,2648182,2648183,A,AG,1
NC_037356.1,NC_032678.1,2767976,2654308,2654309,A,AC,1
NC_037356.1,NC_032678.1,2770352,2656685,2656686,g,ga,1
NC_037356.1,NC_032678.1,2775098,2661432,2661433,t,tN,1
NC_037356.1,NC_032678.1,2821273,2851424,2851430,t,tagcagc,6
NC_037356.1,NC_032678.1,2823043,2853201,2853202,g,gt,1
NC_037356.1,NC_032678.1,2865169,2895526,2895527,G,GA,1
NC_037356.1,NC_032678.1,2875728,2906087,2906090,T,TAAG,3
NC_037356.1,NC_032678.1,2890133,2920497,2920499,a,agt,2
NC_037356.1,NC_032678.1,2898573,2928813,2928814,a,ag,1
NC_037356.1,NC_032678.1,2899456,2929699,2929700,A,AR,1
NC_037356.1,NC_032678.1,2945116,2975286,2975287,T,TA,1
NC_037356.1,NC_032678.1,2946494,2976665,2976666,A,AC,1
NC_037356.1,NC_032678.1,2973448,3003621,3003641,a,acaagctgaaatcaagattgc,20
NC_037356.1,NC_032678.1,2974534,3004727,3004728,t,tg,1
NC_037356.1,NC_032678.1,2979342,3009534,3009539,a,actgat,5
NC_037356.1,NC_032678.1,2980492,3010689,3010698,A,ACTTGGAAGG,9
NC_037356.1,NC_032678.1,2981332,3011538,3011540,G,GST,2
NC_037356.1,NC_032678.1,2999894,3030102,3030103,t,ta,1
NC_037356.1,NC_032678.1,3004806,3035054,3035055,t,tY,1
NC_037356.1,NC_032678.1,3020914,3051170,3051171,C,CT,1
NC_037356.1,NC_032678.1,3022052,3052308,3052334,a,acacagCTAGGAAAGCGGTGCGTNNNN,26
NC_037356.1,NC_032678.1,3074815,3108693,3108694,t,tg,1
NC_037356.1,NC_032678.1,3076520,3110970,3110972,G,GAC,2
NC_037356.1,NC_032678.1,3139685,3176583,3176584,t,ta,1
NC_037356.1,NC_032678.1,3139750,3176649,3176654,c,caaaaa,5
NC_037356.1,NC_032678.1,3161888,3193903,3193916,c,caaatatttattta,13
NC_037356.1,NC_032678.1,3172008,3203985,3203986,G,GC,1
NC_037356.1,NC_032678.1,3172097,3204075,3204076,G,GA,1
NC_037356.1,NC_032678.1,3195703,3227670,3227672,C,CAT,2
NC_037356.1,NC_032678.1,3199315,3231280,3231281,G,GR,1
NC_037356.1,NC_032678.1,3223287,3255253,3255254,t,ta,1
NC_037356.1,NC_032678.1,3245635,3277945,3277946,t,tg,1
NC_037356.1,NC_032678.1,3246703,3279014,3279016,C,CAA,2
NC_037356.1,NC_032678.1,3257964,3289039,3289040,T,TK,1
NC_037356.1,NC_032678.1,3274342,3305426,3305427,G,GT,1
NC_037356.1,NC_032678.1,3348179,3378872,3378873,G,GC,1
NC_037356.1,NC_032678.1,3360140,3390857,3390865,a,aNNNNNNNN,8
NC_037356.1,NC_032678.1,3366275,3396996,3396999,c,caca,3
NC_037356.1,NC_032678.1,3439237,3469951,3469952,C,CG,1
NC_037356.1,NC_032678.1,3439244,3469959,3469960,A,AC,1
NC_037356.1,NC_032678.1,3447380,3478094,3478103,g,gggaaacagt,9
NC_037356.1,NC_032678.1,3454480,3485111,3485112,g,ga,1
NC_037356.1,NC_032678.1,3468377,3499017,3499020,g,gaaa,3
NC_037356.1,NC_032678.1,3491724,3522366,3522367,g,ga,1
NC_037356.1,NC_032678.1,3500852,3533487,3533488,t,tc,1
NC_037356.1,NC_032678.1,3502290,3534924,3534925,T,TG,1
NC_037356.1,NC_032678.1,3504860,3537512,3537517,a,atactc,5
NC_037356.1,NC_032678.1,3505236,3537893,3537894,A,AT,1
NC_037356.1,NC_032678.1,3505340,3537998,3537999,g,gc,1
NC_037356.1,NC_032678.1,3505608,3538271,3538274,a,aaag,3
NC_037356.1,NC_032678.1,3545555,3583239,3583240,c,ca,1
NC_037356.1,NC_032678.1,3568798,3606489,3606490,c,ca,1
NC_037356.1,NC_032678.1,3568812,3606504,3606505,t,ta,1
NC_037356.1,NC_032678.1,3595853,3633362,3633364,t,ttc,2
NC_037356.1,NC_032678.1,3597098,3634611,3634612,A,AR,1
NC_037356.1,NC_032678.1,3624084,3661696,3661697,a,at,1
NC_037356.1,NC_032678.1,3665513,3703132,3703133,G,GT,1
NC_037356.1,NC_032678.1,3737900,3776829,3776830,a,ag,1
NC_037356.1,NC_032678.1,3751780,3790707,3790708,G,GR,1
NC_037356.1,NC_032678.1,3755392,3794320,3794335,g,gaaaagtaatgcgcaa,15
NC_037356.1,NC_032678.1,3773103,3812059,3812060,a,at,1
NC_037356.1,NC_032678.1,3773595,3812552,3812554,g,gtt,2
NC_037356.1,NC_032678.1,3803526,3842654,3842655,T,TA,1
NC_037356.1,NC_032678.1,3811617,3850744,3850745,t,tg,1
NC_037356.1,NC_032678.1,3824082,3863208,3863209,t,tc,1
NC_037356.1,NC_032678.1,3826039,3865155,3865156,t,tc,1
NC_037356.1,NC_032678.1,3826370,3865491,3865503,t,tgctgaagctgaa,12
NC_037356.1,NC_032678.1,3866028,3905181,3905192,t,ttgccttttttc,11
NC_037356.1,NC_032678.1,3880282,3919385,3919395,t,tacacatacac,10
NC_037356.1,NC_032678.1,3881286,3920398,3920399,G,GR,1
NC_037356.1,NC_032678.1,3924052,3963161,3963181,A,ATTAATCAAAATATCACAGAT,20
NC_037356.1,NC_032678.1,3925349,3964478,3964490,T,TTTTCAGCTTCGA,12
NC_037356.1,NC_032678.1,3929796,3968937,3968942,A,ATGTGG,5
NC_037356.1,NC_032678.1,3951494,3994141,3994142,a,at,1
NC_037356.1,NC_032678.1,3969892,4012585,4012597,c,cttttcactttca,12
NC_037356.1,NC_032678.1,3980236,4022943,4022944,c,ct,1
NC_037356.1,NC_032678.1,3981760,4024258,4024260,A,AAC,2
NC_037356.1,NC_032678.1,3982696,4025197,4025198,a,ac,1
NC_037356.1,NC_032678.1,3984174,4026672,4026673,T,TG,1
NC_037356.1,NC_032678.1,3985880,4028788,4028789,T,TC,1
NC_037356.1,NC_032678.1,3993311,4036223,4036224,A,AY,1
NC_037356.1,NC_032678.1,4013608,4056289,4056290,T,Ta,1
NC_037356.1,NC_032678.1,4013641,4056323,4056325,C,CYA,2
NC_037356.1,NC_032678.1,4029159,4071865,4071866,c,ct,1
NC_037356.1,NC_032678.1,4048170,4096112,4096121,A,AGTCTTCYTT,9
NC_037356.1,NC_032678.1,4051527,4099475,4099476,A,AC,1
NC_037356.1,NC_032678.1,4064960,4151197,4151198,g,ga,1
NC_037356.1,NC_032678.1,4064982,4151220,4151222,g,ggt,2
NC_037356.1,NC_032678.1,4066463,4152705,4152707,C,CWS,2
NC_037356.1,NC_032678.1,4066691,4152934,4152936,T,TAC,2
NC_037356.1,NC_032678.1,4068243,4154489,4154490,T,TG,1
NC_037356.1,NC_032678.1,4070280,4156507,4156510,t,tctc,3
NC_037356.1,NC_032678.1,4073614,4159845,4159846,G,GT,1
NC_037356.1,NC_032678.1,4101347,4187606,4187607,t,tg,1
NC_037356.1,NC_032678.1,4112172,4198431,4198434,t,taaa,3
NC_037356.1,NC_032678.1,4113740,4200003,4200005,t,tta,2
NC_037356.1,NC_032678.1,4127908,4214174,4214175,a,ac,1
NC_037356.1,NC_032678.1,4135752,4223670,4223671,c,ct,1
NC_037356.1,NC_032678.1,4138614,4226538,4226539,C,CG,1
NC_037356.1,NC_032678.1,4168779,4256723,4256724,G,GA,1
NC_037356.1,NC_032678.1,4171927,4259920,4259922,A,AAG,2
NC_037356.1,NC_032678.1,4171933,4259928,4259931,G,GGAC,3
NC_037356.1,NC_032678.1,4171947,4259945,4259946,C,CA,1
NC_037356.1,NC_032678.1,4171950,4259949,4259952,T,TTCC,3
NC_037356.1,NC_032678.1,4176752,4264874,4264875,A,AC,1
NC_037356.1,NC_032678.1,4226332,4318223,4318226,a,aaac,3
NC_037356.1,NC_032678.1,4226997,4324265,4324288,A,ATCTAATATATAAACCAGAGTTNN,23
NC_037356.1,NC_032678.1,4235537,4332828,4332832,C,CTCTT,4
NC_037356.1,NC_032678.1,4246002,4345109,4345110,t,tc,1
NC_037356.1,NC_032678.1,4253709,4352821,4352823,A,AAG,2
NC_037356.1,NC_032678.1,4255893,4354929,4354930,t,tc,1
NC_037356.1,NC_032678.1,4271089,4370117,4370118,t,ta,1
NC_037356.1,NC_032678.1,4285191,4384247,4384248,t,tc,1
NC_037356.1,NC_032678.1,4499962,4593195,4593198,T,TCTG,3
NC_037356.1,NC_032678.1,4507030,4600264,4600268,C,CTGAT,4
NC_037356.1,NC_032678.1,4510899,4604140,4604141,t,ta,1
NC_037356.1,NC_032678.1,4554940,4645332,4645335,t,ttta,3
NC_037356.1,NC_032678.1,4558076,4648471,4648473,A,AAT,2
NC_037356.1,NC_032678.1,4571735,4662141,4662144,a,aaat,3
NC_037356.1,NC_032678.1,4573427,4663829,4663851,a,atgccatccaaccatctcatcct,22
NC_037356.1,NC_032678.1,4620891,4711379,4711381,t,tNN,2
NC_037356.1,NC_032678.1,4657601,4749317,4749327,C,CAAAAAAATAA,10
NC_037356.1,NC_032678.1,4708635,4802832,4802834,c,cta,2
NC_037356.1,NC_032678.1,4741049,4835250,4835253,G,GGCA,3
NC_037356.1,NC_032678.1,4750656,4844875,4844876,g,ga,1
NC_037356.1,NC_032678.1,4753569,4847925,4847936,a,atgtataaatac,11
NC_037356.1,NC_032678.1,4753579,4847946,4847948,c,cat,2
NC_037356.1,NC_032678.1,4794353,4888721,4888722,t,tN,1
NC_037356.1,NC_032678.1,4794764,4889133,4889152,G,GNNNNNNNNNNNNNNNNNNN,19
NC_037356.1,NC_032678.1,4820311,5051273,5051274,t,tc,1
NC_037356.1,NC_032678.1,4820316,5051279,5051280,t,ta,1
NC_037356.1,NC_032678.1,4829740,4924128,4924151,T,TTATCNNNNNNNNNNNNNNNNNNN,23
NC_037356.1,NC_032678.1,4841304,5072268,5072269,T,TA,1
NC_037356.1,NC_032678.1,4844718,5075687,5075690,t,ttta,3
NC_037356.1,NC_032678.1,4895258,4989365,4989367,t,tNN,2
NC_037356.1,NC_032678.1,4895662,4989771,4989774,t,ttta,3
NC_037356.1,NC_032678.1,4929018,5130733,5130741,G,GACATGACC,8
NC_037356.1,NC_032678.1,4949550,5150695,5150696,a,ag,1
NC_037356.1,NC_032678.1,4950321,5151467,5151468,a,at,1
NC_037356.1,NC_032678.1,4952542,5153689,5153690,A,AT,1
NC_037356.1,NC_032678.1,4964704,5165850,5165851,g,gt,1
NC_037356.1,NC_032678.1,5038972,5238103,5238108,g,gatgcc,5
NC_037356.1,NC_032678.1,5050392,5244362,5244363,G,GA,1
NC_037356.1,NC_032678.1,5050395,5244366,5244367,C,CA,1
NC_037356.1,NC_032678.1,5123400,5317390,5317404,T,TTCACCAGGGAGATG,14
NC_037356.1,NC_032678.1,5124342,5318346,5318347,G,GC,1
NC_037356.1,NC_032678.1,5124366,5318371,5318372,T,TG,1
NC_037356.1,NC_032678.1,5124412,5318418,5318421,T,TNNN,3
NC_037356.1,NC_032678.1,5127825,5321832,5321833,C,CG,1
NC_037356.1,NC_032678.1,5131116,5325122,5325123,A,AM,1
NC_037356.1,NC_032678.1,5213167,5407756,5407760,t,ttttg,4
NC_037356.1,NC_032678.1,5226605,5421509,5421510,a,ag,1
NC_037356.1,NC_032678.1,5230647,5425573,5425574,C,CA,1
NC_037356.1,NC_032678.1,5257002,5451935,5451937,a,act,2
NC_037356.1,NC_032678.1,5268088,5463025,5463026,g,gR,1
NC_037356.1,NC_032678.1,5272807,5467750,5467766,t,tggaaagcttgattcca,16
NC_037356.1,NC_032678.1,5476522,5554082,5554083,a,at,1
NC_037356.1,NC_032678.1,5479657,5557221,5557225,c,ctttg,4
NC_037356.1,NC_032678.1,5531967,5579476,5579477,c,ct,1
NC_037356.1,NC_032678.1,5532346,5579851,5579852,A,AT,1
NC_037356.1,NC_032678.1,5532414,5579920,5579921,C,CT,1
NC_037356.1,NC_032678.1,5532516,5580023,5580024,T,TM,1
NC_037356.1,NC_032678.1,5532689,5580197,5580198,c,ct,1
NC_037356.1,NC_032678.1,5533101,5580612,5580613,g,gt,1
NC_037356.1,NC_032678.1,5542860,5590183,5590188,A,AAAGAR,5
NC_037356.1,NC_032678.1,5550455,5597782,5597786,C,CCAAA,4
NC_037356.1,NC_032678.1,5569001,5616861,5616862,a,at,1
NC_037356.1,NC_032678.1,5573321,5621187,5621188,G,GC,1
NC_037356.1,NC_032678.1,5573762,5621629,5621635,g,gtttttt,6
NC_037356.1,NC_032678.1,5582576,4740867,4740868,c,ca,1
NC_037356.1,NC_032678.1,5707499,5766266,5766270,g,ggggt,4
NC_037356.1,NC_032678.1,5718657,5685316,5685320,t,ttttc,4
NC_037356.1,NC_032678.1,5745833,5658164,5658166,C,CAT,2
NC_037356.1,NC_032678.1,5746676,5657316,5657335,C,CAATCAGGAATTCATCAATG,19
NC_037356.1,NC_032678.1,5746676,5646087,5646106,C,CAATCAGGAATTCATCAATG,19
NC_037356.1,NC_032678.1,5805362,5829619,5829621,c,cct,2
NC_037356.1,NC_032678.1,5827335,5851596,5851598,A,AGT,2
NC_037356.1,NC_032678.1,5835428,5859699,5859700,g,ga,1
NC_037356.1,NC_032678.1,5867820,5892506,5892507,a,at,1
NC_037356.1,NC_032678.1,5871960,5896647,5896648,g,ga,1
NC_037356.1,NC_032678.1,6017604,6035401,6035402,T,TA,1
NC_037356.1,NC_032678.1,6188917,6204233,6204235,A,AAC,2
NC_037356.1,NC_032678.1,6213618,6228946,6228947,c,ca,1
NC_037356.1,NC_032678.1,6249755,6264802,6264853,T,TAAGAATCAATAAACTATTatctgaactaaaaaaaaaaaagtcaccatgTTA,51
NC_037356.1,NC_032678.1,6258161,6273233,6273234,G,GR,1
NC_037356.1,NC_032678.1,6271136,6286212,6286213,G,GS,1
NC_037356.1,NC_032678.1,6271570,6286649,6286650,a,ag,1
NC_037356.1,NC_032678.1,6272730,6287809,6287810,c,ct,1
NC_037356.1,NC_032678.1,6275861,6290944,6290949,C,CATTGT,5
NC_037356.1,NC_032678.1,6279105,6294196,6294198,G,GGT,2
NC_037356.1,NC_032678.1,6286357,6301449,6301450,t,ta,1
NC_037356.1,NC_032678.1,6287091,6302186,6302187,a,at,1
NC_037356.1,NC_032678.1,6288076,6303174,6303175,c,cg,1
NC_037356.1,NC_032678.1,6288091,6303190,6303191,t,ta,1
NC_037356.1,NC_032678.1,6303367,6318461,6318463,T,TCC,2
NC_037356.1,NC_032678.1,6363103,6464493,6464494,t,tg,1
NC_037356.1,NC_032678.1,6439742,6541147,6541149,c,cta,2
NC_037356.1,NC_032678.1,6529409,6630844,6630845,g,gt,1
NC_037356.1,NC_032678.1,6535233,6636647,6636648,G,GC,1
NC_037356.1,NC_032678.1,6549199,6650629,6650633,a,aNNNN,4
NC_037356.1,NC_032678.1,6676347,6797941,6797942,T,TG,1
NC_037356.1,NC_032678.1,6678752,6800346,6800347,a,ac,1
NC_037356.1,NC_032678.1,6682652,6804253,6804255,C,CCT,2
NC_037356.1,NC_032678.1,6684447,6806050,6806059,t,tatgtNNNNN,9
NC_037356.1,NC_032678.1,6684465,6806077,6806078,a,at,1
NC_037356.1,NC_032678.1,6692473,6814093,6814094,g,gc,1
NC_037356.1,NC_032678.1,6692719,6814340,6814344,C,CTATS,4
NC_037356.1,NC_032678.1,6701714,6823366,6823368,T,TCC,2
NC_037356.1,NC_032678.1,6718785,6840518,6840519,c,ct,1
NC_037356.1,NC_032678.1,6743974,6866728,6866729,A,AC,1
NC_037356.1,NC_032678.1,6755209,6877964,6877973,A,AAAGCATCAG,9
NC_037356.1,NC_032678.1,6757655,6880419,6880421,a,aag,2
NC_037356.1,NC_032678.1,6771967,6894736,6894737,t,tc,1
NC_037356.1,NC_032678.1,6833055,6956563,6956565,A,ATT,2
NC_037356.1,NC_032678.1,6833261,6956771,6956772,t,tc,1
NC_037356.1,NC_032678.1,6841500,6964990,6964991,a,ag,1
NC_037356.1,NC_032678.1,6857863,6981347,6981353,g,gaaaaaa,6
NC_037356.1,NC_032678.1,6875843,6999347,6999348,A,AC,1
NC_037356.1,NC_032678.1,6922633,7046135,7046136,C,CT,1
NC_037356.1,NC_032678.1,6927746,7051250,7051253,T,TTTC,3
NC_037356.1,NC_032678.1,6929430,7052938,7052940,c,ctg,2
NC_037356.1,NC_032678.1,6933357,7056867,7056868,G,GT,1
NC_037356.1,NC_032678.1,6942037,7065549,7065554,C,CCACAG,5
NC_037356.1,NC_032678.1,6948780,7073103,7073104,c,ct,1
NC_037356.1,NC_032678.1,6951465,7075789,7075790,a,ag,1
NC_037356.1,NC_032678.1,6951759,7076085,7076087,a,aat,2
NC_037356.1,NC_032678.1,6958769,7083097,7083098,A,AW,1
NC_037356.1,NC_032678.1,6964697,7089026,7089028,t,tga,2
NC_037356.1,NC_032678.1,6966204,7090534,7090535,G,GA,1
NC_037356.1,NC_032678.1,6974383,7099419,7099420,t,tg,1
NC_037356.1,NC_032678.1,6976868,7101904,7101905,a,at,1
NC_037356.1,NC_032678.1,6976868,7158220,7158221,a,at,1
NC_037356.1,NC_032678.1,7056495,7139043,7139045,C,CAT,2
NC_037356.1,NC_032678.1,7148465,7532382,7532383,G,GA,1
NC_037356.1,NC_032678.1,7160129,7544051,7544056,A,ACTCCC,5
NC_037356.1,NC_032678.1,7163718,7547643,7547644,T,TY,1
NC_037356.1,NC_032678.1,7169818,7292935,7292939,t,taaag,4
NC_037356.1,NC_032678.1,7170914,7294035,7294036,A,AG,1
NC_037356.1,NC_032678.1,7196542,7319670,7319671,G,GT,1
NC_037356.1,NC_032678.1,7203902,7327033,7327034,T,TC,1
NC_037356.1,NC_032678.1,7215296,7338425,7338427,T,TCG,2
NC_037356.1,NC_032678.1,7215337,7338468,7338470,G,GCT,2
NC_037356.1,NC_032678.1,7219425,7342618,7342619,C,CA,1
NC_037356.1,NC_032678.1,7226585,7349779,7349781,t,tta,2
NC_037356.1,NC_032678.1,7238122,7361316,7361317,C,CT,1
NC_037356.1,NC_032678.1,7239282,7362470,7362471,C,CA,1
NC_037356.1,NC_032678.1,7255934,7379126,7379127,G,GK,1
NC_037356.1,NC_032678.1,7257322,7380529,7380530,g,ga,1
NC_037356.1,NC_032678.1,7259776,7382435,7382437,g,gAA,2
NC_037356.1,NC_032678.1,7262087,7384750,7384751,T,TK,1
NC_037356.1,NC_032678.1,7279432,7402221,7402222,G,GA,1
NC_037356.1,NC_032678.1,7292401,7415196,7415197,A,AG,1
NC_037356.1,NC_032678.1,7587514,7749037,7749039,a,atN,2
NC_037356.1,NC_032678.1,7706348,7892637,7892639,c,cag,2
NC_037356.1,NC_032678.1,7712169,7898460,7898462,a,aNN,2
NC_037356.1,NC_032678.1,7720169,7906625,7906629,c,cattt,4
NC_037356.1,NC_032678.1,7891577,8164372,8164373,a,at,1
NC_037356.1,NC_032678.1,7891587,8164383,8164384,a,at,1
NC_037356.1,NC_032678.1,7911072,8182881,8182883,t,tNN,2
NC_037356.1,NC_032678.1,7958234,8222001,8222002,g,ga,1
NC_037356.1,NC_032678.1,7968721,8232490,8232492,t,tNN,2
NC_037356.1,NC_032678.1,7993627,8257335,8257336,T,TA,1
NC_037356.1,NC_032678.1,7999324,8263031,8263032,a,ag,1
NC_037356.1,NC_032678.1,8126432,8389992,8389993,T,TK,1
NC_037356.1,NC_032678.1,8126744,8390305,8390306,C,CS,1
NC_037356.1,NC_032678.1,8176025,8472558,8472559,T,TA,1
NC_037356.1,NC_032678.1,8193625,8489965,8489966,a,aN,1
NC_037356.1,NC_032678.1,8313648,8606623,8606626,A,ACAC,3
NC_037356.1,NC_032678.1,8385564,8677930,8677931,t,tg,1
NC_037356.1,NC_032678.1,8437063,8729755,8729762,c,cacaaaga,7
NC_037356.1,NC_032678.1,8438310,8731008,8731009,a,at,1
NC_037356.1,NC_032678.1,8438323,8731022,8731023,g,ga,1
NC_037356.1,NC_032678.1,8521129,8803171,8803172,g,gc,1
NC_037356.1,NC_032678.1,8524197,8806240,8806241,T,TG,1
NC_037356.1,NC_032678.1,8525802,8807831,8807832,t,tc,1
NC_037356.1,NC_032678.1,8525858,8807888,8807889,g,gc,1
NC_037356.1,NC_032678.1,8525956,8807987,8807988,a,ac,1
NC_037356.1,NC_032678.1,8723599,9080233,9080234,a,aN,1
NC_037356.1,NC_032678.1,8911513,9256146,9256147,G,GN,1
NC_037356.1,NC_032678.1,8915027,9259662,9259717,T,TCATAGGAGGNNNNNNNNNNNNNNNNNNNNNNNNNNNNNNNNNNNNNNNNNNNNNN,55
NC_037356.1,NC_032678.1,9081906,9426586,9426594,A,ATTCAGAGT,8
NC_037356.1,NC_032678.1,9084898,9429584,9429585,t,tg,1
NC_037356.1,NC_032678.1,9086055,9430741,9430743,C,CTG,2
NC_037356.1,NC_032678.1,9093844,9438313,9438314,A,AT,1
NC_037356.1,NC_032678.1,9094522,9438991,9438993,g,ggc,2
NC_037356.1,NC_032678.1,9105622,9450162,9450163,T,TA,1
NC_037356.1,NC_032678.1,9173045,9517630,9517631,T,TY,1
NC_037356.1,NC_032678.1,9176532,9521118,9521119,C,CA,1
NC_037356.1,NC_032678.1,9180560,9525286,9525287,c,cg,1
NC_037356.1,NC_032678.1,9197579,9542704,9542705,t,ta,1
NC_037356.1,NC_032678.1,9234866,9579997,9579998,a,ag,1
NC_037356.1,NC_032678.1,9239952,9585084,9585085,c,ct,1
NC_037356.1,NC_032678.1,9321355,9666450,9666459,t,tggggaaaca,9
NC_037356.1,NC_032678.1,9353512,9698630,9698632,g,gaa,2
NC_037356.1,NC_032678.1,9431198,9776514,9776516,a,aat,2
NC_037356.1,NC_032678.1,9434540,9779858,9779859,a,ac,1
NC_037356.1,NC_032678.1,9443138,9787597,9787598,G,GT,1
NC_037356.1,NC_032678.1,9444334,9788795,9788796,G,GA,1
NC_037356.1,NC_032678.1,9445751,9790212,9790213,C,CA,1
NC_037356.1,NC_032678.1,9445758,9790220,9790222,A,ACC,2
NC_037356.1,NC_032678.1,9445767,9790231,9790232,T,TC,1
NC_037356.1,NC_032678.1,9449495,9793963,9793966,t,tagc,3
NC_037356.1,NC_032678.1,9452076,9796546,9796551,t,tatacc,5
NC_037356.1,NC_032678.1,9478081,9822566,9822568,c,cag,2
NC_037356.1,NC_032678.1,9485990,9830782,9830783,t,tc,1
NC_037356.1,NC_032678.1,9556485,9900909,9900912,a,aaat,3
NC_037356.1,NC_032678.1,9568777,9913221,9913222,g,ga,1
NC_037356.1,NC_032678.1,9568969,9913414,9913417,c,caag,3
NC_037356.1,NC_032678.1,9580893,9925335,9925339,A,ATTGW,4
NC_037356.1,NC_032678.1,9656675,10001036,10001037,A,AW,1
NC_037356.1,NC_032678.1,9667925,10012298,10012299,a,at,1
NC_037356.1,NC_032678.1,9667964,10012338,10012344,a,aattttt,6
NC_037356.1,NC_032678.1,9794146,10139489,10139491,c,cat,2
NC_037356.1,NC_032678.1,9818967,10164318,10164323,G,GCACAA,5
NC_037356.1,NC_032678.1,9823929,10169276,10169277,g,gS,1
NC_037356.1,NC_032678.1,9825687,10171035,10171036,t,tc,1
NC_037356.1,NC_032678.1,9866070,10211423,10211425,G,GGK,2
NC_037356.1,NC_032678.1,9915601,10260969,10260970,T,TG,1
NC_037356.1,NC_032678.1,9945523,10290891,10290896,T,TTTTAG,5
NC_037356.1,NC_032678.1,10006152,10351532,10351533,g,ga,1
NC_037356.1,NC_032678.1,10039913,10385293,10385294,g,gt,1
NC_037356.1,NC_032678.1,10120528,10464054,10464055,a,at,1
NC_037356.1,NC_032678.1,10120557,10464084,10464085,t,ta,1
NC_037356.1,NC_032678.1,10151541,10494443,10494446,a,actt,3
NC_037356.1,NC_032678.1,10157317,10500218,10500219,t,tc,1
NC_037356.1,NC_032678.1,10248368,10706250,10706251,C,CT,1
NC_037356.1,NC_032678.1,10251773,10709662,10709681,g,gaGCCCTCCGANNNNNNNNN,19
NC_037356.1,NC_032678.1,10346305,10657757,10657758,t,ta,1
NC_037356.1,NC_032678.1,10346348,10657801,10657802,T,TA,1
NC_037356.1,NC_032678.1,10346355,10657809,10657810,G,GA,1
NC_037356.1,NC_032678.1,10373639,10685094,10685095,C,CA,1
NC_037356.1,NC_032678.1,10373722,10685179,10685180,t,tg,1
NC_037356.1,NC_032678.1,10373731,10685189,10685190,t,tc,1
NC_037356.1,NC_032678.1,10380855,10692315,10692324,g,gacactgttt,9
NC_037356.1,NC_032678.1,10479763,10913131,10913135,g,gtgta,4
NC_037356.1,NC_032678.1,10500323,10933511,10933512,T,TC,1
NC_037356.1,NC_032678.1,10503779,10936967,10936969,T,TTC,2
NC_037356.1,NC_032678.1,10504691,10937880,10937881,T,TG,1
NC_037356.1,NC_032678.1,10505221,10938411,10938412,T,TG,1
NC_037356.1,NC_032678.1,10524441,11036158,11036160,T,TTC,2
NC_037356.1,NC_032678.1,10526016,11037735,11037738,G,GANN,3
NC_037356.1,NC_032678.1,10538878,11050616,11050617,T,TC,1
NC_037356.1,NC_032678.1,10542638,11057233,11057235,T,Ttc,2
NC_037356.1,NC_032678.1,10544370,11058958,11058959,C,CT,1
NC_037356.1,NC_032678.1,10545132,11059722,11059723,g,gN,1
NC_037356.1,NC_032678.1,10546453,11061044,11061045,t,ta,1
NC_037356.1,NC_032678.1,10559760,11074362,11074363,a,ac,1
NC_037356.1,NC_032678.1,10562603,11077206,11077207,A,AG,1
NC_037356.1,NC_032678.1,10563567,11078170,11078174,C,CTGTT,4
NC_037356.1,NC_032678.1,10571396,11087809,11087810,g,ga,1
NC_037356.1,NC_032678.1,10642361,11158813,11158814,T,TA,1
NC_037356.1,NC_032678.1,10660784,11177157,11177158,G,GC,1
NC_037356.1,NC_032678.1,10666755,11183118,11183119,G,GT,1
NC_037356.1,NC_032678.1,10671552,11187921,11187935,t,tatatacacacacac,14
NC_037356.1,NC_032678.1,10697254,11211040,11211041,g,gt,1
NC_037356.1,NC_032678.1,10697274,11211061,11211062,g,ga,1
NC_037356.1,NC_032678.1,10718193,11231983,11231984,T,TN,1
NC_037356.1,NC_032678.1,10728269,11242059,11242065,t,tccctcc,6
NC_037356.1,NC_032678.1,10732258,11246055,11246057,g,gga,2
NC_037356.1,NC_032678.1,10743111,11256919,11256920,T,TG,1
NC_037356.1,NC_032678.1,10747284,11261122,11261128,C,CTTAATA,6
NC_037356.1,NC_032678.1,10747578,11261422,11261423,T,TA,1
NC_037356.1,NC_032678.1,10755194,11266928,11266931,A,ATAG,3
NC_037356.1,NC_032678.1,10767355,11279090,11279091,a,ag,1
NC_037356.1,NC_032678.1,10813284,11325021,11325025,c,ctgca,4
NC_037356.1,NC_032678.1,10818490,11330233,11330234,C,CA,1
NC_037356.1,NC_032678.1,10818591,11330335,11330336,C,CA,1
NC_037356.1,NC_032678.1,10885722,11396654,11396658,t,tNNNN,4
NC_037356.1,NC_032678.1,10921692,11432940,11432941,T,TC,1
NC_037356.1,NC_032678.1,10927906,11439159,11439162,G,GAAT,3
NC_037356.1,NC_032678.1,10936735,11447933,11447934,t,ta,1
NC_037356.1,NC_032678.1,10994834,11505087,11505091,t,tNNNN,4
NC_037356.1,NC_032678.1,10999154,11509412,11509413,G,GC,1
NC_037356.1,NC_032678.1,11006534,11516796,11516799,a,atat,3
NC_037356.1,NC_032678.1,11008403,11518671,11518672,t,tc,1
NC_037356.1,NC_032678.1,11008492,11518761,11518762,g,gt,1
NC_037356.1,NC_032678.1,11010208,11520475,11520477,c,cag,2
NC_037356.1,NC_032678.1,11010650,11520918,11520919,G,GA,1
NC_037356.1,NC_032678.1,11014740,11525015,11525016,a,ag,1
NC_037356.1,NC_032678.1,11014742,11525018,11525019,g,ga,1
NC_037356.1,NC_032678.1,11028093,11538519,11538520,A,AR,1
NC_037356.1,NC_032678.1,11051212,11561592,11561603,T,TTTATATAAACA,11
NC_037356.1,NC_032678.1,11077335,11587596,11587598,t,taa,2
NC_037356.1,NC_032678.1,11102929,11613334,11613341,a,atNNNNNN,7
NC_037356.1,NC_032678.1,11120451,11630816,11630828,c,caaaaaaaaaaaa,12
NC_037356.1,NC_032678.1,11137228,11647607,11647611,a,atatg,4
NC_037356.1,NC_032678.1,11142224,11652606,11652608,G,GGT,2
NC_037356.1,NC_032678.1,11150082,11660470,11660473,c,catt,3
NC_037356.1,NC_032678.1,11170416,11680806,11680807,T,TG,1
NC_037356.1,NC_032678.1,11208796,11719055,11719070,C,CAGAATCGCAAAATGA,15
NC_037356.1,NC_032678.1,11258580,11768838,11768839,t,tg,1
NC_037356.1,NC_032678.1,11304444,11814727,11814728,a,ac,1
NC_037356.1,NC_032678.1,11390899,11973466,11973467,t,tg,1
NC_037356.1,NC_032678.1,11441275,12004690,12004696,T,TGTACTC,6
NC_037356.1,NC_032678.1,11476451,12039879,12039880,t,tN,1
NC_037356.1,NC_032678.1,11520282,12099970,12099972,A,ATT,2
NC_037356.1,NC_032678.1,11560735,12139301,12139302,a,at,1
NC_037356.1,NC_032678.1,11564484,12143053,12143054,t,tg,1
NC_037356.1,NC_032678.1,11564528,12143098,12143099,g,ga,1
NC_037356.1,NC_032678.1,11613064,12191982,12191994,a,agcagcagcagcM,12
NC_037356.1,NC_032678.1,11685274,12263861,12263862,t,ta,1
NC_037356.1,NC_032678.1,11705243,12283519,12283520,T,TC,1
NC_037356.1,NC_032678.1,11722011,12300288,12300289,G,GA,1
NC_037356.1,NC_032678.1,11726496,12304779,12304783,A,AGGGC,4
NC_037356.1,NC_032678.1,11726601,12304888,12304889,A,AW,1
NC_037356.1,NC_032678.1,11726607,12304895,12304896,G,GK,1
NC_037356.1,NC_032678.1,11732557,12310843,12310844,a,at,1
NC_037356.1,NC_032678.1,11759956,12338307,12338308,G,GR,1
NC_037356.1,NC_032678.1,11779975,12358329,12358343,G,GAAGGGGCTAAGAAA,14
NC_037356.1,NC_032678.1,11781299,12359663,12359665,c,ctg,2
NC_037356.1,NC_032678.1,11815918,12394288,12394289,c,ca,1
NC_037356.1,NC_032678.1,11842170,12419904,12419909,g,gSCAAT,5
NC_037356.1,NC_032678.1,11884029,12461786,12461787,t,ta,1
NC_037356.1,NC_032678.1,11906614,12484370,12484371,t,ta,1
NC_037356.1,NC_032678.1,11908198,12485964,12485965,T,TA,1
NC_037356.1,NC_032678.1,11914374,12492154,12492155,A,AR,1
NC_037356.1,NC_032678.1,11929849,12510425,12510427,g,ggc,2
NC_037356.1,NC_032678.1,11930236,12510814,12510815,g,gt,1
NC_037356.1,NC_032678.1,11930335,12510914,12510917,c,ctct,3
NC_037356.1,NC_032678.1,11935740,12516322,12516324,C,CAG,2
NC_037356.1,NC_032678.1,11954399,12534984,12534985,t,tW,1
NC_037356.1,NC_032678.1,11958480,12539059,12539061,T,TCC,2
NC_037356.1,NC_032678.1,12015821,12596421,12596427,c,caccagg,6
NC_037356.1,NC_032678.1,12020489,12601111,12601116,c,cRgttt,5
NC_037356.1,NC_032678.1,12024877,12605506,12605507,a,ag,1
NC_037356.1,NC_032678.1,12030305,12610928,12610947,a,agttCGCNNNNNNNNNNNNN,19
NC_037356.1,NC_032678.1,12030332,12610974,12610978,a,aatcg,4
NC_037356.1,NC_032678.1,12093908,12674566,12674571,t,ttttta,5
NC_037356.1,NC_032678.1,12095293,12675966,12675980,t,ttgatcattatgtag,14
NC_037356.1,NC_032678.1,12103728,12684416,12684417,A,AR,1
NC_037356.1,NC_032678.1,12106544,12687257,12687258,C,CA,1
NC_037356.1,NC_032678.1,12108764,12689477,12689478,C,CT,1
NC_037356.1,NC_032678.1,12175021,12756578,12756579,T,TW,1
NC_037356.1,NC_032678.1,12191440,12773002,12773003,c,ct,1
NC_037356.1,NC_032678.1,12197580,12779144,12779145,C,CA,1
NC_037356.1,NC_032678.1,12198599,12780165,12780168,t,tttg,3
NC_037356.1,NC_032678.1,12202661,12784238,12784250,C,CTAGTACAGAAAT,12
NC_037356.1,NC_032678.1,12203813,12785402,12785403,t,tg,1
NC_037356.1,NC_032678.1,12204662,12786253,12786256,g,gtgt,3
NC_037356.1,NC_032678.1,12204695,12786289,12786290,t,tg,1
NC_037356.1,NC_032678.1,12216885,12798468,12798478,A,AGACGTTTCCW,10
NC_037356.1,NC_032678.1,12217784,12799378,12799380,A,AAT,2
NC_037356.1,NC_032678.1,12290310,12871946,12872014,a,aNNNNNNNNNNNNNNNNNNNNNNNNNNNNNNNNNNNNNNNNNNNNNNNNNNNNNNNNNNNNNNNNNNNN,68
NC_037356.1,NC_032678.1,12292212,12873915,12873917,G,GGA,2
NC_037356.1,NC_032678.1,12365485,12961939,12961944,t,taaaaa,5
NC_037356.1,NC_032678.1,12381229,12978812,12978813,A,AG,1
NC_037356.1,NC_032678.1,12384622,12982264,12982267,t,tagc,3
NC_037356.1,NC_032678.1,12385531,12983171,12983176,C,CGAGCG,5
NC_037356.1,NC_032678.1,12388300,12985946,12985947,g,ga,1
NC_037356.1,NC_032678.1,12420570,13018243,13018245,T,TTC,2
NC_037356.1,NC_032678.1,12440128,13037810,13037811,c,cg,1
NC_037356.1,NC_032678.1,12440134,13037817,13037818,c,cg,1
NC_037356.1,NC_032678.1,12467683,13065374,13065378,C,CATAA,4
NC_037356.1,NC_032678.1,12479255,13077148,13077150,A,ATC,2
NC_037356.1,NC_032678.1,12656540,13276815,13276816,G,GS,1
NC_037356.1,NC_032678.1,12670905,13291181,13291182,T,TY,1
NC_037356.1,NC_032678.1,12684787,13305061,13305062,C,CT,1
NC_037356.1,NC_032678.1,12719946,13392545,13392546,A,AM,1
NC_037356.1,NC_032678.1,12766982,13438983,13438984,c,cg,1
NC_037356.1,NC_032678.1,12913698,13590168,13590169,A,AG,1
NC_037356.1,NC_032678.1,12916218,13592542,13592543,t,tg,1
NC_037356.1,NC_032678.1,13009916,13686353,13686355,t,tta,2
NC_037356.1,NC_032678.1,13071840,13748135,13748136,t,tN,1
NC_037356.1,NC_032678.1,13090592,13766889,13766899,g,gctgctgctgc,10
NC_037356.1,NC_032678.1,13256753,13932777,13932778,a,ag,1
NC_037356.1,NC_032678.1,13313081,13989116,13989117,c,ct,1
NC_037356.1,NC_032678.1,13398180,14074445,14074446,t,tc,1
NC_037356.1,NC_032678.1,13436054,14112633,14112635,A,AAG,2
NC_037356.1,NC_032678.1,13448357,14131511,14131512,g,ga,1
NC_037356.1,NC_032678.1,13462580,14145187,14145188,g,gt,1
NC_037356.1,NC_032678.1,13466148,14148777,14148789,c,ccatatatatata,12
NC_037356.1,NC_032678.1,13477581,14160225,14160233,A,ATCATAACC,8
NC_037356.1,NC_032678.1,13482383,14165036,14165038,A,AAG,2
NC_037356.1,NC_032678.1,13583785,14331105,14331106,c,ca,1
NC_037356.1,NC_032678.1,13584929,14332250,14332251,c,cg,1
NC_037356.1,NC_032678.1,13591508,14338539,14338541,T,TAA,2
NC_037356.1,NC_032678.1,13595112,14342145,14342146,T,TW,1
NC_037356.1,NC_032678.1,13662973,14409831,14409832,T,TC,1
NC_037356.1,NC_032678.1,13665433,14412294,14412295,A,AS,1
NC_037356.1,NC_032678.1,13674716,14421567,14421568,G,GK,1
NC_037356.1,NC_032678.1,13675631,14422482,14422486,T,TACTA,4
NC_037356.1,NC_032678.1,13698724,14448842,14448845,G,GACA,3
NC_037356.1,NC_032678.1,13708372,14458515,14458517,a,aag,2
NC_037356.1,NC_032678.1,13717774,14528578,14528579,g,ga,1
NC_037356.1,NC_032678.1,13717803,14528608,14528609,a,ag,1
NC_037356.1,NC_032678.1,13721878,14532531,14532539,a,atattaaag,8
NC_037356.1,NC_032678.1,13732170,14542828,14542837,A,AATAAAAGAT,9
NC_037356.1,NC_032678.1,13750244,14560929,14560932,t,taaa,3
NC_037356.1,NC_032678.1,13751742,14562430,14562431,A,AC,1
NC_037356.1,NC_032678.1,13777162,14587874,14587875,c,ct,1
NC_037356.1,NC_032678.1,13783486,14594200,14594201,a,aR,1
NC_037356.1,NC_032678.1,13807015,14617715,14617719,t,tNNNN,4
NC_037356.1,NC_032678.1,13831725,14642363,14642364,t,ta,1
NC_037356.1,NC_032678.1,13844277,14654915,14654916,t,tg,1
NC_037356.1,NC_032678.1,13915034,14726181,14726182,C,CT,1
NC_037356.1,NC_032678.1,13924707,14735242,14735254,G,GAAAATCTAATAT,12
NC_037356.1,NC_032678.1,13926429,14736948,14736949,G,GT,1
NC_037356.1,NC_032678.1,13927538,14738058,14738078,G,GGCTCCTCTAGGTAGTTCACA,20
NC_037356.1,NC_032678.1,13938151,14748789,14748790,c,ca,1
NC_037356.1,NC_032678.1,13943801,14754598,14754599,g,gt,1
NC_037356.1,NC_032678.1,14014767,14826221,14826222,a,ag,1
NC_037356.1,NC_032678.1,14028187,14839643,14839645,g,gaa,2
NC_037356.1,NC_032678.1,14033109,14844383,14844384,A,AG,1
NC_037356.1,NC_032678.1,14063381,14874663,14874664,C,CM,1
NC_037356.1,NC_032678.1,14112042,14922869,14922870,t,tg,1
NC_037356.1,NC_032678.1,14229128,15047161,15047162,a,at,1
NC_037356.1,NC_032678.1,14230880,15048915,15048924,g,gaaacagtgt,9
NC_037356.1,NC_032678.1,14231750,15049794,15049795,T,TR,1
NC_037356.1,NC_032678.1,14289619,15105872,15105875,T,TTTA,3
NC_037356.1,NC_032678.1,14389074,15222545,15222555,t,tataNNNNNNN,10
NC_037356.1,NC_032678.1,14390285,15223768,15223769,T,TN,1
NC_037356.1,NC_032678.1,14444576,15316066,15316067,G,GA,1
NC_037356.1,NC_032678.1,14569338,15441048,15441049,t,tc,1
NC_037356.1,NC_032678.1,14595919,15466789,15466790,a,ag,1
NC_037356.1,NC_032678.1,14614722,15485535,15485536,C,CT,1
NC_037356.1,NC_032678.1,14614857,15485670,15485671,c,ct,1
NC_037356.1,NC_032678.1,14616710,15486908,15486912,c,catat,4
NC_037356.1,NC_032678.1,14617562,15487765,15487769,g,gatgt,4
NC_037356.1,NC_032678.1,14618154,15488346,15488350,g,gattt,4
NC_037356.1,NC_032678.1,14618224,15488420,15488421,a,at,1
NC_037356.1,NC_032678.1,14629597,15499801,15499802,A,AG,1
NC_037356.1,NC_032678.1,14656661,15526874,15526875,T,TG,1
NC_037356.1,NC_032678.1,14678249,15548467,15548468,t,tc,1
NC_037356.1,NC_032678.1,14699985,15570239,15570248,A,AGGCTTCATT,9
NC_037356.1,NC_032678.1,14700291,15570545,15570546,A,AG,1
NC_037356.1,NC_032678.1,14701003,15571258,15571259,C,CY,1
NC_037356.1,NC_032678.1,14701582,15571842,15571843,C,CT,1
NC_037356.1,NC_032678.1,14701588,15571849,15571850,c,ca,1
NC_037356.1,NC_032678.1,14706940,15577206,15577207,C,CT,1
NC_037356.1,NC_032678.1,14746537,15616805,15616809,T,TTAGC,4
NC_037356.1,NC_032678.1,14752487,15622760,15622762,g,gtc,2
NC_037356.1,NC_032678.1,14767955,15665712,15665713,c,ct,1
NC_037356.1,NC_032678.1,14770989,15669494,15669495,T,TG,1
NC_037356.1,NC_032678.1,14797009,15693884,15693885,T,TW,1
NC_037356.1,NC_032678.1,14797021,15693897,15693898,A,AC,1
NC_037356.1,NC_032678.1,14826961,15723832,15723835,T,TTGC,3
NC_037356.1,NC_032678.1,14827072,15723946,15723947,T,TG,1
NC_037356.1,NC_032678.1,14828253,15725123,15725124,T,TC,1
NC_037356.1,NC_032678.1,14830030,15726902,15726903,a,ag,1
NC_037356.1,NC_032678.1,14830248,15727120,15727121,a,ac,1
NC_037356.1,NC_032678.1,14837720,15734641,15734642,c,cg,1
NC_037356.1,NC_032678.1,14889292,15786751,15786753,g,gMc,2
NC_037356.1,NC_032678.1,14912903,15810368,15810369,c,cg,1
NC_037356.1,NC_032678.1,14928657,15826125,15826126,A,AR,1
NC_037356.1,NC_032678.1,14947650,15854162,15854164,a,att,2
NC_037356.1,NC_032678.1,15059976,15966182,15966183,T,TC,1
NC_037356.1,NC_032678.1,15060044,15966251,15966252,a,ag,1
NC_037356.1,NC_032678.1,15357777,16260005,16260006,c,ct,1
NC_037356.1,NC_032678.1,15372714,16278179,16278180,a,at,1
NC_037356.1,NC_032678.1,15456281,16361668,16361670,t,tNN,2
NC_037356.1,NC_032678.1,15466532,16371909,16371910,c,ct,1
NC_037356.1,NC_032678.1,15466853,16372231,16372232,c,ct,1
NC_037356.1,NC_032678.1,15467246,16372626,16372627,a,at,1
NC_037356.1,NC_032678.1,15735817,16640445,16640446,A,AM,1
NC_037356.1,NC_032678.1,15770177,16674805,16674806,C,CA,1
NC_037356.1,NC_032678.1,15997603,16907056,16907057,A,AC,1
NC_037356.1,NC_032678.1,16335006,17244622,17244623,c,ct,1
NC_037356.1,NC_032678.1,16371187,17280806,17280807,T,TK,1
NC_037356.1,NC_032678.1,16421320,17330730,17330732,t,tcc,2
NC_037356.1,NC_032678.1,16447637,17357113,17357114,a,at,1
NC_037356.1,NC_032678.1,16460922,17368927,17368928,T,TA,1
NC_037356.1,NC_032678.1,16546992,17454124,17454125,T,TN,1
NC_037356.1,NC_032678.1,16547037,17454170,17454173,G,GCTC,3
NC_037356.1,NC_032678.1,16553780,17460775,17460776,A,AC,1
NC_037356.1,NC_032678.1,17146452,18049274,18049298,A,AAGGCCCACCAGCAGGTGGGCCTCC,24
NC_037356.1,NC_032678.1,17159543,18063087,18063089,C,CTT,2
NC_037356.1,NC_032678.1,17171067,18074613,18074648,C,CCTGCGACAGGACATTTCTCTAGTAGCTATGGAAAT,35
NC_037356.1,NC_032678.1,17171067,18085912,18085947,C,CCTGCGACAGGACATTTCTCTAGTAGCTATGGAAAT,35
NC_037356.1,NC_032678.1,17181481,18096689,18096690,A,AT,1
NC_037356.1,NC_032678.1,17187947,18103139,18103141,A,ACT,2
NC_037356.1,NC_032678.1,17188846,18104038,18104041,T,TTCC,3
NC_037356.1,NC_032678.1,17206528,18121460,18121465,C,CCTGCA,5
NC_037356.1,NC_032678.1,17232366,18147306,18147316,A,AGACATGTTGC,10
NC_037356.1,NC_032678.1,17284053,18199045,18199046,A,AG,1
NC_037356.1,NC_032678.1,17306119,18221141,18221142,C,CT,1
NC_037356.1,NC_032678.1,17307444,18222467,18222469,C,CTA,2
NC_037356.1,NC_032678.1,17313752,18228589,18228590,G,GA,1
NC_037356.1,NC_032678.1,17317240,18232076,18232077,T,TC,1
NC_037356.1,NC_032678.1,17343456,18258298,18258302,A,ATGGG,4
NC_037356.1,NC_032678.1,17346764,18261608,18261611,T,TATC,3
NC_037356.1,NC_032678.1,17348169,18263016,18263017,C,CY,1
NC_037356.1,NC_032678.1,17350372,18265219,18265220,T,TG,1
NC_037356.1,NC_032678.1,17373384,18288253,18288257,C,CAGCA,4
NC_037356.1,NC_032678.1,17394623,18309770,18309771,A,AG,1
NC_037356.1,NC_032678.1,17612427,18530009,18530010,A,AC,1
NC_037356.1,NC_032678.1,17789195,18707009,18707011,G,GAC,2
NC_037356.1,NC_032678.1,17848598,18828146,18828152,a,aNNNNNN,6
NC_037356.1,NC_032678.1,17897747,18876858,18876861,t,tttg,3
NC_037356.1,NC_032678.1,17901414,18880529,18880530,G,GK,1
NC_037356.1,NC_032678.1,17922806,18901924,18901926,a,aac,2
NC_037356.1,NC_032678.1,17979939,18935491,18935492,T,TC,1
NC_037356.1,NC_032678.1,18095185,19050942,19050943,t,tg,1
NC_037356.1,NC_032678.1,18108596,19064255,19064256,g,ga,1
NC_037356.1,NC_032678.1,18258194,19214323,19214324,c,ca,1
NC_037356.1,NC_032678.1,18358204,19314813,19314819,a,atgaaag,6
NC_037356.1,NC_032678.1,18365374,19321971,19321972,A,AW,1
NC_037356.1,NC_032678.1,18413604,19370139,19370140,A,AT,1
NC_037356.1,NC_032678.1,18476620,19433172,19433173,G,GA,1
NC_037356.1,NC_032678.1,18478181,19434734,19434735,c,ca,1
NC_037356.1,NC_032678.1,18478746,19435300,19435305,a,actgat,5
NC_037356.1,NC_032678.1,18480902,19437461,19437462,G,GA,1
NC_037356.1,NC_032678.1,18480940,19437500,19437501,A,AG,1
NC_037356.1,NC_032678.1,18490270,19446832,19446833,g,gc,1
NC_037356.1,NC_032678.1,18491569,19448133,19448134,a,ag,1
NC_037356.1,NC_032678.1,18491614,19448179,19448180,g,ga,1
NC_037356.1,NC_032678.1,18491649,19448215,19448216,t,tc,1
NC_037356.1,NC_032678.1,18506702,19470021,19470028,t,tNNNNNNN,7
NC_037356.1,NC_032678.1,18507139,19470465,19470466,A,AT,1
NC_037356.1,NC_032678.1,18521878,19485206,19485210,G,GCGGC,4
NC_037356.1,NC_032678.1,18539769,19503103,19503104,G,GK,1
NC_037356.1,NC_032678.1,18571992,19535828,19535830,T,TTC,2
NC_037356.1,NC_032678.1,18741722,19705813,19705814,g,gt,1
NC_037356.1,NC_032678.1,18912229,19892053,19892058,t,tctgaa,5
NC_037356.1,NC_032678.1,18915325,19895155,19895156,c,ct,1
NC_037356.1,NC_032678.1,18927597,19907432,19907433,A,AG,1
NC_037356.1,NC_032678.1,18930038,19909874,19909875,G,GA,1
NC_037356.1,NC_032678.1,18939541,19919783,19919790,T,TTGAGTGG,7
NC_037356.1,NC_032678.1,18943559,19923804,19923805,c,cg,1
NC_037356.1,NC_032678.1,18943781,19924028,19924029,a,at,1
NC_037356.1,NC_032678.1,18947733,19927979,19927981,a,atc,2
NC_037356.1,NC_032678.1,18949138,19929385,19929386,t,ta,1
NC_037356.1,NC_032678.1,18949532,19929780,19929782,a,aac,2
NC_037356.1,NC_032678.1,18953713,19933984,19933986,t,ttW,2
NC_037356.1,NC_032678.1,18957550,19937828,19937829,g,ga,1
NC_037356.1,NC_032678.1,18958362,19938639,19938640,T,TA,1
NC_037356.1,NC_032678.1,19051544,20032168,20032169,c,ct,1
NC_037356.1,NC_032678.1,19068979,20049602,20049603,A,AC,1
NC_037356.1,NC_032678.1,19070783,20051407,20051410,C,CTTA,3
NC_037356.1,NC_032678.1,19087292,20067944,20067945,a,ac,1
NC_037356.1,NC_032678.1,19087900,20068554,20068560,T,TTTTGGG,6
NC_037356.1,NC_032678.1,19092411,20073041,20073042,g,gc,1
NC_037356.1,NC_032678.1,19101268,20081898,20081899,a,ac,1
NC_037356.1,NC_032678.1,19113399,20095254,20095255,T,TG,1
NC_037356.1,NC_032678.1,19120866,20102713,20102717,a,aaaag,4
NC_037356.1,NC_032678.1,19127801,20109674,20109676,t,tta,2
NC_037356.1,NC_032678.1,19130290,20112160,20112161,t,tg,1
NC_037356.1,NC_032678.1,19130970,20112841,20112842,g,gt,1
NC_037356.1,NC_032678.1,19142864,20122195,20122208,a,agacttCAGTCCAC,13
NC_037356.1,NC_032678.1,19153752,20133096,20133097,T,TA,1
NC_037356.1,NC_032678.1,19166990,20143325,20143328,g,gtgt,3
NC_037356.1,NC_032678.1,19167354,20143689,20143692,c,ctaa,3
NC_037356.1,NC_032678.1,19169591,20145931,20145937,g,gaagtta,6
NC_037356.1,NC_032678.1,19170493,20146839,20146840,t,ta,1
NC_037356.1,NC_032678.1,19179830,20159532,20159535,C,CTTG,3
NC_037356.1,NC_032678.1,19190999,20172719,20172728,A,AAGTGTTAGC,9
NC_037356.1,NC_032678.1,19210240,20193508,20193510,t,tta,2
NC_037356.1,NC_032678.1,19213811,20197083,20197084,G,GC,1
NC_037356.1,NC_032678.1,19223942,20207223,20207224,C,CT,1
NC_037356.1,NC_032678.1,19228709,20211852,20211853,c,ct,1
NC_037356.1,NC_032678.1,19253025,20236241,20236243,g,gct,2
NC_037356.1,NC_032678.1,19270538,20253848,20253857,c,cctcaatctt,9
NC_037356.1,NC_032678.1,19273041,20256361,20256362,t,ta,1
NC_037356.1,NC_032678.1,19282739,20266050,20266051,a,ag,1
NC_037356.1,NC_032678.1,19291874,20288476,20288477,t,tg,1
NC_037356.1,NC_032678.1,19300299,20296906,20296910,c,cctct,4
NC_037356.1,NC_032678.1,19300311,20296922,20296925,a,aatt,3
NC_037356.1,NC_032678.1,19313694,20310323,20310324,C,CY,1
NC_037356.1,NC_032678.1,19318119,20314481,20314485,A,ATGTG,4
NC_037356.1,NC_032678.1,19318202,20314568,20314569,T,TA,1
NC_037356.1,NC_032678.1,19318376,20314742,20314743,t,tc,1
NC_037356.1,NC_032678.1,19319572,20315934,20315935,t,ta,1
NC_037356.1,NC_032678.1,19320205,20316568,20316569,c,ct,1
NC_037356.1,NC_032678.1,19320320,20316684,20316689,C,CATCTT,5
NC_037356.1,NC_032678.1,19320424,20316792,20316793,T,TC,1
NC_037356.1,NC_032678.1,19321304,20317673,20317674,c,ca,1
NC_037356.1,NC_032678.1,19322231,20318603,20318606,T,TTTC,3
NC_037356.1,NC_032678.1,19323867,20320241,20320242,t,tc,1
NC_037356.1,NC_032678.1,19337066,20333452,20333453,c,cg,1
NC_037356.1,NC_032678.1,19339763,20337262,20337263,T,TC,1
NC_037356.1,NC_032678.1,19386520,20384029,20384030,A,AG,1
NC_037356.1,NC_032678.1,19475700,20476996,20476997,a,aN,1
NC_037356.1,NC_032678.1,19622907,20622597,20622598,A,AG,1
NC_037356.1,NC_032678.1,19661796,20661632,20661633,c,ct,1
NC_037356.1,NC_032678.1,19670815,20670647,20670648,A,AW,1
NC_037356.1,NC_032678.1,19754178,20761174,20761175,C,CT,1
NC_037356.1,NC_032678.1,19754435,20761432,20761433,T,TC,1
NC_037356.1,NC_032678.1,19755248,20762246,20762247,G,GA,1
NC_037356.1,NC_032678.1,19780439,20787497,20787498,A,AT,1
NC_037356.1,NC_032678.1,19781632,20788691,20788692,C,CA,1
NC_037356.1,NC_032678.1,19784353,20791403,20791406,t,ttta,3
NC_037356.1,NC_032678.1,19788400,20795453,20795459,g,gagatca,6
NC_037356.1,NC_032678.1,19796145,20803205,20803206,C,CA,1
NC_037356.1,NC_032678.1,19796151,20803212,20803213,G,GA,1
NC_037356.1,NC_032678.1,19831226,20838312,20838313,t,ta,1
NC_037356.1,NC_032678.1,19843976,20841614,20841615,A,AT,1
NC_037356.1,NC_032678.1,19851223,20848880,20848918,T,TAACTGCCGCCACAGAGATGCGGAAAAGCGCGAGGCTGC,38
NC_037356.1,NC_032678.1,19858437,20856116,20856135,t,ttaaaaacaaaacaaaacaa,19
NC_037356.1,NC_032678.1,19858604,20856302,20856305,t,taag,3
NC_037356.1,NC_032678.1,19860730,20858425,20858426,C,CA,1
NC_037356.1,NC_032678.1,19867025,20864719,20864720,g,ga,1
NC_037356.1,NC_032678.1,19894764,20892464,20892465,A,AC,1
NC_037356.1,NC_032678.1,19932548,20934626,20934628,c,caa,2
NC_037356.1,NC_032678.1,19948642,20950717,20950719,a,aat,2
NC_037356.1,NC_032678.1,19948940,20951017,20951021,C,CTCTT,4
NC_037356.1,NC_032678.1,20000372,21004336,21004337,a,ag,1
NC_037356.1,NC_032678.1,20006316,21010312,21010316,C,CTAAG,4
NC_037356.1,NC_032678.1,20014231,21019111,21019112,g,ga,1
NC_037356.1,NC_032678.1,20023480,21028358,21028362,g,gaaac,4
NC_037356.1,NC_032678.1,20037487,21042242,21042254,t,tcaaaaaaaaaaa,12
NC_037356.1,NC_032678.1,20045604,21050367,21050375,c,ctgtgtgtg,8
NC_037356.1,NC_032678.1,20069461,21074235,21074237,t,tta,2
NC_037356.1,NC_032678.1,20081541,21086318,21086319,a,ac,1
NC_037356.1,NC_032678.1,20083224,21088002,21088004,A,ACT,2
NC_037356.1,NC_032678.1,20096383,21101167,21101168,T,TG,1
NC_037356.1,NC_032678.1,20100173,21104977,21104979,A,AAT,2
NC_037356.1,NC_032678.1,20126373,21131182,21131183,G,GK,1
NC_037356.1,NC_032678.1,20205063,21215065,21215069,c,ctctt,4
NC_037356.1,NC_032678.1,20277657,21287661,21287662,g,gt,1
NC_037356.1,NC_032678.1,20281424,21291429,21291435,c,ctgtcca,6
NC_037356.1,NC_032678.1,20282512,21292523,21292524,t,ta,1
NC_037356.1,NC_032678.1,20301344,21309176,21309177,t,tc,1
NC_037356.1,NC_032678.1,20328841,21336675,21336676,g,ga,1
NC_037356.1,NC_032678.1,20396474,21504378,21504379,a,ac,1
NC_037356.1,NC_032678.1,20420829,21568256,21568259,T,TTAC,3
NC_037356.1,NC_032678.1,20541731,21682974,21682982,t,ttttttttg,8
NC_037356.1,NC_032678.1,20570053,21711305,21711307,a,aNN,2
NC_037356.1,NC_032678.1,20754288,21895347,21895349,a,aNN,2
NC_037356.1,NC_032678.1,20818537,21970148,21970150,c,caa,2
NC_037356.1,NC_032678.1,20820713,21972326,21972328,g,gtt,2
NC_037356.1,NC_032678.1,20826116,21977344,21977345,c,ct,1
NC_037356.1,NC_032678.1,20827002,21978230,21978231,t,ta,1
NC_037356.1,NC_032678.1,20828320,21979549,21979551,t,ttg,2
NC_037356.1,NC_032678.1,20841337,21992573,21992575,t,ttg,2
NC_037356.1,NC_032678.1,20850966,22016604,22016607,C,CTGT,3
NC_037356.1,NC_032678.1,20880725,22046376,22046379,a,aatc,3
NC_037356.1,NC_032678.1,20880988,22046642,22046645,T,TTTG,3
NC_037356.1,NC_032678.1,20883632,22049292,22049293,T,TC,1
NC_037356.1,NC_032678.1,20884286,22049947,22049949,C,CTT,2
NC_037356.1,NC_032678.1,20909661,22075613,22075614,T,TC,1
NC_037356.1,NC_032678.1,20916038,22084239,22084241,t,tta,2
NC_037356.1,NC_032678.1,20923073,22091298,22091309,G,GACAATACAAGT,11
NC_037356.1,NC_032678.1,20931763,22100000,22100001,a,at,1
NC_037356.1,NC_032678.1,20945874,22113846,22113856,G,GTGATGTTATA,10
NC_037356.1,NC_032678.1,21002782,22170399,22170400,c,ct,1
NC_037356.1,NC_032678.1,21015476,22183094,22183098,a,aNNNN,4
NC_037356.1,NC_032678.1,21050421,22218051,22218053,a,aaW,2
NC_037356.1,NC_032678.1,21067372,22235048,22235050,t,tac,2
NC_037356.1,NC_032678.1,21068441,22236117,22236118,a,at,1
NC_037356.1,NC_032678.1,21070587,22238268,22238271,t,tgaa,3
NC_037356.1,NC_032678.1,21083139,22250843,22250847,G,GCATA,4
NC_037356.1,NC_032678.1,21084686,22270518,22270522,T,TNNNN,4
NC_037356.1,NC_032678.1,21086544,22254248,22254250,g,gga,2
NC_037356.1,NC_032678.1,21086544,22272379,22272381,g,gga,2
NC_037356.1,NC_032678.1,21098513,22284069,22284070,g,gt,1
NC_037356.1,NC_032678.1,21099491,22285048,22285051,t,ttaa,3
NC_037356.1,NC_032678.1,21124133,22309703,22309704,g,gW,1
NC_037356.1,NC_032678.1,21146637,22337535,22337536,T,TW,1
NC_037356.1,NC_032678.1,21221967,22412949,22412950,t,tc,1
NC_037356.1,NC_032678.1,21222116,22413099,22413100,a,ac,1
NC_037356.1,NC_032678.1,21231572,22422556,22422557,A,AT,1
NC_037356.1,NC_032678.1,21250927,22441872,22441877,t,ttttta,5
NC_037356.1,NC_032678.1,21254426,22445376,22445377,a,at,1
NC_037356.1,NC_032678.1,21325896,22497466,22497467,a,ac,1
NC_037356.1,NC_032678.1,21328283,22499852,22499853,t,ta,1
NC_037356.1,NC_032678.1,21374332,22545904,22545905,t,tg,1
NC_037356.1,NC_032678.1,21394819,22566391,22566392,g,ga,1
NC_037356.1,NC_032678.1,21395886,22567458,22567460,c,caa,2
NC_037356.1,NC_032678.1,21419842,22616690,22616691,c,ca,1
NC_037356.1,NC_032678.1,21433057,22629908,22629909,C,CT,1
NC_037356.1,NC_032678.1,21516451,22713299,22713300,T,TG,1
NC_037356.1,NC_032678.1,21521595,22718725,22718726,t,tg,1
NC_037356.1,NC_032678.1,21554532,22754449,22754450,g,ga,1
NC_037356.1,NC_032678.1,21558611,22758526,22758527,a,aN,1
NC_037356.1,NC_032678.1,21565328,22765244,22765245,t,ta,1
NC_037356.1,NC_032678.1,21571287,22771202,22771203,c,ca,1
NC_037356.1,NC_032678.1,21588982,22788930,22788931,g,gc,1
NC_037356.1,NC_032678.1,21589048,22788997,22788998,g,gt,1
NC_037356.1,NC_032678.1,21692594,22868044,22868045,t,tg,1
NC_037356.1,NC_032678.1,21707021,22882039,22882040,a,aG,1
NC_037356.1,NC_032678.1,21710404,22885427,22885430,a,atat,3
NC_037356.1,NC_032678.1,21710558,22885585,22885586,A,AC,1
NC_037356.1,NC_032678.1,21728393,22903419,22903420,T,TY,1
NC_037356.1,NC_032678.1,21948731,23124464,23124465,C,CY,1
NC_037356.1,NC_032678.1,22023583,23204732,23204733,A,AT,1
NC_037356.1,NC_032678.1,22079949,23224386,23224388,C,CCT,2
NC_037356.1,NC_032678.1,22080481,23224920,23224921,c,ct,1
NC_037356.1,NC_032678.1,22151465,23299435,23299436,G,GA,1
NC_037356.1,NC_032678.1,22245936,23394273,23394275,C,CTT,2
NC_037356.1,NC_032678.1,22283237,23431582,23431584,t,tta,2
NC_037356.1,NC_032678.1,22297733,23446055,23446060,t,tgtatg,5
NC_037356.1,NC_032678.1,22298737,23447064,23447065,g,ga,1
NC_037356.1,NC_032678.1,22300758,23448323,23448327,T,TTGGG,4
NC_037356.1,NC_032678.1,22302245,23449813,23449814,g,gt,1
NC_037356.1,NC_032678.1,22302540,23450109,23450110,a,ag,1
NC_037356.1,NC_032678.1,22302573,23450143,23450144,g,gt,1
NC_037356.1,NC_032678.1,22303258,23450815,23450816,g,ga,1
NC_037356.1,NC_032678.1,22304156,23451735,23451736,t,ta,1
NC_037356.1,NC_032678.1,22304680,23452260,23452261,g,ga,1
NC_037356.1,NC_032678.1,22304981,23452562,23452563,g,ga,1
NC_037356.1,NC_032678.1,22304993,23452575,23452576,a,ac,1
NC_037356.1,NC_032678.1,22305307,23452890,23452891,c,ca,1
NC_037356.1,NC_032678.1,22350017,23498188,23498189,G,GR,1
NC_037356.1,NC_032678.1,22367367,23515838,23515839,A,AG,1
NC_037356.1,NC_032678.1,22368826,23517298,23517311,T,TCCCTTTCAGGTGA,13
NC_037356.1,NC_032678.1,22376379,23524865,23524871,G,GAGTTTA,6
NC_037356.1,NC_032678.1,22387554,23536043,23536060,t,ttttcaccttgcttatag,17
NC_037356.1,NC_032678.1,22388587,23537093,23537104,a,aaatggaaagat,11
NC_037356.1,NC_032678.1,22389489,23538006,23538007,t,tW,1
NC_037356.1,NC_032678.1,22389503,23538021,23538022,c,ca,1
NC_037356.1,NC_032678.1,22391074,23539597,23539599,T,TAG,2
NC_037356.1,NC_032678.1,22446926,23596292,23596293,T,TY,1
NC_037356.1,NC_032678.1,22462525,23612416,23612417,C,CA,1
NC_037356.1,NC_032678.1,22478585,23628482,23628483,t,tg,1
NC_037356.1,NC_032678.1,22478592,23628490,23628491,g,gt,1
NC_037356.1,NC_032678.1,22547986,23697885,23697886,G,GC,1
NC_037356.1,NC_032678.1,22552751,23702650,23702652,a,aat,2
NC_037356.1,NC_032678.1,22567572,23717688,23717689,c,ca,1
NC_037356.1,NC_032678.1,22568536,23718653,23718654,a,aN,1
NC_037356.1,NC_032678.1,22626380,23776480,23776481,g,ga,1
NC_037356.1,NC_032678.1,22685284,23835392,23835396,a,accct,4
NC_037356.1,NC_032678.1,22685844,23835953,23835954,a,at,1
NC_037356.1,NC_032678.1,22686218,23836327,23836328,G,GR,1
NC_037356.1,NC_032678.1,22690649,23840760,23840761,a,aR,1
NC_037356.1,NC_032678.1,22692131,23842243,23842248,t,tatata,5
NC_037356.1,NC_032678.1,22692136,23842253,23842254,t,ta,1
NC_037356.1,NC_032678.1,22692141,23842259,23842260,t,ta,1
NC_037356.1,NC_032678.1,22696420,23846538,23846554,A,AGCAGTGGTTCACAACT,16
NC_037356.1,NC_032678.1,22700856,23850760,23850761,C,CA,1
NC_037356.1,NC_032678.1,22766881,23921903,23921904,t,tW,1
NC_037356.1,NC_032678.1,22790171,23945128,23945139,C,CCCCACATAGAM,11
NC_037356.1,NC_032678.1,22829492,23984483,23984493,T,TGACTTGTAAA,10
NC_037356.1,NC_032678.1,22830264,23985272,23985273,C,CT,1
NC_037356.1,NC_032678.1,22846131,24001135,24001136,t,tc,1
NC_037356.1,NC_032678.1,22865552,24020560,24020561,t,tc,1
NC_037356.1,NC_032678.1,22867951,24022960,24022961,A,AG,1
NC_037356.1,NC_032678.1,22875424,24030436,24030437,T,TC,1
NC_037356.1,NC_032678.1,22878991,24034005,24034006,G,GA,1
NC_037356.1,NC_032678.1,22883526,24038542,24038543,g,gt,1
NC_037356.1,NC_032678.1,22883851,24038868,24038869,c,ca,1
NC_037356.1,NC_032678.1,22889547,24044564,24044565,a,ag,1
NC_037356.1,NC_032678.1,22891145,24046163,24046165,c,cta,2
NC_037356.1,NC_032678.1,22938390,24093440,24093441,t,tg,1
NC_037356.1,NC_032678.1,22945867,24100902,24100903,A,AT,1
NC_037356.1,NC_032678.1,22949249,24104286,24104290,a,aaaac,4
NC_037356.1,NC_032678.1,22949433,24104474,24104475,C,CT,1
NC_037356.1,NC_032678.1,22981064,24137946,24137947,t,ta,1
NC_037356.1,NC_032678.1,23002842,24159724,24159725,a,at,1
NC_037356.1,NC_032678.1,23003121,24160003,24160004,c,ct,1
NC_037356.1,NC_032678.1,23003366,24160250,24160251,C,CN,1
NC_037356.1,NC_032678.1,23004144,24161037,24161040,t,tata,3
NC_037356.1,NC_032678.1,23006037,24162930,24162931,c,ca,1
NC_037356.1,NC_032678.1,23006347,24163241,24163242,A,AG,1
NC_037356.1,NC_032678.1,23006573,24163468,24163469,T,TW,1
NC_037356.1,NC_032678.1,23007865,24164763,24164764,T,TA,1
NC_037356.1,NC_032678.1,23008704,24165603,24165604,C,CA,1
NC_037356.1,NC_032678.1,23012020,24168915,24168916,G,GT,1
NC_037356.1,NC_032678.1,23012085,24168981,24168982,g,ga,1
NC_037356.1,NC_032678.1,23015548,24172452,24172455,C,CTAA,3
NC_037356.1,NC_032678.1,23016023,24172930,24172934,T,TTCTC,4
NC_037356.1,NC_032678.1,23016671,24173581,24173582,T,TG,1
NC_037356.1,NC_032678.1,23033301,24190238,24190240,t,taa,2
NC_037356.1,NC_032678.1,23041086,24198025,24198027,c,ctt,2
NC_037356.1,NC_032678.1,23056379,24213320,24213321,A,AG,1
NC_037356.1,NC_032678.1,23067127,24224072,24224073,c,ct,1
NC_037356.1,NC_032678.1,23068632,24225574,24225575,C,CT,1
NC_037356.1,NC_032678.1,23068931,24225871,24225872,A,AM,1
NC_037356.1,NC_032678.1,23070812,24227753,24227754,t,tc,1
NC_037356.1,NC_032678.1,23093493,24250569,24250579,g,gtccctgggat,10
NC_037356.1,NC_032678.1,23100822,24257918,24257919,A,AR,1
NC_037356.1,NC_032678.1,23101648,24258750,24258756,a,aNNNNNN,6
NC_037356.1,NC_032678.1,23115287,24268040,24268041,g,ga,1
NC_037356.1,NC_032678.1,23116278,24269030,24269040,G,GAAACCATACC,10
NC_037356.1,NC_032678.1,23117716,24270478,24270492,c,cccaccaccgccCCG,14
NC_037356.1,NC_032678.1,23118451,24271236,24271237,a,at,1
NC_037356.1,NC_032678.1,23128279,24281975,24281976,A,AM,1
NC_037356.1,NC_032678.1,23137243,24290996,24290997,A,AW,1
NC_037356.1,NC_032678.1,23138627,24292379,24292381,g,gaa,2
NC_037356.1,NC_032678.1,23145747,24299502,24299503,a,at,1
NC_037356.1,NC_032678.1,23148753,24322571,24322572,T,TA,1
NC_037356.1,NC_032678.1,23149875,24323688,24323689,t,tc,1
NC_037356.1,NC_032678.1,23164146,24337954,24337955,c,ct,1
NC_037356.1,NC_032678.1,23169831,24343639,24343640,C,CY,1
NC_037356.1,NC_032678.1,23174683,24348510,24348511,C,CT,1
NC_037356.1,NC_032678.1,23177295,24351121,24351122,G,GC,1
NC_037356.1,NC_032678.1,23186253,24360081,24360082,G,GR,1
NC_037356.1,NC_032678.1,23187791,24361619,24361620,C,CT,1
NC_037356.1,NC_032678.1,23189850,24363693,24363694,C,CT,1
NC_037356.1,NC_032678.1,23202947,24391839,24391840,t,tg,1
NC_037356.1,NC_032678.1,23203763,24392657,24392658,t,ta,1
NC_037356.1,NC_032678.1,23207718,24394841,24394845,T,TCAMA,4
NC_037356.1,NC_032678.1,23209679,24396806,24396807,T,TY,1
NC_037356.1,NC_032678.1,23213161,24400287,24400288,t,tc,1
NC_037356.1,NC_032678.1,23213168,24400295,24400298,a,agag,3
NC_037356.1,NC_032678.1,23246818,24433744,24433745,G,GS,1
NC_037356.1,NC_032678.1,23258779,24445739,24445740,A,AC,1
NC_037356.1,NC_032678.1,23264690,24451655,24451657,c,cag,2
NC_037356.1,NC_032678.1,23270450,24457424,24457425,t,tR,1
NC_037356.1,NC_032678.1,23277460,24464431,24464432,A,AT,1
NC_037356.1,NC_032678.1,23277838,24464811,24464812,A,AM,1
NC_037356.1,NC_032678.1,23336203,24523252,24523253,t,tc,1
NC_037356.1,NC_032678.1,23347586,24534637,24534639,C,CCT,2
NC_037356.1,NC_032678.1,23352099,24538854,24538855,A,AG,1
NC_037356.1,NC_032678.1,23353259,24540010,24540013,t,ttta,3
NC_037356.1,NC_032678.1,23353377,24540131,24540136,t,tccctc,5
NC_037356.1,NC_032678.1,23355875,24542634,24542641,T,TCCAGGGG,7
NC_037356.1,NC_032678.1,23391798,24581133,24581135,t,ttg,2
NC_037356.1,NC_032678.1,23434759,24623792,24623793,A,AT,1
NC_037356.1,NC_032678.1,23471351,24660385,24660389,t,tNNNN,4
NC_037356.1,NC_032678.1,23512573,24701607,24701609,t,tgg,2
NC_037356.1,NC_032678.1,23513033,24702070,24702071,T,TG,1
NC_037356.1,NC_032678.1,23530986,24719991,24719997,c,ccggggg,6
NC_037356.1,NC_032678.1,23540955,24730011,24730012,a,at,1
NC_037356.1,NC_032678.1,23549252,24738305,24738307,t,ttg,2
NC_037356.1,NC_032678.1,23672569,24787103,24787104,A,AC,1
NC_037356.1,NC_032678.1,23673057,24787592,24787593,C,CT,1
NC_037356.1,NC_032678.1,23684891,24799423,24799424,a,ac,1
NC_037356.1,NC_032678.1,23684902,24799435,24799439,a,agtct,4
NC_037356.1,NC_032678.1,23686373,24800898,24800900,C,CAG,2
NC_037356.1,NC_032678.1,23696083,24810667,24810668,T,TC,1
NC_037356.1,NC_032678.1,23696733,24811318,24811321,G,GAYR,3
NC_037356.1,NC_032678.1,23735234,24849804,24849805,T,TA,1
NC_037356.1,NC_032678.1,23735528,24850099,24850100,C,CS,1
NC_037356.1,NC_032678.1,23736388,24882749,24882750,G,GC,1
NC_037356.1,NC_032678.1,23760512,24906833,24906834,T,TC,1
NC_037356.1,NC_032678.1,23813352,24959304,24959307,t,taaa,3
NC_037356.1,NC_032678.1,23824216,24970245,24970247,c,cct,2
NC_037356.1,NC_032678.1,23854243,25000275,25000276,a,ac,1
NC_037356.1,NC_032678.1,23946215,25092272,25092276,a,aaaat,4
NC_037356.1,NC_032678.1,23947111,25093172,25093173,a,ac,1
NC_037356.1,NC_032678.1,23957156,25103218,25103219,G,GA,1
NC_037356.1,NC_032678.1,23979299,25125348,25125349,c,ct,1
NC_037356.1,NC_032678.1,23980697,25126748,25126768,g,gtgtgtgtgtgtgtgtatata,20
NC_037356.1,NC_032678.1,23982855,25128927,25128928,A,AT,1
NC_037356.1,NC_032678.1,23983515,25129589,25129591,t,taa,2
NC_037356.1,NC_032678.1,24000665,25145571,25145572,a,aN,1
NC_037356.1,NC_032678.1,24007200,25152109,25152110,A,AC,1
NC_037356.1,NC_032678.1,24015169,25160086,25160087,T,TY,1
NC_037356.1,NC_032678.1,24018600,25163520,25163521,a,at,1
NC_037356.1,NC_032678.1,24024454,25169377,25169378,g,ga,1
NC_037356.1,NC_032678.1,24034692,25179631,25179640,t,tNNNNNNNNN,9
NC_037356.1,NC_032678.1,24037568,25182510,25182512,a,aac,2
NC_037356.1,NC_032678.1,24038827,25183771,25183773,c,cca,2
NC_037356.1,NC_032678.1,24117936,25271292,25271293,a,at,1
NC_037356.1,NC_032678.1,24138837,25292740,25292741,c,ca,1
NC_037356.1,NC_032678.1,24162208,25316114,25316115,T,TA,1
NC_037356.1,NC_032678.1,24192400,25389342,25389343,A,AC,1
NC_037356.1,NC_032678.1,24517674,25712133,25712134,c,ct,1
NC_037356.1,NC_032678.1,24528965,25723428,25723475,c,caaaactataatattaaaaaaaataataataaaataaaataaaaaaaa,47
NC_037356.1,NC_032678.1,24542088,25736598,25736599,a,ag,1
NC_037356.1,NC_032678.1,24646566,25841200,25841201,A,AG,1
NC_037356.1,NC_032678.1,24703779,25898337,25898338,G,GS,1
NC_037356.1,NC_032678.1,24704722,25899281,25899285,a,aacac,4
NC_037356.1,NC_032678.1,24739585,25934187,25934189,g,gtt,2
NC_037356.1,NC_032678.1,24742119,25936723,25936724,C,CA,1
NC_037356.1,NC_032678.1,24742769,25937375,25937376,A,AG,1
NC_037356.1,NC_032678.1,24847352,26041960,26041961,t,tg,1
NC_037356.1,NC_032678.1,24847367,26041976,26041977,c,ca,1
NC_037356.1,NC_032678.1,24890251,26084775,26084782,C,CCAAAGTG,7
NC_037356.1,NC_032678.1,24895697,26090229,26090230,g,ga,1
NC_037356.1,NC_032678.1,24897575,26092109,26092113,a,acaac,4
NC_037356.1,NC_032678.1,24899288,26093826,26093827,C,CM,1
NC_037356.1,NC_032678.1,24900498,26095064,26095066,a,aat,2
NC_037356.1,NC_032678.1,24901577,26096143,26096144,C,CT,1
NC_037356.1,NC_032678.1,24917512,26112094,26112099,T,TGAAAG,5
NC_037356.1,NC_032678.1,25001211,26194732,26194733,c,cW,1
NC_037356.1,NC_032678.1,25011081,26204658,26204659,t,tc,1
NC_037356.1,NC_032678.1,25012448,26206026,26206046,g,gtgtatatatatacacacaca,20
NC_037356.1,NC_032678.1,25015088,26208692,26208693,G,GA,1
NC_037356.1,NC_032678.1,25015347,26208953,26208962,T,TACCACAGCA,9
NC_037356.1,NC_032678.1,25015557,26209168,26209169,T,TC,1
NC_037356.1,NC_032678.1,25063959,26257391,26257392,c,ca,1
NC_037356.1,NC_032678.1,25156281,26359284,26359285,C,CT,1
NC_037356.1,NC_032678.1,25159128,26362137,26362138,T,TW,1
NC_037356.1,NC_032678.1,25292099,26479872,26479873,T,TC,1
NC_037356.1,NC_032678.1,25311476,26499260,26499262,A,AAT,2
NC_037356.1,NC_032678.1,25345967,26534015,26534017,C,CGT,2
NC_037356.1,NC_032678.1,25365199,26553163,26553165,a,aaM,2
NC_037356.1,NC_032678.1,25373751,26561716,26561717,g,ga,1
NC_037356.1,NC_032678.1,25396821,26584786,26584787,A,AY,1
NC_037356.1,NC_032678.1,25412755,26600731,26600732,G,GK,1
NC_037356.1,NC_032678.1,25432913,26620890,26620891,G,GS,1
NC_037356.1,NC_032678.1,25447066,26635060,26635062,C,CAT,2
NC_037356.1,NC_032678.1,25493598,26681714,26681716,c,cta,2
NC_037356.1,NC_032678.1,25529000,26716479,26716480,g,gc,1
NC_037356.1,NC_032678.1,25537444,26724925,26724927,C,CAG,2
NC_037356.1,NC_032678.1,25639472,26826950,26826951,c,ct,1
NC_037356.1,NC_032678.1,25641734,26829220,26829221,t,ta,1
NC_037356.1,NC_032678.1,25659520,26848242,26848245,a,aaat,3
NC_037356.1,NC_032678.1,25665836,26854562,26854563,C,CY,1
NC_037356.1,NC_032678.1,25697665,26886405,26886408,c,cgca,3
NC_037356.1,NC_032678.1,25719965,26908706,26908710,T,TGCTC,4
NC_037356.1,NC_032678.1,25719981,26908726,26908730,A,ACCTG,4
NC_037356.1,NC_032678.1,25722497,26911243,26911244,a,ag,1
NC_037356.1,NC_032678.1,25724049,26913208,26913215,a,aaaaaaat,7
NC_037356.1,NC_032678.1,25735043,26924207,26924211,c,ccttt,4
NC_037356.1,NC_032678.1,25789092,26978266,26978270,A,ACATT,4
NC_037356.1,NC_032678.1,25802588,26991770,26991771,C,CT,1
NC_037356.1,NC_032678.1,25836492,27025690,27025692,g,ggt,2
NC_037356.1,NC_032678.1,25853506,27042708,27042709,a,ac,1
NC_037356.1,NC_032678.1,25894297,27083202,27083203,t,ta,1
NC_037356.1,NC_032678.1,25989573,27225184,27225193,A,ACACATGCTG,9
NC_037356.1,NC_032678.1,26019689,27256225,27256226,T,TC,1
NC_037356.1,NC_032678.1,26027517,27264053,27264054,T,TK,1
NC_037356.1,NC_032678.1,26075065,27312505,27312506,g,gN,1
NC_037356.1,NC_032678.1,26103064,27340333,27340337,A,AAAAC,4
NC_037356.1,NC_032678.1,26169246,27446727,27446728,T,TG,1
NC_037356.1,NC_032678.1,26193916,27471401,27471403,T,TTC,2
NC_037356.1,NC_032678.1,26214589,27492084,27492085,A,AR,1
NC_037356.1,NC_032678.1,26250140,27527635,27527638,T,TGAG,3
NC_037356.1,NC_032678.1,26271973,27549475,27549476,T,TA,1
NC_037356.1,NC_032678.1,26303724,27581225,27581226,G,GA,1
NC_037356.1,NC_032678.1,26326872,27604369,27604371,t,tNN,2
NC_037356.1,NC_032678.1,26364763,27642261,27642262,C,CY,1
NC_037356.1,NC_032678.1,26404425,27682110,27682117,G,GTGGCCAA,7
NC_037356.1,NC_032678.1,26412068,27689868,27689870,t,ttc,2
NC_037356.1,NC_032678.1,26495078,27770848,27770856,g,gccaaactt,8
NC_037356.1,NC_032678.1,26495085,27770863,27770867,c,ctatg,4
NC_037356.1,NC_032678.1,26514559,27787021,27787035,a,aatactccattgtgt,14
NC_037356.1,NC_032678.1,26532536,27804585,27804598,T,TCTCTTTACGTTAA,13
NC_037356.1,NC_032678.1,26538807,27811071,27811077,t,tgttttg,6
NC_037356.1,NC_032678.1,26539622,27811892,27811895,G,GGAA,3
NC_037356.1,NC_032678.1,26541952,27814235,27814237,G,GGA,2
NC_037356.1,NC_032678.1,26544185,27816470,27816472,T,TGA,2
NC_037356.1,NC_032678.1,26546346,27818640,27818641,t,tc,1
NC_037356.1,NC_032678.1,26551870,27824168,27824174,c,cagtaaa,6
NC_037356.1,NC_032678.1,26564953,27842012,27842013,t,ta,1
NC_037356.1,NC_032678.1,26567145,27844205,27844206,t,tc,1
NC_037356.1,NC_032678.1,26569009,27846070,27846072,T,TTA,2
NC_037356.1,NC_032678.1,26570264,27847330,27847336,A,ATGTAGT,6
NC_037356.1,NC_032678.1,26573743,27850821,27850822,T,TG,1
NC_037356.1,NC_032678.1,26578517,27855539,27855540,t,ta,1
NC_037356.1,NC_032678.1,26586397,27863736,27863746,C,CTCTGTTCTAG,10
NC_037356.1,NC_032678.1,26609457,27886814,27886815,a,at,1
NC_037356.1,NC_032678.1,26611573,27888932,27888934,c,cag,2
NC_037356.1,NC_032678.1,26614489,27889805,27889806,G,GK,1
NC_037356.1,NC_032678.1,26619280,27894597,27894601,t,tatac,4
NC_037356.1,NC_032678.1,26621744,27897067,27897069,c,cat,2
NC_037356.1,NC_032678.1,26648950,27925165,27925166,T,TG,1
NC_037356.1,NC_032678.1,26652599,27928798,27928803,g,ggagtc,5
NC_037356.1,NC_032678.1,26654693,27930897,27930898,t,tg,1
NC_037356.1,NC_032678.1,26669263,27947969,27947970,a,at,1
NC_037356.1,NC_032678.1,26671227,27950358,27950362,a,agctt,4
NC_037356.1,NC_032678.1,26672366,27951501,27951503,a,att,2
NC_037356.1,NC_032678.1,26674341,27953481,27953482,G,GA,1
NC_037356.1,NC_032678.1,26678211,27957316,27957322,t,ttgagtc,6
NC_037356.1,NC_032678.1,26678293,27957404,27957405,t,tc,1
NC_037356.1,NC_032678.1,26678596,27957708,27957710,c,cat,2
NC_037356.1,NC_032678.1,26678755,27957875,27957876,A,AG,1
NC_037356.1,NC_032678.1,26705986,27985108,27985109,C,CA,1
NC_037356.1,NC_032678.1,26706360,27985483,27985485,C,CAT,2
NC_037356.1,NC_032678.1,26709408,27988542,27988543,a,ac,1
NC_037356.1,NC_032678.1,26713469,27992502,27992503,t,tg,1
NC_037356.1,NC_032678.1,26830638,28011624,28011625,t,ta,1
NC_037356.1,NC_032678.1,26838335,28019316,28019317,A,AG,1
NC_037356.1,NC_032678.1,26842426,28023397,28023399,A,AGG,2
NC_037356.1,NC_032678.1,26848248,28029199,28029204,a,aaaaat,5
NC_037356.1,NC_032678.1,26851426,28032383,28032385,a,aag,2
NC_037356.1,NC_032678.1,26854864,28035826,28035827,A,AT,1
NC_037356.1,NC_032678.1,26856596,28037560,28037567,g,ggttggga,7
NC_037356.1,NC_032678.1,26872760,28053741,28053742,g,ga,1
NC_037356.1,NC_032678.1,26878816,28059646,28059653,t,tgtgtgtg,7
NC_037356.1,NC_032678.1,26879417,28060254,28060256,a,acg,2
NC_037356.1,NC_032678.1,26882110,28062952,28062953,C,CT,1
NC_037356.1,NC_032678.1,26882329,28063172,28063173,A,AG,1
NC_037356.1,NC_032678.1,26884286,28065125,28065126,c,ct,1
NC_037356.1,NC_032678.1,26884844,28065684,28065685,g,gt,1
NC_037356.1,NC_032678.1,27002646,28185284,28185285,T,TG,1
NC_037356.1,NC_032678.1,27080388,28264935,28264937,T,TAA,2
NC_037356.1,NC_032678.1,27080428,28264977,28264978,C,CA,1
NC_037356.1,NC_032678.1,27145704,28330673,28330674,a,at,1
NC_037356.1,NC_032678.1,27153816,28338791,28338792,c,cg,1
NC_037356.1,NC_032678.1,27172406,28357381,28357382,g,gc,1
NC_037356.1,NC_032678.1,27204656,28389623,28389625,T,TTC,2
NC_037356.1,NC_032678.1,27222553,28407563,28407571,G,GGACTCAGA,8
NC_037356.1,NC_032678.1,27223944,28408961,28408962,g,gc,1
NC_037356.1,NC_032678.1,27225946,28410959,28410960,c,cg,1
NC_037356.1,NC_032678.1,27232287,28420557,28420558,c,ct,1
NC_037356.1,NC_032678.1,27243842,28432115,28432116,c,ca,1
NC_037356.1,NC_032678.1,27256464,28444738,28444741,a,aaac,3
NC_037356.1,NC_032678.1,27286713,28475010,28475011,a,ac,1
NC_037356.1,NC_032678.1,27288820,28485144,28485145,T,TA,1
NC_037356.1,NC_032678.1,27294842,28677964,28677965,t,ta,1
NC_037356.1,NC_032678.1,27295107,28678231,28678232,c,ct,1
NC_037356.1,NC_032678.1,27299370,28682476,28682482,t,ttcttta,6
NC_037356.1,NC_032678.1,27300278,28683384,28683386,A,ATG,2
NC_037356.1,NC_032678.1,27301812,28684071,28684076,G,GGTGAC,5
NC_037356.1,NC_032678.1,27311232,28693598,28693599,c,ca,1
NC_037356.1,NC_032678.1,27311706,28694073,28694074,c,ct,1
NC_037356.1,NC_032678.1,27312013,28694381,28694385,c,ctttt,4
NC_037356.1,NC_032678.1,27312082,28694454,28694455,t,ta,1
NC_037356.1,NC_032678.1,27313583,28695954,28695955,G,GT,1
NC_037356.1,NC_032678.1,27323652,28706032,28706040,c,cgggtcaga,8
NC_037356.1,NC_032678.1,27329281,28711666,28711668,g,gga,2
NC_037356.1,NC_032678.1,27335103,28717439,28717440,c,ct,1
NC_037356.1,NC_032678.1,27335129,28717466,28717468,A,ACG,2
NC_037356.1,NC_032678.1,27335151,28717490,28717494,a,aaaat,4
NC_037356.1,NC_032678.1,27337142,28719487,28719488,G,GC,1
NC_037356.1,NC_032678.1,27337166,28719512,28719513,G,GA,1
NC_037356.1,NC_032678.1,27339608,28721956,28721961,T,TCGNNN,5
NC_037356.1,NC_032678.1,27342705,28725068,28725073,a,aaaaat,5
NC_037356.1,NC_032678.1,27342730,28725098,28725101,a,aaat,3
NC_037356.1,NC_032678.1,27342745,28725116,28725118,t,tta,2
NC_037356.1,NC_032678.1,27343517,28725887,28725890,t,tatg,3
NC_037356.1,NC_032678.1,27343735,28726108,28726109,a,at,1
NC_037356.1,NC_032678.1,27391224,28626050,28626051,t,ta,1
NC_037356.1,NC_032678.1,27406089,28640943,28640944,a,at,1
NC_037356.1,NC_032678.1,27407932,28643027,28643047,C,CATAAGCCTTTGCCTGCAGGG,20
NC_037356.1,NC_032678.1,27419929,28654742,28654743,t,tc,1
NC_037356.1,NC_032678.1,27420803,28655617,28655621,a,aaaac,4
NC_037356.1,NC_032678.1,27428845,28663660,28663661,c,ca,1
NC_037356.1,NC_032678.1,27442938,28659108,28659109,a,ag,1
NC_037356.1,NC_032678.1,27443042,28659213,28659214,a,at,1
NC_037356.1,NC_032678.1,27443180,28659351,28659352,t,tK,1
NC_037356.1,NC_032678.1,27444082,28660255,28660256,C,CA,1
NC_037356.1,NC_032678.1,27444145,28660319,28660320,T,TG,1
NC_037356.1,NC_032678.1,27444284,28660459,28660460,c,ca,1
NC_037356.1,NC_032678.1,27445110,28661286,28661287,T,TA,1
NC_037356.1,NC_032678.1,27445414,28661591,28661592,G,GA,1
NC_037356.1,NC_032678.1,27445800,28661977,28661978,t,ta,1
NC_037356.1,NC_032678.1,27468430,28894170,28894171,T,TA,1
NC_037356.1,NC_032678.1,27474719,28900460,28900462,C,CTM,2
NC_037356.1,NC_032678.1,27514703,28940197,28940198,C,CG,1
NC_037356.1,NC_032678.1,27523803,28949299,28949310,t,tctctctctttc,11
NC_037356.1,NC_032678.1,27524736,28950239,28950240,A,AT,1
NC_037356.1,NC_032678.1,27528842,28954358,28954364,C,CTTAGAA,6
NC_037356.1,NC_032678.1,27533866,28959428,28959429,g,ga,1
NC_037356.1,NC_032678.1,27543306,28968876,28968877,T,TY,1
NC_037356.1,NC_032678.1,27555552,28981123,28981125,c,caa,2
NC_037356.1,NC_032678.1,27560279,29122060,29122071,a,atccactccagt,11
NC_037356.1,NC_032678.1,27568107,29128967,29128968,t,ta,1
NC_037356.1,NC_032678.1,27568214,29129070,29129072,c,cta,2
NC_037356.1,NC_032678.1,27620566,29102446,29102462,C,CATGAAAGANNNNNNNN,16
NC_037356.1,NC_032678.1,27636146,29118091,29118092,T,TW,1
NC_037356.1,NC_032678.1,27644203,29044309,29044310,c,ct,1
NC_037356.1,NC_032678.1,27691020,29148069,29148070,t,tg,1
NC_037356.1,NC_032678.1,27696981,29168223,29168225,a,aac,2
NC_037356.1,NC_032678.1,27708805,29180059,29180061,c,cat,2
NC_037356.1,NC_032678.1,27735217,29207516,29207520,A,AAGAT,4
NC_037356.1,NC_032678.1,27770013,29244664,29244665,t,ta,1
NC_037356.1,NC_032678.1,27809742,29285507,29285508,T,TG,1
NC_037356.1,NC_032678.1,27820395,29296190,29296191,T,TA,1
NC_037356.1,NC_032678.1,27835015,29310729,29310730,A,AR,1
NC_037356.1,NC_032678.1,27835312,29311028,29311029,T,TR,1
NC_037356.1,NC_032678.1,27861638,29337384,29337385,A,AC,1
NC_037356.1,NC_032678.1,27872147,29347892,29347894,t,tNN,2
NC_037356.1,NC_032678.1,27942623,29418376,29418389,g,gtcagttcttcaga,13
NC_037356.1,NC_032678.1,27968821,29445570,29445571,c,ct,1
NC_037356.1,NC_032678.1,27970137,29446874,29446875,c,ca,1
NC_037356.1,NC_032678.1,27998678,29476166,29476167,G,GT,1
NC_037356.1,NC_032678.1,27999177,29476663,29476669,a,atatatg,6
NC_037356.1,NC_032678.1,28010544,29488037,29488038,C,CM,1
NC_037356.1,NC_032678.1,28033775,29544191,29544192,c,ct,1
NC_037356.1,NC_032678.1,28083427,29553688,29553694,A,ACAAATT,6
NC_037356.1,NC_032678.1,28142162,29612437,29612438,C,CR,1
NC_037356.1,NC_032678.1,28164973,29635245,29635246,g,ga,1
NC_037356.1,NC_032678.1,28165084,29635357,29635363,t,taatggc,6
NC_037356.1,NC_032678.1,28169856,29639995,29639996,t,ta,1
NC_037356.1,NC_032678.1,28196224,29666905,29666906,a,ac,1
NC_037356.1,NC_032678.1,28223874,29694555,29694559,C,CCTCT,4
NC_037356.1,NC_032678.1,28267091,29737735,29737741,A,AGAACTT,6
NC_037356.1,NC_032678.1,28284206,29755107,29755108,t,tc,1
NC_037356.1,NC_032678.1,28289008,29759915,29759916,A,AG,1
NC_037356.1,NC_032678.1,28289127,29760035,29760037,t,taa,2
NC_037356.1,NC_032678.1,28291264,29762232,29762237,a,aattat,5
NC_037356.1,NC_032678.1,28291850,29762823,29762824,T,TC,1
NC_037356.1,NC_032678.1,28298632,29769608,29769611,c,cagg,3
NC_037356.1,NC_032678.1,28318730,29789617,29789618,c,ca,1
NC_037356.1,NC_032678.1,28320969,29791859,29791860,A,AG,1
NC_037356.1,NC_032678.1,28360748,29904489,29904490,A,AG,1
NC_037356.1,NC_032678.1,28372923,29916295,29916298,t,ttta,3
NC_037356.1,NC_032678.1,28389512,29932899,29932900,A,AG,1
NC_037356.1,NC_032678.1,28439246,29982232,29982233,A,AC,1
NC_037356.1,NC_032678.1,28447028,29990555,29990556,C,CG,1
NC_037356.1,NC_032678.1,28479720,30023374,30023376,c,ctg,2
NC_037356.1,NC_032678.1,28480087,30023746,30023750,T,TGCCA,4
NC_037356.1,NC_032678.1,28480376,30024039,30024041,C,CTT,2
NC_037356.1,NC_032678.1,28496342,30039998,30040000,G,GCA,2
NC_037356.1,NC_032678.1,28499891,30043549,30043553,G,GTCTR,4
NC_037356.1,NC_032678.1,28502630,30046292,30046293,C,CA,1
NC_037356.1,NC_032678.1,28542238,30085108,30085109,A,AG,1
NC_037356.1,NC_032678.1,28542987,30085859,30085860,g,gt,1
NC_037356.1,NC_032678.1,28636111,30181672,30181673,G,GC,1
NC_037356.1,NC_032678.1,28657727,30203282,30203283,c,ca,1
NC_037356.1,NC_032678.1,28665892,30211448,30211449,a,ag,1
NC_037356.1,NC_032678.1,28665908,30211465,30211466,g,gc,1
NC_037356.1,NC_032678.1,28666267,30211825,30211826,c,ca,1
NC_037356.1,NC_032678.1,28861057,30414954,30414955,t,tc,1
NC_037356.1,NC_032678.1,28861080,30414978,30414979,c,ca,1
NC_037356.1,NC_032678.1,28869368,30423238,30423239,T,TW,1
NC_037356.1,NC_032678.1,28870080,30423950,30423951,C,CY,1
NC_037356.1,NC_032678.1,28958501,30513692,30513697,g,ggttca,5
NC_037356.1,NC_032678.1,28968333,30523530,30523531,G,GA,1
NC_037356.1,NC_032678.1,29077425,30632700,30632703,c,ccca,3
NC_037356.1,NC_032678.1,29095255,30649629,30649630,a,ag,1
NC_037356.1,NC_032678.1,29152734,30707104,30707112,c,ctaaataca,8
NC_037356.1,NC_032678.1,29153364,30707742,30707743,G,GR,1
NC_037356.1,NC_032678.1,29155163,30709541,30709542,a,at,1
NC_037356.1,NC_032678.1,29173837,30728218,30728221,a,atct,3
NC_037356.1,NC_032678.1,29179828,30734210,30734211,A,AG,1
NC_037356.1,NC_032678.1,29180301,30734682,30734683,C,CT,1
NC_037356.1,NC_032678.1,29226901,30781549,30781556,C,CTGGAGAA,7
NC_037356.1,NC_032678.1,29236653,30791314,30791315,C,CG,1
NC_037356.1,NC_032678.1,29259443,30814526,30814530,c,cccca,4
NC_037356.1,NC_032678.1,29269692,30824777,30824779,c,cat,2
NC_037356.1,NC_032678.1,29358788,30913933,30913939,G,GCATCTT,6
NC_037356.1,NC_032678.1,29362359,30917510,30917514,T,TACTC,4
NC_037356.1,NC_032678.1,29365886,30921041,30921042,C,CA,1
NC_037356.1,NC_032678.1,29395812,30950990,30950993,C,CGAG,3
NC_037356.1,NC_032678.1,29474038,31028951,31028952,A,AG,1
NC_037356.1,NC_032678.1,29522517,31077444,31077445,A,AC,1
NC_037356.1,NC_032678.1,29522672,31077600,31077604,c,ctctt,4
NC_037356.1,NC_032678.1,29528061,31082992,31082994,t,tag,2
NC_037356.1,NC_032678.1,29541252,31096155,31096156,C,CT,1
NC_037356.1,NC_032678.1,29594332,31192222,31192229,T,TGTATTAA,7
NC_037356.1,NC_032678.1,29613993,31210434,31210435,C,CM,1
NC_037356.1,NC_032678.1,29618989,31215434,31215435,c,ca,1
NC_037356.1,NC_032678.1,29627761,31224207,31224208,T,TN,1
NC_037356.1,NC_032678.1,29646836,31244543,31244544,T,TY,1
NC_037356.1,NC_032678.1,29728093,31364546,31364547,C,CT,1
NC_037356.1,NC_032678.1,29728208,31364663,31364678,C,CGTNNNNNNNNNNNNN,15
NC_037356.1,NC_032678.1,29763474,31398619,31398621,C,CAT,2
NC_037356.1,NC_032678.1,29820055,31455332,31455333,C,CT,1
NC_037356.1,NC_032678.1,29833727,31469025,31469027,C,CTS,2
NC_037356.1,NC_032678.1,29835593,31470890,31470891,A,AS,1
NC_037356.1,NC_032678.1,29886683,31522699,31522700,C,CG,1
NC_037356.1,NC_032678.1,29890251,31526266,31526267,T,TA,1
NC_037356.1,NC_032678.1,29955609,31591370,31591371,T,TA,1
NC_037356.1,NC_032678.1,29987388,31623156,31623158,g,gtS,2
NC_037356.1,NC_032678.1,30036352,31672122,31672123,G,GA,1
NC_037356.1,NC_032678.1,30087904,31723678,31723679,a,at,1
NC_037356.1,NC_032678.1,30094449,31730220,31730221,g,gc,1
NC_037356.1,NC_032678.1,30101999,31737776,31737781,G,GGCAGA,5
NC_037356.1,NC_032678.1,30102811,31738595,31738613,c,ccattcatcttttcatcta,18
NC_037356.1,NC_032678.1,30149579,31785392,31785393,c,ca,1
NC_037356.1,NC_032678.1,30155484,31791294,31791295,g,ga,1
NC_037356.1,NC_032678.1,30203748,31839573,31839574,A,AC,1
NC_037356.1,NC_032678.1,30216833,31852661,31852662,G,GA,1
NC_037356.1,NC_032678.1,30224413,31860242,31860243,C,CT,1
NC_037356.1,NC_032678.1,30234997,31870825,31870829,g,gcaca,4
NC_037356.1,NC_032678.1,30246730,31882664,31882665,A,AR,1
NC_037356.1,NC_032678.1,30247244,31883179,31883183,C,CCTTG,4
NC_037356.1,NC_032678.1,30247915,31883854,31883856,C,CCT,2
NC_037356.1,NC_032678.1,30253821,31889763,31889764,G,GA,1
NC_037356.1,NC_032678.1,30253992,31889929,31889932,C,CTGG,3
NC_037356.1,NC_032678.1,30254311,31890252,31890253,g,gc,1
NC_037356.1,NC_032678.1,30261339,31897278,31897279,T,TC,1
NC_037356.1,NC_032678.1,30265616,31901554,31901557,a,agag,3
NC_037356.1,NC_032678.1,30270777,31906705,31906707,T,TGA,2
NC_037356.1,NC_032678.1,30271961,31907891,31907894,A,AAgg,3
NC_037356.1,NC_032678.1,30351463,31986118,31986119,C,CM,1
NC_037356.1,NC_032678.1,30352786,31987442,31987443,G,GC,1
NC_037356.1,NC_032678.1,30380144,32014806,32014807,G,GR,1
NC_037356.1,NC_032678.1,30432485,32067661,32067663,a,atc,2
NC_037356.1,NC_032678.1,30480672,32115858,32115860,c,cCT,2
NC_037356.1,NC_032678.1,30551003,32183006,32183007,a,at,1
NC_037356.1,NC_032678.1,30551035,32183039,32183040,t,tN,1
NC_037356.1,NC_032678.1,30568763,32200004,32200005,C,CT,1
NC_037356.1,NC_032678.1,30577033,32208274,32208276,C,CAG,2
NC_037356.1,NC_032678.1,30584266,32215512,32215515,G,GGCA,3
NC_037356.1,NC_032678.1,30597174,32228425,32228426,a,aR,1
NC_037356.1,NC_032678.1,30674993,32314543,32314544,A,AR,1
NC_037356.1,NC_032678.1,30700377,32265862,32265863,c,ca,1
NC_037356.1,NC_032678.1,30701562,32267048,32267052,t,tggac,4
NC_037356.1,NC_032678.1,30723769,32289259,32289265,t,tagcagc,6
NC_037356.1,NC_032678.1,30723954,32289450,32289451,G,GK,1
NC_037356.1,NC_032678.1,30724023,32289520,32289521,T,TA,1
NC_037356.1,NC_032678.1,30724364,32289862,32289863,A,AR,1
NC_037356.1,NC_032678.1,30737257,32400030,32400031,t,tg,1
NC_037356.1,NC_032678.1,30739040,32401814,32401815,c,ct,1
NC_037356.1,NC_032678.1,30789271,32452619,32452620,t,tc,1
NC_037356.1,NC_032678.1,30789952,32453302,32453303,c,ca,1
NC_037356.1,NC_032678.1,30790772,32454123,32454132,T,TGACAGNNNN,9
NC_037356.1,NC_032678.1,30793339,32456686,32456690,t,tttta,4
NC_037356.1,NC_032678.1,30793344,32456695,32456697,a,aat,2
NC_037356.1,NC_032678.1,30795892,32459249,32459250,a,ac,1
NC_037356.1,NC_032678.1,30817554,32480925,32480927,A,AAC,2
NC_037356.1,NC_032678.1,30832834,32496217,32496218,a,at,1
NC_037356.1,NC_032678.1,30854958,32518342,32518343,C,CT,1
NC_037356.1,NC_032678.1,30919568,32582943,32582946,t,ttaa,3
NC_037356.1,NC_032678.1,30983536,32646920,32646921,g,ga,1
NC_037356.1,NC_032678.1,30986584,32650044,32650046,c,ctg,2
NC_037356.1,NC_032678.1,30992567,32656029,32656035,G,GTGCTAA,6
NC_037356.1,NC_032678.1,31010891,32674351,32674352,A,AG,1
NC_037356.1,NC_032678.1,31060425,32723907,32723914,c,ctctctat,7
NC_037356.1,NC_032678.1,31072611,32736103,32736104,C,CG,1
NC_037356.1,NC_032678.1,31085306,32748804,32748810,g,gtatata,6
NC_037356.1,NC_032678.1,31131806,32795542,32795543,t,ta,1
NC_037356.1,NC_032678.1,31132742,32796480,32796483,t,tgtc,3
NC_037356.1,NC_032678.1,31167679,32833750,32833751,A,AG,1
NC_037356.1,NC_032678.1,31169965,32836042,32836043,g,ga,1
NC_037356.1,NC_032678.1,31187000,32853077,32853078,g,gc,1
NC_037356.1,NC_032678.1,31193285,32859365,32859368,t,tttY,3
NC_037356.1,NC_032678.1,31219292,32885380,32885382,a,agt,2
NC_037356.1,NC_032678.1,31219307,32885397,32885398,c,ca,1
NC_037356.1,NC_032678.1,31229819,32895918,32895919,a,at,1
NC_037356.1,NC_032678.1,31264709,32931352,32931354,a,aNN,2
NC_037356.1,NC_032678.1,31275410,32942051,32942052,A,AC,1
NC_037356.1,NC_032678.1,31326399,32993060,32993061,t,tc,1
NC_037356.1,NC_032678.1,31356704,33023462,33023463,C,CA,1
NC_037356.1,NC_032678.1,31356711,33023470,33023479,T,TTGTCAAATG,9
NC_037356.1,NC_032678.1,31371946,33038714,33038715,c,ct,1
NC_037356.1,NC_032678.1,31448472,33115255,33115257,A,AAG,2
NC_037356.1,NC_032678.1,31448693,33115478,33115479,A,AC,1
NC_037356.1,NC_032678.1,31459648,33126406,33126408,g,gta,2
NC_037356.1,NC_032678.1,31490505,33157294,33157295,T,TA,1
NC_037356.1,NC_032678.1,31530618,33197288,33197297,a,atgagGGNNN,9
NC_037356.1,NC_032678.1,31535726,33202411,33202413,c,caa,2
NC_037356.1,NC_032678.1,31544971,33211670,33211671,a,ac,1
NC_037356.1,NC_032678.1,31577296,33244045,33244046,T,TC,1
NC_037356.1,NC_032678.1,31582382,33249132,33249133,g,ga,1
NC_037356.1,NC_032678.1,31620651,33287916,33287917,A,AR,1
NC_037356.1,NC_032678.1,31691083,33357983,33357989,a,atatatg,6
NC_037356.1,NC_032678.1,31741932,33408983,33408984,C,CT,1
NC_037356.1,NC_032678.1,31742726,33409777,33409778,g,ga,1
NC_037356.1,NC_032678.1,31896440,33564910,33564911,a,ac,1
NC_037356.1,NC_032678.1,31897515,33565986,33565987,c,ca,1
NC_037356.1,NC_032678.1,31903239,33571711,33571712,A,AG,1
NC_037356.1,NC_032678.1,31943134,33611625,33611627,a,agg,2
NC_037356.1,NC_032678.1,32125524,33790420,33790421,T,TC,1
NC_037356.1,NC_032678.1,32417083,34082631,34082652,G,GAAGGGGATAAGCAACACCAGA,21
NC_037356.1,NC_032678.1,32462268,34127694,34127698,a,aNNNN,4
NC_037356.1,NC_032678.1,32533418,34198695,34198696,T,TA,1
NC_037356.1,NC_032678.1,32808046,34338829,34338830,t,ta,1
NC_037356.1,NC_032678.1,32814459,34345240,34345241,A,AR,1
NC_037356.1,NC_032678.1,32816896,34347678,34347680,g,gca,2
NC_037356.1,NC_032678.1,32877929,34408728,34408730,C,CTT,2
NC_037356.1,NC_032678.1,32881151,34411952,34411953,A,AR,1
NC_037356.1,NC_032678.1,32883308,34414111,34414114,T,TCTG,3
NC_037356.1,NC_032678.1,32884291,34415097,34415098,A,AC,1
NC_037356.1,NC_032678.1,32885868,34416673,34416674,c,ca,1
NC_037356.1,NC_032678.1,32885976,34416783,34416784,c,ca,1
NC_037356.1,NC_032678.1,32904659,34435473,34435476,T,TGTC,3
NC_037356.1,NC_032678.1,32912083,34442897,34442898,a,at,1
NC_037356.1,NC_032678.1,32932519,34463338,34463339,G,GT,1
NC_037356.1,NC_032678.1,32941936,34472714,34472745,G,GCCTCCTAGGTCCCTCATCGGGGTTACGGCCC,31
NC_037356.1,NC_032678.1,32989416,34520238,34520240,c,caa,2
NC_037356.1,NC_032678.1,33029468,34560885,34560888,g,gttt,3
NC_037356.1,NC_032678.1,33055844,34587268,34587269,G,GS,1
NC_037356.1,NC_032678.1,33124638,34654685,34654686,a,ac,1
NC_037356.1,NC_032678.1,33214339,34743171,34743207,g,ggtatgtgtgtgtgtctgtgtatgtgtgtgtgtctgt,36
NC_037356.1,NC_032678.1,33227320,34756185,34756210,G,GAAATTCGCAGNNNNNNNNNNNNNNN,25
NC_037356.1,NC_032678.1,33334343,34897963,34897969,C,CACTTGT,6
NC_037356.1,NC_032678.1,33358113,34921743,34921745,A,AAG,2
NC_037356.1,NC_032678.1,33439077,35007438,35007439,T,TA,1
NC_037356.1,NC_032678.1,33452804,35021435,35021436,G,GK,1
NC_037356.1,NC_032678.1,33492928,35106077,35106078,A,AC,1
NC_037356.1,NC_032678.1,33497182,35110332,35110333,C,CY,1
NC_037356.1,NC_032678.1,33517523,35130736,35130738,t,tta,2
NC_037356.1,NC_032678.1,33521579,35057651,35057652,g,gc,1
NC_037356.1,NC_032678.1,33593591,35170949,35170950,G,GT,1
NC_037356.1,NC_032678.1,33664280,35239353,35239356,A,ACTC,3
NC_037356.1,NC_032678.1,33681082,35256164,35256166,A,AGC,2
NC_037356.1,NC_032678.1,33681084,35256168,35256171,G,GACC,3
NC_037356.1,NC_032678.1,33737616,35312712,35312713,g,gc,1
NC_037356.1,NC_032678.1,33753530,35328628,35328633,t,tgatgg,5
NC_037356.1,NC_032678.1,33756819,35331922,35331924,C,CCT,2
NC_037356.1,NC_032678.1,33757146,35332250,35332251,T,TC,1
NC_037356.1,NC_032678.1,33758783,35333799,35333800,t,ta,1
NC_037356.1,NC_032678.1,33767346,35342363,35342364,g,gt,1
NC_037356.1,NC_032678.1,33902283,35477311,35477313,G,GTS,2
NC_037356.1,NC_032678.1,33903185,35478215,35478216,G,GT,1
NC_037356.1,NC_032678.1,33932510,35516816,35516818,t,tcc,2
NC_037356.1,NC_032678.1,33933729,35518037,35518038,c,cg,1
NC_037356.1,NC_032678.1,34022834,35651282,35651283,T,TK,1
NC_037356.1,NC_032678.1,34067721,35696153,35696159,a,acagcag,6
NC_037356.1,NC_032678.1,34075418,35703860,35703861,T,TG,1
NC_037356.1,NC_032678.1,34075901,35704344,35704346,A,AAW,2
NC_037356.1,NC_032678.1,34079163,35707607,35707608,T,TC,1
NC_037356.1,NC_032678.1,34095865,35724332,35724333,T,TK,1
NC_037356.1,NC_032678.1,34116320,35744787,35744789,t,tta,2
NC_037356.1,NC_032678.1,34118549,35747026,35747027,T,TG,1
NC_037356.1,NC_032678.1,34174653,35803117,35803118,c,ca,1
NC_037356.1,NC_032678.1,34179415,35807877,35807880,c,cttt,3
NC_037356.1,NC_032678.1,34187661,35815834,35815838,a,aNNNN,4
NC_037356.1,NC_032678.1,34205058,35833839,35833840,a,at,1
NC_037356.1,NC_032678.1,34205415,35834197,35834211,t,tgatagtttcaggtg,14
NC_037356.1,NC_032678.1,34208847,35837644,35837645,C,CT,1
NC_037356.1,NC_032678.1,34210188,35838986,35838988,a,act,2
NC_037356.1,NC_032678.1,34246557,35923680,35923681,t,ta,1
NC_037356.1,NC_032678.1,34344768,36045459,36045460,T,TA,1
NC_037356.1,NC_032678.1,34372698,36074221,36074222,G,GA,1
NC_037356.1,NC_032678.1,34392275,36093799,36093800,a,at,1
NC_037356.1,NC_032678.1,34403207,36103903,36103909,a,aNNNNNN,6
NC_037356.1,NC_032678.1,34421491,36122194,36122196,c,cca,2
NC_037356.1,NC_032678.1,34652390,36351286,36351287,c,ct,1
NC_037356.1,NC_032678.1,34697220,36396108,36396110,t,tac,2
NC_037356.1,NC_032678.1,34700958,36399844,36399845,t,tg,1
NC_037356.1,NC_032678.1,34701035,36399924,36399925,C,CA,1
NC_037356.1,NC_032678.1,34726129,36425319,36425320,T,TY,1
NC_037356.1,NC_032678.1,34731527,36430740,36430742,C,CAY,2
NC_037356.1,NC_032678.1,34781427,36481327,36481328,T,TW,1
NC_037356.1,NC_032678.1,34829297,36529198,36529200,a,aNN,2
NC_037356.1,NC_032678.1,34856168,36558551,36558552,C,CA,1
NC_037356.1,NC_032678.1,34858913,36561297,36561298,T,TG,1
NC_037356.1,NC_032678.1,34863201,36565587,36565588,G,GT,1
NC_037356.1,NC_032678.1,34865902,36568289,36568290,G,GT,1
NC_037356.1,NC_032678.1,34887795,36590994,36590995,C,CT,1
NC_037356.1,NC_032678.1,34892627,36595835,36595837,C,CAM,2
NC_037356.1,NC_032678.1,35058998,36761400,36761401,C,CY,1
NC_037356.1,NC_032678.1,35092619,36828664,36828665,T,TA,1
NC_037356.1,NC_032678.1,35092924,36828970,36828982,a,aTCAGCTGGGTTC,12
NC_037356.1,NC_032678.1,35114639,36850702,36850703,A,AC,1
NC_037356.1,NC_032678.1,35127801,36863777,36863788,A,ATTGAAAGAGAT,11
NC_037356.1,NC_032678.1,35150585,36886587,36886601,A,AGAATTTCCATGATG,14
NC_037356.1,NC_032678.1,35151874,36887888,36887889,t,ta,1
NC_037356.1,NC_032678.1,35153951,36889963,36890043,t,tACTAAGTCAGCGAACAGACTNNNNNNNNNNNNNNNNNNNNNNNNNNNNNNNNNNNNNNNNNNNNNNNNNNNNNNNNNNNN,80
NC_037356.1,NC_032678.1,35183125,36919513,36919514,g,ga,1
NC_037356.1,NC_032678.1,35196766,36933153,36933154,c,ct,1
NC_037356.1,NC_032678.1,35201313,36937700,36937702,A,AAG,2
NC_037356.1,NC_032678.1,35212012,36948410,36948413,a,agag,3
NC_037356.1,NC_032678.1,35236890,36973402,36973403,C,CS,1
NC_037356.1,NC_032678.1,35237857,36974370,36974371,C,CM,1
NC_037356.1,NC_032678.1,35259427,36995942,36995943,a,aN,1
NC_037356.1,NC_032678.1,35441910,37171093,37171097,a,ataaR,4
NC_037356.1,NC_032678.1,35461752,37190946,37190947,c,ct,1
NC_037356.1,NC_032678.1,35462298,37191493,37191495,t,tNN,2
NC_037356.1,NC_032678.1,35504879,37234068,37234069,t,ta,1
NC_037356.1,NC_032678.1,35508205,37237395,37237404,G,GSWAACTGAT,9
NC_037356.1,NC_032678.1,35529132,37258326,37258327,a,at,1
NC_037356.1,NC_032678.1,35532273,37261468,37261469,G,GC,1
NC_037356.1,NC_032678.1,35552097,37281299,37281300,g,gc,1
NC_037356.1,NC_032678.1,35586834,37316053,37316054,T,TA,1
NC_037356.1,NC_032678.1,35654028,37383254,37383256,t,tNN,2
NC_037356.1,NC_032678.1,35683364,37412602,37412603,G,GT,1
NC_037356.1,NC_032678.1,35835954,37621272,37621273,G,GS,1
NC_037356.1,NC_032678.1,35858332,37643650,37643651,g,gc,1
NC_037356.1,NC_032678.1,35885332,37469684,37469685,T,TA,1
NC_037356.1,NC_032678.1,35918245,37502577,37502578,g,ga,1
NC_037356.1,NC_032678.1,35947030,37531367,37531368,G,GK,1
NC_037356.1,NC_032678.1,35982746,37574577,37574578,a,at,1
NC_037356.1,NC_032678.1,35984127,37575954,37575968,G,GTGAATTACAATctc,14
NC_037356.1,NC_032678.1,35984134,37575975,37575979,g,gtttt,4
NC_037356.1,NC_032678.1,35984524,37576369,37576371,c,cag,2
NC_037356.1,NC_032678.1,35999515,37591355,37591357,G,GTT,2
NC_037356.1,NC_032678.1,36000257,37592103,37592105,a,act,2
NC_037356.1,NC_032678.1,36008643,37677409,37677410,a,at,1
NC_037356.1,NC_032678.1,36016824,37685510,37685574,c,cctgtgttcgatccctggattgggaagatcccttggagaagggaaagKctatccactccagtatt,64
NC_037356.1,NC_032678.1,36106000,37814760,37814761,a,ac,1
NC_037356.1,NC_032678.1,36135534,37844299,37844301,a,aag,2
NC_037356.1,NC_032678.1,36135555,37844322,37844323,t,tg,1
NC_037356.1,NC_032678.1,36135593,37844363,37844364,c,cM,1
NC_037356.1,NC_032678.1,36143159,37851930,37851931,C,CY,1
NC_037356.1,NC_032678.1,36153036,37861813,37861818,T,TACTCG,5
NC_037356.1,NC_032678.1,36164016,37872797,37872798,a,at,1
NC_037356.1,NC_032678.1,36211374,37920163,37920166,t,ttaa,3
NC_037356.1,NC_032678.1,36327104,38035898,38035900,c,ctt,2
NC_037356.1,NC_032678.1,36327166,38035960,38035969,a,acactgtttc,9
NC_037356.1,NC_032678.1,36327262,38036065,38036071,c,ccacttt,6
NC_037356.1,NC_032678.1,36403545,38113467,38113470,t,taag,3
NC_037356.1,NC_032678.1,36503155,38262758,38262759,t,tc,1
NC_037356.1,NC_032678.1,36652359,38412086,38412087,G,GT,1
NC_037356.1,NC_032678.1,36674568,38432353,38432360,A,AGAANNNN,7
NC_037356.1,NC_032678.1,36748390,38506217,38506236,G,GGCGANNNNNNNNNNNNNNN,19
NC_037356.1,NC_032678.1,36921712,38667311,38667313,T,TTC,2
NC_037356.1,NC_032678.1,36930976,38676583,38676584,C,CA,1
NC_037356.1,NC_032678.1,36975951,38721563,38721565,c,ctt,2
NC_037356.1,NC_032678.1,36979953,38725567,38725568,A,AG,1
NC_037356.1,NC_032678.1,37050253,38795609,38795610,A,AR,1
NC_037356.1,NC_032678.1,37107857,38855766,38855767,A,AG,1
NC_037356.1,NC_032678.1,37130440,38878125,38878126,A,AG,1
NC_037356.1,NC_032678.1,37151875,38899565,38899566,G,GC,1
NC_037356.1,NC_032678.1,37157053,38904744,38904745,T,TC,1
NC_037356.1,NC_032678.1,37158752,38906442,38906443,t,tg,1
NC_037356.1,NC_032678.1,37163064,38910744,38910747,C,CATA,3
NC_037356.1,NC_032678.1,37197884,38945579,38945580,T,TA,1
NC_037356.1,NC_032678.1,37220507,38968214,38968215,G,GT,1
NC_037356.1,NC_032678.1,37223577,38971286,38971320,C,CACAGatagatttctgttttttttttttttttttY,34
NC_037356.1,NC_032678.1,37232301,38980044,38980049,A,AATGGM,5
NC_037356.1,NC_032678.1,37233824,38981587,38981588,t,ta,1
NC_037356.1,NC_032678.1,37236230,38984002,38984007,T,TATAAG,5
NC_037356.1,NC_032678.1,37237129,38984907,38984908,t,ta,1
NC_037356.1,NC_032678.1,37301942,39049761,39049764,T,TTCA,3
NC_037356.1,NC_032678.1,37304798,39052620,39052621,A,AR,1
NC_037356.1,NC_032678.1,37308890,39056716,39056718,g,gtt,2
NC_037356.1,NC_032678.1,37311851,39059679,39059682,G,GGAT,3
NC_037356.1,NC_032678.1,37322336,39070167,39070171,t,ttaaa,4
NC_037356.1,NC_032678.1,37322575,39070410,39070411,a,ag,1
NC_037356.1,NC_032678.1,37336803,39084628,39084640,c,ccatagcctggca,12
NC_037356.1,NC_032678.1,37354779,39102532,39102534,C,CAT,2
NC_037356.1,NC_032678.1,37392056,39139813,39139814,a,ac,1
NC_037356.1,NC_032678.1,37403756,39151518,39151519,A,AM,1
NC_037356.1,NC_032678.1,37420248,39168014,39168015,A,AC,1
NC_037356.1,NC_032678.1,37464908,39212648,39212649,C,CY,1
NC_037356.1,NC_032678.1,37503225,39250954,39250955,a,ac,1
NC_037356.1,NC_032678.1,37504059,39251789,39251791,c,ctt,2
NC_037356.1,NC_032678.1,37544725,39292456,39292457,a,at,1
NC_037356.1,NC_032678.1,37556062,39303793,39303804,A,AGAAGGAGAGTG,11
NC_037356.1,NC_032678.1,37612816,39360605,39360614,g,ggtatatata,9
NC_037356.1,NC_032678.1,37639562,39387359,39387360,c,ca,1
NC_037356.1,NC_032678.1,37640470,39388268,39388283,g,ggggaaaaaaaaaaaa,15
NC_037356.1,NC_032678.1,37649708,39397522,39397523,a,ac,1
NC_037356.1,NC_032678.1,37652580,39400395,39400406,t,tgcagtattttg,11
NC_037356.1,NC_032678.1,37661723,39409554,39409555,C,CG,1
NC_037356.1,NC_032678.1,37669562,39417397,39417398,c,ct,1
NC_037356.1,NC_032678.1,37684688,39432528,39432532,a,aNNNN,4
NC_037356.1,NC_032678.1,37797785,39544446,39544450,T,TCTTC,4
NC_037356.1,NC_032678.1,37800411,39547068,39547076,t,tttttaaag,8
NC_037356.1,NC_032678.1,37800849,39547514,39547515,a,ag,1
NC_037356.1,NC_032678.1,37801493,39548156,39548162,g,gttttgc,6
NC_037356.1,NC_032678.1,37802011,39548679,39548680,c,ca,1
NC_037356.1,NC_032678.1,37821367,39568021,39568024,g,gttt,3
NC_037356.1,NC_032678.1,37826352,39573013,39573016,g,gttt,3
NC_037356.1,NC_032678.1,37836825,39583491,39583493,A,AGG,2
NC_037356.1,NC_032678.1,37847942,39594479,39594480,a,ag,1
NC_037356.1,NC_032678.1,37864312,39610854,39610879,T,TNNNNNNNNNNNNNNNNNNNNNNNNN,25
NC_037356.1,NC_032678.1,37900943,39493448,39493450,a,aNN,2
NC_037356.1,NC_032678.1,38113262,39916339,39916340,g,gc,1
NC_037356.1,NC_032678.1,38229128,40032217,40032220,c,ctct,3
NC_037356.1,NC_032678.1,38251247,40054337,40054344,c,caaaaaaa,7
NC_037356.1,NC_032678.1,38307960,40116714,40116717,A,ATGT,3
NC_037356.1,NC_032678.1,38401172,40137191,40137193,g,gtt,2
NC_037356.1,NC_032678.1,38494954,40230807,40230808,A,AC,1
NC_037356.1,NC_032678.1,38526953,40262809,40262811,g,gga,2
NC_037356.1,NC_032678.1,38527605,40263463,40263464,g,gc,1
NC_037356.1,NC_032678.1,38527608,40263467,40263476,a,aagtaggtat,9
NC_037356.1,NC_032678.1,38528200,40264068,40264069,a,at,1
NC_037356.1,NC_032678.1,38528240,40264109,40264113,c,ctttt,4
NC_037356.1,NC_032678.1,38543634,40279507,40279508,t,tc,1
NC_037356.1,NC_032678.1,38543992,40279866,40279867,c,ca,1
NC_037356.1,NC_032678.1,38578096,40313569,40313601,C,CCGCGCTTAATNNNNNNNNNNNNNNNNNNNNNN,32
NC_037356.1,NC_032678.1,38578110,40313615,40313617,A,AAT,2
NC_037356.1,NC_032678.1,38582140,40317648,40317652,g,ggttt,4
NC_037356.1,NC_032678.1,38594378,40329891,40329893,a,aNN,2
NC_037356.1,NC_032678.1,38597682,40333197,40333198,C,CG,1
NC_037356.1,NC_032678.1,38722801,40558360,40558364,c,caagt,4
NC_037356.1,NC_032678.1,38724458,40560021,40560023,t,tta,2
NC_037356.1,NC_032678.1,38726055,40561620,40561621,g,ga,1
NC_037356.1,NC_032678.1,38737589,40573156,40573158,t,tNN,2
NC_037356.1,NC_032678.1,38770122,40605639,40605640,T,TC,1
NC_037356.1,NC_032678.1,38770406,40605924,40605925,A,AG,1
NC_037356.1,NC_032678.1,38770867,40606375,40606376,G,GC,1
NC_037356.1,NC_032678.1,38772087,40607586,40607592,t,taaaaaa,6
NC_037356.1,NC_032678.1,38772357,40607862,40607873,G,GGGTTGGGGCAC,11
NC_037356.1,NC_032678.1,38772413,40607929,40607930,T,TC,1
NC_037356.1,NC_032678.1,38772985,40608502,40608505,C,CAGT,3
NC_037356.1,NC_032678.1,38773080,40608600,40608601,T,TA,1
NC_037356.1,NC_032678.1,38773135,40608656,40608659,T,TATA,3
NC_037356.1,NC_032678.1,38773603,40609127,40609129,a,aag,2
NC_037356.1,NC_032678.1,38783112,40618485,40618487,t,taa,2
NC_037356.1,NC_032678.1,38798327,40633704,40633705,T,TK,1
NC_037356.1,NC_032678.1,38798337,40633715,40633716,G,GA,1
NC_037356.1,NC_032678.1,39149698,40731100,40731101,t,tc,1
NC_037356.1,NC_032678.1,39179187,40760702,40760703,T,TC,1
NC_037356.1,NC_032678.1,39193584,40774454,40774455,C,CY,1
NC_037356.1,NC_032678.1,39569350,41236652,41236653,G,GA,1
NC_037356.1,NC_032678.1,39572157,41239460,41239462,g,gRA,2
NC_037356.1,NC_032678.1,39602434,41269737,41269739,c,cct,2
NC_037356.1,NC_032678.1,39623561,41290963,41290969,C,CCTTATT,6
NC_037356.1,NC_032678.1,39630810,41298218,41298230,G,GAGGAGAGGCTGC,12
NC_037356.1,NC_032678.1,39641416,41308830,41308854,T,TGAGCACTTCTGCTAAGTATGTGAA,24
NC_037356.1,NC_032678.1,39644076,41311514,41311531,c,catttccttcttcagggg,17
NC_037356.1,NC_032678.1,39644735,41312190,41312191,A,AT,1
NC_037356.1,NC_032678.1,39648483,41315938,41315943,G,GTGCTA,5
NC_037356.1,NC_032678.1,39651282,41318739,41318740,A,AG,1
NC_037356.1,NC_032678.1,39680135,41347594,41347598,A,AGGCT,4
NC_037356.1,NC_032678.1,39686824,41354443,41354445,t,tta,2
NC_037356.1,NC_032678.1,39705677,41373300,41373317,A,ATTATACTATAGATGATM,17
NC_037356.1,NC_032678.1,39743099,41410790,41410791,G,GT,1
NC_037356.1,NC_032678.1,39752531,41420223,41420231,t,tNNNNNNNN,8
NC_037356.1,NC_032678.1,39753720,41421420,41421421,c,ca,1
NC_037356.1,NC_032678.1,39805021,41472732,41472734,C,CAT,2
NC_037356.1,NC_032678.1,39852227,41519452,41519454,C,CAT,2
NC_037356.1,NC_032678.1,39901832,41569061,41569062,A,AG,1
NC_037356.1,NC_032678.1,39974205,41641454,41641455,g,gt,1
NC_037356.1,NC_032678.1,39976054,41643303,41643304,c,ca,1
NC_037356.1,NC_032678.1,39979861,41647063,41647064,T,TG,1
NC_037356.1,NC_032678.1,39981453,41648656,41648657,t,ta,1
NC_037356.1,NC_032678.1,40005301,41672486,41672487,G,GR,1
NC_037356.1,NC_032678.1,40131069,41796804,41796805,C,CS,1
NC_037356.1,NC_032678.1,40133558,41799294,41799295,T,TG,1
NC_037356.1,NC_032678.1,40153651,41819225,41819227,a,agt,2
NC_037356.1,NC_032678.1,40160072,41825647,41825648,C,CT,1
NC_037356.1,NC_032678.1,40196695,41862269,41862270,A,AR,1
NC_037356.1,NC_032678.1,40258963,41924961,41924964,t,tctc,3
NC_037356.1,NC_032678.1,40274389,41944190,41944191,a,ag,1
NC_037356.1,NC_032678.1,40274404,41944206,41944207,t,tc,1
NC_037356.1,NC_032678.1,40277852,41947655,41947657,t,tcc,2
NC_037356.1,NC_032678.1,40376400,42025110,42025111,c,ct,1
NC_037356.1,NC_032678.1,40441628,42090676,42090680,G,GAAAT,4
NC_037356.1,NC_032678.1,40449313,42098368,42098369,A,AT,1
NC_037356.1,NC_032678.1,40450916,42099828,42099829,a,ac,1
NC_037356.1,NC_032678.1,40455274,42104187,42104188,C,CA,1
NC_037356.1,NC_032678.1,40522235,42173195,42173196,t,tg,1
NC_037356.1,NC_032678.1,40537108,42227973,42227974,t,tc,1
NC_037356.1,NC_032678.1,40547987,42266826,42266827,t,tK,1
NC_037356.1,NC_032678.1,40560893,42279737,42279738,a,ag,1
NC_037356.1,NC_032678.1,40561199,42280044,42280047,a,aact,3
NC_037356.1,NC_032678.1,40593843,42296486,42296488,a,aag,2
NC_037356.1,NC_032678.1,40628421,42328895,42328896,t,tg,1
NC_037356.1,NC_032678.1,40638372,42337690,42337691,A,AG,1
NC_037356.1,NC_032678.1,40671896,42370005,42370006,t,tg,1
NC_037356.1,NC_032678.1,40676328,42374436,42374437,T,TY,1
NC_037356.1,NC_032678.1,40676860,42374969,42374980,A,ATGAGACCTTTC,11
NC_037356.1,NC_032678.1,40688086,42386206,42386207,a,at,1
NC_037356.1,NC_032678.1,40691053,42389177,42389179,c,ctt,2
NC_037356.1,NC_032678.1,40702765,42400889,42400890,T,TC,1
NC_037356.1,NC_032678.1,40706586,42404711,42404729,a,atgagtcagctcttcacat,18
NC_037356.1,NC_032678.1,40710051,42408194,42408195,c,ca,1
NC_037356.1,NC_032678.1,40710494,42408646,42408647,C,CS,1
NC_037356.1,NC_032678.1,40790240,42489856,42489857,t,tN,1
NC_037356.1,NC_032678.1,40831175,42530793,42530794,G,GA,1
NC_037356.1,NC_032678.1,40929484,42625687,42625688,C,CS,1
NC_037356.1,NC_032678.1,41066822,42763015,42763017,g,gga,2
NC_037356.1,NC_032678.1,41118922,42815032,42815034,A,AAK,2
NC_037356.1,NC_032678.1,41169619,42865727,42865731,a,aaaat,4
NC_037356.1,NC_032678.1,41202218,42898201,42898205,t,tttta,4
NC_037356.1,NC_032678.1,41239401,42935386,42935388,c,caa,2
NC_037356.1,NC_032678.1,41247559,42943546,42943549,G,GAAA,3
NC_037356.1,NC_032678.1,41247603,42943594,42943595,C,CG,1
NC_037356.1,NC_032678.1,41253478,42949459,42949460,a,at,1
NC_037356.1,NC_032678.1,41305004,43002718,43002720,a,act,2
NC_037356.1,NC_032678.1,41361753,43060258,43060259,g,ga,1
NC_037356.1,NC_032678.1,41410980,43109492,43109493,g,gt,1
NC_037356.1,NC_032678.1,41413064,43111577,43111578,a,at,1
NC_037356.1,NC_032678.1,41502021,43200510,43200511,t,ta,1
NC_037356.1,NC_032678.1,41502027,43200517,43200521,a,aaatt,4
NC_037356.1,NC_032678.1,41554667,43256013,43256014,t,ta,1
NC_037356.1,NC_032678.1,41591955,43292941,43292942,c,ct,1
NC_037356.1,NC_032678.1,41636713,43332706,43332707,T,TG,1
NC_037356.1,NC_032678.1,41719117,43415155,43415157,C,CTS,2
NC_037356.1,NC_032678.1,41725127,43420998,43421000,a,aac,2
NC_037356.1,NC_032678.1,41726866,43422739,43422741,a,aat,2
NC_037356.1,NC_032678.1,41727589,43423463,43423465,c,cag,2
NC_037356.1,NC_032678.1,41730170,43426042,43426043,t,ta,1
NC_037356.1,NC_032678.1,41731734,43428273,43428274,G,GC,1
NC_037356.1,NC_032678.1,41741694,43438484,43438485,c,ca,1
NC_037356.1,NC_032678.1,41881909,43595064,43595065,c,ca,1
NC_037356.1,NC_032678.1,41894091,43624818,43624822,c,ctaaa,4
NC_037356.1,NC_032678.1,41894180,43624911,43624912,A,AC,1
NC_037356.1,NC_032678.1,41897011,43627743,43627748,t,ttttta,5
NC_037356.1,NC_032678.1,41935316,43600043,43600044,T,TG,1
NC_037356.1,NC_032678.1,41960247,43634600,43634601,A,AC,1
NC_037356.1,NC_032678.1,41965571,43639925,43639926,t,tc,1
NC_037356.1,NC_032678.1,41989682,43664047,43664048,C,CT,1
NC_037356.1,NC_032678.1,41992000,43666360,43666366,a,atataNN,6
NC_037356.1,NC_032678.1,42065304,43788750,43788754,A,ATCTC,4
NC_037356.1,NC_032678.1,42153735,43876251,43876253,A,ACT,2
NC_037356.1,NC_032678.1,42194790,43917251,43917252,t,tg,1
NC_037356.1,NC_032678.1,42259520,44008667,44008668,C,CG,1
NC_037356.1,NC_032678.1,42380924,44165209,44165213,T,TCTGA,4
NC_037356.1,NC_032678.1,42469701,44261801,44261802,c,ca,1
NC_037356.1,NC_032678.1,42488698,44281040,44281101,g,gctggatggcattctNNNNNNNNNNNNNNNNNNNNNNNNNNNNNNNNNNNNNNNNNNNNNNt,61
NC_037356.1,NC_032678.1,42523864,44316232,44316235,T,TTTG,3
NC_037356.1,NC_032678.1,42529539,44321832,44321833,a,at,1
NC_037356.1,NC_032678.1,42623912,44416306,44416307,C,CA,1
NC_037356.1,NC_032678.1,42629102,44421497,44421498,C,CY,1
NC_037356.1,NC_032678.1,42652363,44444759,44444761,c,caa,2
NC_037356.1,NC_032678.1,42690525,44483003,44483014,a,atacatacatcc,11
NC_037356.1,NC_032678.1,42699610,44492097,44492110,T,TCCCTGATTAGAGA,13
NC_037356.1,NC_032678.1,42705857,44498345,44498346,T,TC,1
NC_037356.1,NC_032678.1,43026033,44921506,44921508,t,ttg,2
NC_037356.1,NC_032678.1,43036759,44932253,44932266,A,AACNNNNNNNNNNN,13
NC_037356.1,NC_032678.1,43061386,44959451,44959452,C,CS,1
NC_037356.1,NC_032678.1,43084359,44982451,44982452,G,GR,1
NC_037356.1,NC_032678.1,43087125,44985218,44985219,G,GS,1
NC_037356.1,NC_032678.1,43203768,45134351,45134352,G,GR,1
NC_037356.1,NC_032678.1,43204237,45134821,45134822,t,ta,1
NC_037356.1,NC_032678.1,43204255,45134840,45134843,g,ggtc,3
NC_037356.1,NC_032678.1,43267196,45194033,45194034,g,ga,1
NC_037356.1,NC_032678.1,43280756,45207598,45207619,T,TGGCCTTACCCTCCTCCTGAAA,21
NC_037356.1,NC_032678.1,43461117,45387357,45387358,C,CM,1
NC_037356.1,NC_032678.1,43469570,45395519,45395535,C,CAATGTTGTGTATTCAY,16
NC_037356.1,NC_032678.1,43476836,45402654,45402655,g,gR,1
NC_037356.1,NC_032678.1,43482266,45408086,45408087,C,CG,1
NC_037356.1,NC_032678.1,43508358,45434133,45434135,g,gaa,2
NC_037356.1,NC_032678.1,43553426,45479227,45479233,t,tttNNNN,6
NC_037356.1,NC_032678.1,43575656,45501464,45501465,A,AR,1
NC_037356.1,NC_032678.1,43586179,45512003,45512005,C,CCT,2
NC_037356.1,NC_032678.1,43641606,45615120,45615122,t,ttg,2
NC_037356.1,NC_032678.1,43651461,45624984,45624985,G,GT,1
NC_037356.1,NC_032678.1,43653584,45627086,45627089,G,GCTA,3
NC_037356.1,NC_032678.1,43745166,45718597,45718599,t,tNa,2
NC_037356.1,NC_032678.1,43815886,45789421,45789422,T,TG,1
NC_037356.1,NC_032678.1,43815920,45789456,45789457,A,AT,1
NC_037356.1,NC_032678.1,43816014,45789551,45789552,G,GT,1
NC_037356.1,NC_032678.1,43843476,45817017,45817021,c,cgcAN,4
NC_037356.1,NC_032678.1,43859762,45833300,45833301,t,ta,1
NC_037356.1,NC_032678.1,43860739,45834280,45834285,a,aggact,5
NC_037356.1,NC_032678.1,43930862,45902548,45902549,G,GT,1
NC_037356.1,NC_032678.1,43932224,45903911,45903913,G,GCK,2
NC_037356.1,NC_032678.1,43990785,45999986,45999987,T,TC,1
NC_037356.1,NC_032678.1,44000900,46010101,46010102,G,GK,1
NC_037356.1,NC_032678.1,44172104,46181337,46181339,A,AAC,2
NC_037356.1,NC_032678.1,44234668,46234312,46234318,G,GTCTACT,6
NC_037356.1,NC_032678.1,44237334,46236983,46236986,c,caca,3
NC_037356.1,NC_032678.1,44244051,46243711,46243712,A,AC,1
NC_037356.1,NC_032678.1,44258438,46258128,46258141,C,CAAAAGATTTTTAG,13
NC_037356.1,NC_032678.1,44275865,46276057,46276058,G,GS,1
NC_037356.1,NC_032678.1,44279628,46279822,46279823,A,AR,1
NC_037356.1,NC_032678.1,44281806,46282001,46282003,C,CAG,2
NC_037356.1,NC_032678.1,44282585,46282782,46282783,C,CT,1
NC_037356.1,NC_032678.1,44355601,46351886,46351888,c,cat,2
NC_037356.1,NC_032678.1,44356170,46352457,46352465,t,tatatatac,8
NC_037356.1,NC_032678.1,44372462,46367901,46367902,G,GA,1
NC_037356.1,NC_032678.1,44388908,46384348,46384349,T,TG,1
NC_037356.1,NC_032678.1,44397573,46393014,46393015,A,AG,1
NC_037356.1,NC_032678.1,44399414,46394856,46394857,C,CG,1
NC_037356.1,NC_032678.1,44422697,46418094,46418095,t,tc,1
NC_037356.1,NC_032678.1,44444740,46440569,46440570,G,GA,1
NC_037356.1,NC_032678.1,44656200,46680388,46680389,g,gc,1
NC_037356.1,NC_032678.1,44681820,46706012,46706014,T,TTC,2
NC_037356.1,NC_032678.1,44730971,46755020,46755021,C,CS,1
NC_037356.1,NC_032678.1,44744654,46768684,46768704,T,TGCCCTGGGGCCCATCAGGCG,20
NC_037356.1,NC_032678.1,44783884,46808074,46808076,A,ACG,2
NC_037356.1,NC_032678.1,44795582,46819169,46819172,t,ttca,3
NC_037356.1,NC_032678.1,44853853,46877374,46877375,c,cg,1
NC_037356.1,NC_032678.1,44880476,46903995,46903996,C,CT,1
NC_037356.1,NC_032678.1,44890035,46913553,46913554,C,CA,1
NC_037356.1,NC_032678.1,44891651,46915166,46915181,T,TCCTTCCAGAACGGAA,15
NC_037356.1,NC_032678.1,44944787,46968888,46968889,a,at,1
NC_037356.1,NC_032678.1,45010032,47034391,47034393,T,TAA,2
NC_037356.1,NC_032678.1,45010076,47034438,47034439,G,GA,1
NC_037356.1,NC_032678.1,45021721,47046086,47046088,a,aNN,2
NC_037356.1,NC_032678.1,45024337,47048704,47048705,C,CA,1
NC_037356.1,NC_032678.1,45025783,47050151,47050153,t,tNN,2
NC_037356.1,NC_032678.1,45333110,47405243,47405244,C,CT,1
NC_037356.1,NC_032678.1,45426446,47498191,47498192,A,AG,1
NC_037356.1,NC_032678.1,45850839,47775542,47775543,C,CA,1
NC_037356.1,NC_032678.1,45900286,47824992,47824993,G,GS,1
NC_037356.1,NC_032678.1,45946359,47871315,47871332,C,CCGGCTCTTGCTTGGTGA,17
NC_037356.1,NC_032678.1,45966535,47891511,47891514,a,aaag,3
NC_037356.1,NC_032678.1,45973445,47898419,47898421,C,CTG,2
NC_037356.1,NC_032678.1,45993736,47918706,47918713,T,TAGCCCTC,7
NC_037356.1,NC_032678.1,46005660,47930687,47930688,C,CT,1
NC_037356.1,NC_032678.1,46029226,47954255,47954257,c,cca,2
NC_037356.1,NC_032678.1,46048045,47973084,47973085,A,AM,1
NC_037356.1,NC_032678.1,46059155,47984195,47984197,t,tca,2
NC_037356.1,NC_032678.1,46148136,48073259,48073266,T,TTCCGGGA,7
NC_037356.1,NC_032678.1,46160663,48085535,48085536,c,ct,1
NC_037356.1,NC_032678.1,46165229,48090103,48090104,C,CA,1
NC_037356.1,NC_032678.1,46193416,48117392,48117401,C,CCGATCGCCA,9
NC_037356.1,NC_032678.1,46201418,48125838,48125839,C,CA,1
NC_037356.1,NC_032678.1,46228489,48152910,48152912,G,GAC,2
NC_037356.1,NC_032678.1,46287949,48214620,48214621,G,GM,1
NC_037356.1,NC_032678.1,46323472,48250147,48250179,g,gacacgacttagcaactcaacaacaagaacaac,32
NC_037356.1,NC_032678.1,46337536,48264244,48264245,t,tg,1
NC_037356.1,NC_032678.1,46338385,48264977,48265054,G,GCCTCCCCTCTCNNNNNNNNNNNNNNNNNNNNNNNNNNNNNNNNNNNNNNNNNNNNNNNNNGGACCCCAGGCCCCgtc,77
NC_037356.1,NC_032678.1,46348827,48275476,48275477,C,CA,1
NC_037356.1,NC_032678.1,46352668,48279319,48279330,G,GATAGCGGAGGC,11
NC_037356.1,NC_032678.1,46353190,48279851,48279857,g,gatggct,6
NC_037356.1,NC_032678.1,46355943,48282612,48282613,A,AG,1
NC_037356.1,NC_032678.1,46388369,48315048,48315049,C,CA,1
NC_037356.1,NC_032678.1,46424400,48351081,48351082,G,GC,1
NC_037356.1,NC_032678.1,46514514,48441169,48441170,t,tg,1
NC_037356.1,NC_032678.1,46516082,48442738,48442739,T,TC,1
NC_037356.1,NC_032678.1,46542785,48469478,48469479,c,ca,1
NC_037356.1,NC_032678.1,46659388,48619164,48619165,C,CA,1
NC_037356.1,NC_032678.1,46749409,48709245,48709246,A,AT,1
NC_037356.1,NC_032678.1,46752387,48712231,48712233,T,TNN,2
NC_037356.1,NC_032678.1,47081389,49042045,49042046,c,ct,1
NC_037356.1,NC_032678.1,47117004,49077555,49077556,T,TY,1
NC_037356.1,NC_032678.1,47168104,49128690,49128691,C,CT,1
NC_037356.1,NC_032678.1,47185698,49146268,49146270,T,TAC,2
NC_037356.1,NC_032678.1,47201513,49162085,49162090,A,ATAATG,5
NC_037356.1,NC_032678.1,47217754,49178329,49178330,T,TG,1
NC_037356.1,NC_032678.1,47252834,49213408,49213409,A,AG,1
NC_037356.1,NC_032678.1,47281041,49241696,49241697,C,CK,1
NC_037356.1,NC_032678.1,47337886,49298544,49298545,G,GS,1
NC_037356.1,NC_032678.1,47383766,49344420,49344421,G,GS,1
NC_037356.1,NC_032678.1,47421112,49382282,49382283,G,GN,1
NC_037356.1,NC_032678.1,47421865,49383037,49383038,T,TG,1
NC_037356.1,NC_032678.1,47432317,49393488,49393489,G,GR,1
NC_037356.1,NC_032678.1,47434954,49396126,49396160,G,GAAGAAGGTCcgtgtagaaaaaaaaaaaaaaaaaR,34
NC_037356.1,NC_032678.1,47440775,49401981,49401983,c,ccg,2
NC_037356.1,NC_032678.1,47456392,49417760,49417762,C,CAG,2
NC_037356.1,NC_032678.1,47469891,49431287,49431290,G,GTGT,3
NC_037356.1,NC_032678.1,47500526,49461930,49461934,a,aagtg,4
NC_037356.1,NC_032678.1,47656618,49617795,49617796,a,ag,1
NC_037356.1,NC_032678.1,47672337,49633516,49633517,C,CY,1
NC_037356.1,NC_032678.1,47681915,49643092,49643094,C,CTG,2
NC_037356.1,NC_032678.1,47713082,49677019,49677020,A,AR,1
NC_037356.1,NC_032678.1,47747196,49711424,49711425,T,TY,1
NC_037356.1,NC_032678.1,47753116,49717349,49717354,g,ggaaat,5
NC_037356.1,NC_032678.1,47808453,49773657,49773658,A,AC,1
NC_037356.1,NC_032678.1,47809156,49774361,49774363,c,caa,2
NC_037356.1,NC_032678.1,47878827,49844034,49844037,C,CNNN,3
NC_037356.1,NC_032678.1,47881067,49846275,49846283,a,atgggtggg,8
NC_037356.1,NC_032678.1,47895893,49860996,49860997,T,TG,1
NC_037356.1,NC_032678.1,47920438,49885558,49885559,C,CA,1
NC_037356.1,NC_032678.1,47938756,49903883,49903884,A,AC,1
NC_037356.1,NC_032678.1,48009143,49974273,49974274,G,GA,1
NC_037356.1,NC_032678.1,48009588,49974719,49974720,a,at,1
NC_037356.1,NC_032678.1,48019923,49985083,49985084,G,GC,1
NC_037356.1,NC_032678.1,48027240,49992595,49992598,C,CGTG,3
NC_037356.1,NC_032678.1,48238926,50219021,50219022,G,GA,1
NC_037356.1,NC_032678.1,48239290,50219378,50219379,G,GA,1
NC_037356.1,NC_032678.1,48239469,50219557,50219558,A,AG,1
NC_037356.1,NC_032678.1,48239958,50220047,50220048,T,TG,1
NC_037356.1,NC_032678.1,48240124,50220212,50220213,A,AG,1
NC_037356.1,NC_032678.1,48240165,50220253,50220254,A,AC,1
NC_037356.1,NC_032678.1,48241730,50221848,50221849,G,GC,1
NC_037356.1,NC_032678.1,48241860,50221978,50221979,T,TG,1
NC_037356.1,NC_032678.1,48241921,50222040,50222041,T,TA,1
NC_037356.1,NC_032678.1,48250504,50230622,50230623,t,tc,1
NC_037356.1,NC_032678.1,48284802,50264979,50264980,A,AC,1
NC_037356.1,NC_032678.1,48304845,50284947,50284948,C,CG,1
NC_037356.1,NC_032678.1,48336674,50316776,50316777,C,CA,1
NC_037356.1,NC_032678.1,48339564,50319667,50319668,A,AG,1
NC_037356.1,NC_032678.1,48360142,50340248,50340249,t,tc,1
NC_037356.1,NC_032678.1,48360819,50340807,50340808,a,at,1
NC_037356.1,NC_032678.1,48378292,50359780,50359784,G,GAATc,4
NC_037356.1,NC_032678.1,48411245,50392739,50392740,C,CM,1
NC_037356.1,NC_032678.1,48419349,50401839,50401840,g,gt,1
NC_037356.1,NC_032678.1,48467190,50444523,50444524,G,GS,1
NC_037356.1,NC_032678.1,48560702,50537145,50537147,A,AAC,2
NC_037356.1,NC_032678.1,48570866,50547321,50547322,T,TK,1
NC_037356.1,NC_032678.1,48611705,50588721,50588722,C,CN,1
NC_037356.1,NC_032678.1,48616862,50593879,50593883,T,TCGTC,4
NC_037356.1,NC_032678.1,48634819,50611683,50611685,c,cct,2
NC_037356.1,NC_032678.1,48667209,50644088,50644089,T,TA,1
NC_037356.1,NC_032678.1,48698910,50675767,50675768,C,CG,1
NC_037356.1,NC_032678.1,48712683,50689544,50689545,C,CN,1
NC_037356.1,NC_032678.1,48794406,50770955,50770956,g,gt,1
NC_037356.1,NC_032678.1,48799715,50776265,50776266,T,TG,1
NC_037356.1,NC_032678.1,48802857,50779407,50779408,C,CA,1
NC_037356.1,NC_032678.1,48812407,50788960,50788961,A,AM,1
NC_037356.1,NC_032678.1,48835704,50812259,50812260,G,GS,1
NC_037356.1,NC_032678.1,49011066,50987966,50987967,t,ta,1
NC_037356.1,NC_032678.1,49116405,51094333,51094334,a,ac,1
NC_037356.1,NC_032678.1,49117813,51095727,51095728,C,CG,1
NC_037356.1,NC_032678.1,49129662,51107590,51107592,T,TTA,2
NC_037356.1,NC_032678.1,49136176,51114106,51114107,G,GT,1
NC_037356.1,NC_032678.1,49223155,51188507,51188508,a,at,1
NC_037356.1,NC_032678.1,49284740,51250523,51250526,C,CGAA,3
NC_037356.1,NC_032678.1,49329618,51295443,51295444,c,cg,1
NC_037356.1,NC_032678.1,49336637,51302464,51302465,G,GA,1
NC_037356.1,NC_032678.1,49342866,51308684,51308685,G,GA,1
NC_037356.1,NC_032678.1,49376440,51341981,51341982,G,GY,1
NC_037356.1,NC_032678.1,49406840,51372410,51372413,C,CCCA,3
NC_037356.1,NC_032678.1,49408975,51374547,51374548,g,gt,1
NC_037356.1,NC_032678.1,49550750,51536654,51536655,G,GA,1
NC_037356.1,NC_032678.1,49733234,51719272,51719273,G,GC,1
NC_037356.1,NC_032678.1,49776327,51762271,51762272,A,AG,1
NC_037356.1,NC_032678.1,49831620,51826948,51826950,a,aac,2
NC_037356.1,NC_032678.1,49838487,51833817,51833825,A,ACATGAGCT,8
NC_037356.1,NC_032678.1,49838588,51833926,51833927,C,CT,1
NC_037356.1,NC_032678.1,49845518,51840857,51840858,C,CA,1
NC_037356.1,NC_032678.1,49892279,51887702,51887734,G,GNNNNNNNNNNNNNNNNNNNNNNNNNNNNNNNN,32
NC_037356.1,NC_032678.1,49906954,51896090,51896094,t,ttttc,4
NC_037356.1,NC_032678.1,49907825,51896967,51896969,T,TAA,2
NC_037356.1,NC_032678.1,49908638,51897782,51897783,G,GC,1
NC_037356.1,NC_032678.1,49911189,51900332,51900353,A,AGGCTGCGGCTCCAGCTGTGGG,21
NC_037356.1,NC_032678.1,49911342,51900506,51900656,G,GGGCTCCAAGGGGGACTGTGGCTCATGTGGGGGCTCCAAGGGGGGCTGTGGCTCCTGTGGGGGCTCCAAGGGGGGCTGTGGCTCCTGTGGGGGTTCCNNNNNNNNNNNNNNNNNNNGTGGGGGTTCCAAGGGGGGCTGTGGCTCCTGTGGA,150
NC_037356.1,NC_032678.1,49929840,51920895,51920896,A,AT,1
NC_037356.1,NC_032678.1,49940204,51931260,51931263,C,CCAG,3
NC_037356.1,NC_032678.1,49944645,51977611,51977612,T,TA,1
NC_037356.1,NC_032678.1,49972927,52005446,52005447,C,CA,1
NC_037356.1,NC_032678.1,49990148,52021996,52021997,G,GA,1
NC_037356.1,NC_032678.1,50060408,52091977,52091978,T,TK,1
NC_037356.1,NC_032678.1,50066396,52097966,52097967,C,CG,1
NC_037356.1,NC_032678.1,50071561,52103000,52103002,c,cca,2
