Reference ID,Query ID,Reference POS,Query POS,Query END,REF,ALT,SVLEN
NC_037331.1,NC_032653.1,396502,74043,74044,G,GA,1
NC_037331.1,NC_032653.1,595532,273334,273335,a,at,1
NC_037331.1,NC_032653.1,685660,362882,362883,a,ac,1
NC_037331.1,NC_032653.1,685671,362894,362895,c,cg,1
NC_037331.1,NC_032653.1,755882,516519,516520,c,ca,1
NC_037331.1,NC_032653.1,832904,593450,593452,g,gcc,2
NC_037331.1,NC_032653.1,890570,651154,651155,a,aM,1
NC_037331.1,NC_032653.1,920447,681025,681027,t,tNN,2
NC_037331.1,NC_032653.1,922890,683470,683478,c,ctttttttt,8
NC_037331.1,NC_032653.1,928353,688946,688958,t,tgtaaatggggaa,12
NC_037331.1,NC_032653.1,966246,726860,726861,A,AC,1
NC_037331.1,NC_032653.1,978812,739448,739457,g,gggaaacagt,9
NC_037331.1,NC_032653.1,981452,742097,742098,A,AG,1
NC_037331.1,NC_032653.1,1026893,787542,787543,T,TC,1
NC_037331.1,NC_032653.1,1066843,827520,827523,t,ttag,3
NC_037331.1,NC_032653.1,1096290,857981,857987,g,gttgttt,6
NC_037331.1,NC_032653.1,1133413,903873,903874,a,ag,1
NC_037331.1,NC_032653.1,1146094,916564,916565,t,ta,1
NC_037331.1,NC_032653.1,1196675,985234,985235,c,ct,1
NC_037331.1,NC_032653.1,1294562,1083374,1083375,c,ca,1
NC_037331.1,NC_032653.1,1294864,1083677,1083678,t,ta,1
NC_037331.1,NC_032653.1,1431216,1192993,1192997,a,aactt,4
NC_037331.1,NC_032653.1,1431259,1193040,1193043,c,ctta,3
NC_037331.1,NC_032653.1,1485808,1251731,1251732,t,tg,1
NC_037331.1,NC_032653.1,1493114,1259039,1259040,a,ag,1
NC_037331.1,NC_032653.1,1512248,1278185,1278186,a,ac,1
NC_037331.1,NC_032653.1,1512250,1278188,1278192,g,gaact,4
NC_037331.1,NC_032653.1,1519298,1285239,1285243,C,CTAAG,4
NC_037331.1,NC_032653.1,1632039,1397984,1397985,a,ag,1
NC_037331.1,NC_032653.1,1637012,1402962,1402963,A,AT,1
NC_037331.1,NC_032653.1,1713051,1478890,1478891,t,tg,1
NC_037331.1,NC_032653.1,1719789,1485629,1485630,G,GK,1
NC_037331.1,NC_032653.1,2013521,1785648,1785650,a,aNN,2
NC_037331.1,NC_032653.1,2044678,1816843,1816844,t,tc,1
NC_037331.1,NC_032653.1,2106288,1877960,1877962,a,aNN,2
NC_037331.1,NC_032653.1,2143759,1915430,1915431,A,AM,1
NC_037331.1,NC_032653.1,2221785,1993601,1993606,G,GGTGGT,5
NC_037331.1,NC_032653.1,2399812,2171257,2171258,a,at,1
NC_037331.1,NC_032653.1,2399942,2171388,2171390,c,ctg,2
NC_037331.1,NC_032653.1,2400517,2171948,2171950,t,ttc,2
NC_037331.1,NC_032653.1,2466305,2240547,2240549,c,ctg,2
NC_037331.1,NC_032653.1,2638225,2409395,2409405,t,ttatattatac,10
NC_037331.1,NC_032653.1,2638273,2409453,2409460,c,ctatataa,7
NC_037331.1,NC_032653.1,2638341,2409528,2409529,t,ta,1
NC_037331.1,NC_032653.1,2638383,2409571,2409577,a,aatatac,6
NC_037331.1,NC_032653.1,2684216,2455406,2455407,g,gc,1
NC_037331.1,NC_032653.1,2685459,2456650,2456651,t,tK,1
NC_037331.1,NC_032653.1,2707493,2478682,2478683,A,AG,1
NC_037331.1,NC_032653.1,2721879,2493088,2493109,a,atatatatatatatatatatat,21
NC_037331.1,NC_032653.1,2725261,2496491,2496492,A,AT,1
NC_037331.1,NC_032653.1,2791556,2626054,2626056,c,cNN,2
NC_037331.1,NC_032653.1,2904446,2742629,2742630,A,AC,1
NC_037331.1,NC_032653.1,2978690,2816760,2816761,g,gt,1
NC_037331.1,NC_032653.1,2978805,2816876,2816878,a,acc,2
NC_037331.1,NC_032653.1,3101177,2943462,2943463,c,cg,1
NC_037331.1,NC_032653.1,3155598,2995557,2995558,a,aM,1
NC_037331.1,NC_032653.1,3208133,3051231,3051232,c,ca,1
NC_037331.1,NC_032653.1,3240094,3083193,3083197,C,CATCM,4
NC_037331.1,NC_032653.1,3251273,3094376,3094377,c,ca,1
NC_037331.1,NC_032653.1,3251628,3094733,3094734,a,at,1
NC_037331.1,NC_032653.1,3280539,3121256,3121257,t,ta,1
NC_037331.1,NC_032653.1,3303987,3146066,3146067,C,CG,1
NC_037331.1,NC_032653.1,3312608,3154361,3154391,A,ATACCCATCACAACTCGAGATGAAGCTGAGT,30
NC_037331.1,NC_032653.1,3413742,3317192,3317193,a,ac,1
NC_037331.1,NC_032653.1,3560944,3465255,3465256,a,ag,1
NC_037331.1,NC_032653.1,3589916,3494232,3494233,g,ga,1
NC_037331.1,NC_032653.1,3683927,3587866,3587867,A,AW,1
NC_037331.1,NC_032653.1,3702727,3606668,3606669,C,CT,1
NC_037331.1,NC_032653.1,3706673,3610285,3610287,t,tca,2
NC_037331.1,NC_032653.1,3733395,3649911,3649912,G,GA,1
NC_037331.1,NC_032653.1,3746735,3663478,3663480,g,gcc,2
NC_037331.1,NC_032653.1,3844214,3760870,3760871,A,AC,1
NC_037331.1,NC_032653.1,3904586,3819206,3819207,a,aR,1
NC_037331.1,NC_032653.1,4073356,4118115,4118120,a,aaaaac,5
NC_037331.1,NC_032653.1,4075604,4120368,4120370,t,tac,2
NC_037331.1,NC_032653.1,4078774,4123538,4123549,a,aagtaatgtctc,11
NC_037331.1,NC_032653.1,4079085,3993123,3993124,t,tc,1
NC_037331.1,NC_032653.1,4102078,4015948,4015949,C,CY,1
NC_037331.1,NC_032653.1,4153205,4067079,4067080,A,AR,1
NC_037331.1,NC_032653.1,4165411,4079289,4079310,A,AATGAGTACTGGAGTAATGAGT,21
NC_037331.1,NC_032653.1,4217637,4189261,4189262,T,TG,1
NC_037331.1,NC_032653.1,4516140,4534041,4534044,t,ttaa,3
NC_037331.1,NC_032653.1,4660541,4673473,4673474,C,CY,1
NC_037331.1,NC_032653.1,4818849,4832704,4832705,g,gc,1
NC_037331.1,NC_032653.1,4820002,4833821,4833823,A,AGT,2
NC_037331.1,NC_032653.1,5494101,5521066,5521080,T,TCTTCCTGCTGGRCY,14
NC_037331.1,NC_032653.1,5691136,5717256,5717259,T,TGTG,3
NC_037331.1,NC_032653.1,5691167,5717290,5717291,C,CT,1
NC_037331.1,NC_032653.1,5710201,5736325,5736339,T,TTGGAGACAGCAAGG,14
NC_037331.1,NC_032653.1,5781398,5807924,5807925,G,GA,1
NC_037331.1,NC_032653.1,5781405,5807932,5807933,T,TA,1
NC_037331.1,NC_032653.1,5781426,5807954,5807955,G,GA,1
NC_037331.1,NC_032653.1,5904407,5942558,5942560,a,aNN,2
NC_037331.1,NC_032653.1,6156621,6147038,6147039,T,TA,1
NC_037331.1,NC_032653.1,6447446,6470443,6470444,t,ta,1
NC_037331.1,NC_032653.1,6447525,6470522,6470523,c,ca,1
NC_037331.1,NC_032653.1,6477015,6500013,6500014,t,tc,1
NC_037331.1,NC_032653.1,6492076,6515082,6515086,c,caaaa,4
NC_037331.1,NC_032653.1,6492159,6515170,6515172,t,ttg,2
NC_037331.1,NC_032653.1,6521788,6602501,6602502,t,tK,1
NC_037331.1,NC_032653.1,6555415,6636129,6636131,g,gat,2
NC_037331.1,NC_032653.1,6620950,6572221,6572222,t,ta,1
NC_037331.1,NC_032653.1,6621052,6572325,6572326,C,CT,1
NC_037331.1,NC_032653.1,6654235,6678868,6678869,T,TA,1
NC_037331.1,NC_032653.1,6656617,6681194,6681195,g,gt,1
NC_037331.1,NC_032653.1,6670025,6695906,6695908,c,cat,2
NC_037331.1,NC_032653.1,6691891,6719361,6719362,C,CM,1
NC_037331.1,NC_032653.1,6693284,6720755,6720756,C,CT,1
NC_037331.1,NC_032653.1,6697948,6725429,6725436,t,ttcacttc,7
NC_037331.1,NC_032653.1,6698073,6725561,6725564,t,tcgc,3
NC_037331.1,NC_032653.1,6699162,6726654,6726655,t,ta,1
NC_037331.1,NC_032653.1,6761737,6798431,6798432,c,ca,1
NC_037331.1,NC_032653.1,6780292,6816761,6816763,t,taa,2
NC_037331.1,NC_032653.1,6786939,6823408,6823409,A,AW,1
NC_037331.1,NC_032653.1,6850224,6878417,6878418,t,tK,1
NC_037331.1,NC_032653.1,6850582,6878775,6878776,c,ca,1
NC_037331.1,NC_032653.1,6850825,6879017,6879018,T,TG,1
NC_037331.1,NC_032653.1,6850914,6879107,6879108,T,TC,1
NC_037331.1,NC_032653.1,6851119,6879314,6879315,T,TG,1
NC_037331.1,NC_032653.1,6851166,6879362,6879363,c,ca,1
NC_037331.1,NC_032653.1,6851968,6880162,6880163,C,CA,1
NC_037331.1,NC_032653.1,6852490,6880681,6880682,A,AT,1
NC_037331.1,NC_032653.1,6854108,6882297,6882306,t,tatatatata,9
NC_037331.1,NC_032653.1,6854125,6882323,6882324,a,ag,1
NC_037331.1,NC_032653.1,6854445,6882647,6882648,t,ta,1
NC_037331.1,NC_032653.1,6855164,6883363,6883364,a,at,1
NC_037331.1,NC_032653.1,6855280,6883479,6883480,C,CT,1
NC_037331.1,NC_032653.1,6856583,6884766,6884767,t,ta,1
NC_037331.1,NC_032653.1,6856792,6884971,6884972,G,GT,1
NC_037331.1,NC_032653.1,6856922,6885100,6885101,G,GA,1
NC_037331.1,NC_032653.1,6861209,6889377,6889378,a,ag,1
NC_037331.1,NC_032653.1,6861254,6889423,6889424,a,ag,1
NC_037331.1,NC_032653.1,6862342,6890505,6890506,a,ac,1
NC_037331.1,NC_032653.1,6862364,6890528,6890529,a,at,1
NC_037331.1,NC_032653.1,6862384,6890549,6890550,t,tg,1
NC_037331.1,NC_032653.1,6862471,6890635,6890636,G,GA,1
NC_037331.1,NC_032653.1,6862555,6890720,6890721,c,ct,1
NC_037331.1,NC_032653.1,6863361,6891526,6891527,T,TA,1
NC_037331.1,NC_032653.1,6867602,6895767,6895768,c,ca,1
NC_037331.1,NC_032653.1,6867639,6895804,6895805,c,ct,1
NC_037331.1,NC_032653.1,6867851,6896014,6896015,t,tc,1
NC_037331.1,NC_032653.1,6867888,6896052,6896053,g,gt,1
NC_037331.1,NC_032653.1,6867895,6896060,6896061,t,ta,1
NC_037331.1,NC_032653.1,6867911,6896077,6896078,c,ca,1
NC_037331.1,NC_032653.1,6867914,6896081,6896082,g,ga,1
NC_037331.1,NC_032653.1,6867938,6896106,6896107,t,tc,1
NC_037331.1,NC_032653.1,6868294,6896462,6896463,t,tg,1
NC_037331.1,NC_032653.1,6868466,6896633,6896635,c,cca,2
NC_037331.1,NC_032653.1,6868473,6896642,6896644,a,aat,2
NC_037331.1,NC_032653.1,6869951,6898123,6898124,t,tc,1
NC_037331.1,NC_032653.1,6869994,6898167,6898168,t,tg,1
NC_037331.1,NC_032653.1,6870039,6898211,6898212,t,tg,1
NC_037331.1,NC_032653.1,6870146,6898319,6898321,t,ttc,2
NC_037331.1,NC_032653.1,6870192,6898366,6898367,t,tg,1
NC_037331.1,NC_032653.1,6870380,6898556,6898557,a,ag,1
NC_037331.1,NC_032653.1,6870436,6898612,6898613,c,cg,1
NC_037331.1,NC_032653.1,6870898,6899066,6899067,a,at,1
NC_037331.1,NC_032653.1,6877215,6905374,6905375,C,CT,1
NC_037331.1,NC_032653.1,6877241,6905401,6905402,A,AT,1
NC_037331.1,NC_032653.1,6877322,6905483,6905484,t,tc,1
NC_037331.1,NC_032653.1,6878372,6906524,6906525,T,TG,1
NC_037331.1,NC_032653.1,6878391,6906544,6906545,A,AG,1
NC_037331.1,NC_032653.1,6878482,6906637,6906638,A,AG,1
NC_037331.1,NC_032653.1,6879803,6907960,6907961,C,CT,1
NC_037331.1,NC_032653.1,6879825,6907983,6907984,T,TA,1
NC_037331.1,NC_032653.1,6879835,6907994,6907995,T,TG,1
NC_037331.1,NC_032653.1,6893256,6921517,6921518,g,gc,1
NC_037331.1,NC_032653.1,6893955,6922216,6922217,c,ca,1
NC_037331.1,NC_032653.1,6893993,6922254,6922255,g,ga,1
NC_037331.1,NC_032653.1,6894487,6922739,6922740,t,ta,1
NC_037331.1,NC_032653.1,6927638,6955684,6955685,a,ac,1
NC_037331.1,NC_032653.1,6934943,6962996,6962999,c,caag,3
NC_037331.1,NC_032653.1,6971520,7000562,7000564,g,gta,2
NC_037331.1,NC_032653.1,6973494,7002675,7002681,A,AGTGAAG,6
NC_037331.1,NC_032653.1,6975220,7004407,7004408,C,CT,1
NC_037331.1,NC_032653.1,6978241,7007577,7007579,c,caa,2
NC_037331.1,NC_032653.1,6979463,7008806,7008807,a,at,1
NC_037331.1,NC_032653.1,6993119,7022469,7022470,t,ta,1
NC_037331.1,NC_032653.1,7002557,7031908,7031909,A,AT,1
NC_037331.1,NC_032653.1,7015416,7044777,7044778,C,CA,1
NC_037331.1,NC_032653.1,7022058,7051361,7051363,t,ttg,2
NC_037331.1,NC_032653.1,7049325,7078634,7078635,T,TY,1
NC_037331.1,NC_032653.1,7055719,7087852,7087853,t,tc,1
NC_037331.1,NC_032653.1,7057099,7089233,7089234,T,TC,1
NC_037331.1,NC_032653.1,7058559,7090699,7090701,c,caa,2
NC_037331.1,NC_032653.1,7063423,7095566,7095571,a,aaaaac,5
NC_037331.1,NC_032653.1,7063432,7095580,7095587,g,ggaaCTGT,7
NC_037331.1,NC_032653.1,7066275,7098432,7098433,t,tg,1
NC_037331.1,NC_032653.1,7069640,7101442,7101445,c,cttt,3
NC_037331.1,NC_032653.1,7090308,7122135,7122142,t,ttaaaaaa,7
NC_037331.1,NC_032653.1,7103728,7135558,7135559,T,TA,1
NC_037331.1,NC_032653.1,7104729,7136557,7136558,a,ac,1
NC_037331.1,NC_032653.1,7110846,7142673,7142674,A,AT,1
NC_037331.1,NC_032653.1,7112991,7144836,7144837,T,TA,1
NC_037331.1,NC_032653.1,7115118,7147491,7147492,c,ct,1
NC_037331.1,NC_032653.1,7119988,7152368,7152369,T,TG,1
NC_037331.1,NC_032653.1,7130602,7164294,7164295,g,ga,1
NC_037331.1,NC_032653.1,9175868,9339998,9339999,G,GA,1
NC_037331.1,NC_032653.1,9176940,9341071,9341073,t,tNN,2
NC_037331.1,NC_032653.1,9196394,9371159,9371160,t,tc,1
NC_037331.1,NC_032653.1,9211138,9385418,9385419,a,ag,1
NC_037331.1,NC_032653.1,9218150,9392432,9392433,t,ta,1
NC_037331.1,NC_032653.1,9222389,9396672,9396673,g,gt,1
NC_037331.1,NC_032653.1,9227176,9401459,9401460,t,tc,1
NC_037331.1,NC_032653.1,9228088,9402372,9402373,g,gt,1
NC_037331.1,NC_032653.1,9233316,9407593,9407595,T,TTC,2
NC_037331.1,NC_032653.1,9384690,9582423,9582425,t,ttg,2
NC_037331.1,NC_032653.1,9460660,9658401,9658404,A,AAAG,3
NC_037331.1,NC_032653.1,9476724,9674469,9674470,g,gc,1
NC_037331.1,NC_032653.1,9480449,9678650,9678651,T,TW,1
NC_037331.1,NC_032653.1,9488179,9686381,9686382,A,AR,1
NC_037331.1,NC_032653.1,9562053,9763469,9763473,C,CAAAT,4
NC_037331.1,NC_032653.1,9596499,9797909,9797910,a,at,1
NC_037331.1,NC_032653.1,9724423,9925689,9925690,t,ta,1
NC_037331.1,NC_032653.1,9776301,9977676,9977680,A,ACAGT,4
NC_037331.1,NC_032653.1,9779180,9980559,9980560,G,GR,1
NC_037331.1,NC_032653.1,9808609,10011467,10011469,c,caa,2
NC_037331.1,NC_032653.1,9809804,10012659,10012660,c,ca,1
NC_037331.1,NC_032653.1,9810451,10013307,10013310,g,gaac,3
NC_037331.1,NC_032653.1,9815365,10018224,10018226,G,GTC,2
NC_037331.1,NC_032653.1,9816676,10019538,10019540,g,gat,2
NC_037331.1,NC_032653.1,9824483,10027352,10027353,T,TC,1
NC_037331.1,NC_032653.1,9826159,10029032,10029034,t,taa,2
NC_037331.1,NC_032653.1,9830193,10033067,10033069,c,ctt,2
NC_037331.1,NC_032653.1,9836089,10038973,10038987,g,gcgcgcacacacaca,14
NC_037331.1,NC_032653.1,9886999,10089927,10089928,A,AC,1
NC_037331.1,NC_032653.1,9924457,10127297,10127298,c,ca,1
NC_037331.1,NC_032653.1,10020115,10222902,10222903,T,TA,1
NC_037331.1,NC_032653.1,10020185,10222973,10222976,G,GAAA,3
NC_037331.1,NC_032653.1,10122388,10325199,10325200,C,CA,1
NC_037331.1,NC_032653.1,10180115,10382930,10382932,t,tNN,2
NC_037331.1,NC_032653.1,10198536,10401354,10401357,t,tagc,3
NC_037331.1,NC_032653.1,10294778,10499483,10499486,t,ttta,3
NC_037331.1,NC_032653.1,10378893,10595634,10595638,T,TATAC,4
NC_037331.1,NC_032653.1,10422363,10638512,10638513,A,AT,1
NC_037331.1,NC_032653.1,10428076,10644227,10644228,A,AC,1
NC_037331.1,NC_032653.1,10429172,10645323,10645324,g,ga,1
NC_037331.1,NC_032653.1,10430203,10646352,10646356,C,CACTT,4
NC_037331.1,NC_032653.1,10430802,10646955,10646957,c,ctt,2
NC_037331.1,NC_032653.1,10436802,10652957,10652959,a,aag,2
NC_037331.1,NC_032653.1,10437867,10654019,10654020,t,tg,1
NC_037331.1,NC_032653.1,10438772,10654925,10654926,t,ta,1
NC_037331.1,NC_032653.1,10447472,10663541,10663543,A,AAT,2
NC_037331.1,NC_032653.1,10451074,10667145,10667146,C,CY,1
NC_037331.1,NC_032653.1,10469878,10685967,10685968,a,ac,1
NC_037331.1,NC_032653.1,10471582,10687676,10687677,c,ct,1
NC_037331.1,NC_032653.1,10532188,10725606,10725607,g,ga,1
NC_037331.1,NC_032653.1,10532206,10725625,10725626,g,gc,1
NC_037331.1,NC_032653.1,10558627,10752049,10752057,a,aNNNNNNNN,8
NC_037331.1,NC_032653.1,10621773,10812156,10812157,c,ct,1
NC_037331.1,NC_032653.1,10629007,10819391,10819409,t,tcatatatatatatatata,18
NC_037331.1,NC_032653.1,10733848,10926297,10926298,G,GY,1
NC_037331.1,NC_032653.1,10759067,10951518,10951534,t,tNNNNNNNNNNNNNNNN,16
NC_037331.1,NC_032653.1,10788102,10980521,10980523,C,CTA,2
NC_037331.1,NC_032653.1,10850116,11042482,11042483,A,AR,1
NC_037331.1,NC_032653.1,10912774,11105120,11105121,T,TC,1
NC_037331.1,NC_032653.1,10917408,11109769,11109771,T,TTS,2
NC_037331.1,NC_032653.1,10939618,11131910,11131913,A,ACAT,3
NC_037331.1,NC_032653.1,10976533,11168577,11168578,t,tc,1
NC_037331.1,NC_032653.1,10998794,11190844,11190845,g,gt,1
NC_037331.1,NC_032653.1,11066260,11258922,11258932,c,ctgataatgaa,10
NC_037331.1,NC_032653.1,11066341,11259013,11259014,a,at,1
NC_037331.1,NC_032653.1,11071972,11264646,11264647,c,ca,1
NC_037331.1,NC_032653.1,11072006,11264682,11264683,c,ca,1
NC_037331.1,NC_032653.1,11151901,11344840,11344842,a,atg,2
NC_037331.1,NC_032653.1,11182274,11375212,11375226,a,agagtcttttccaat,14
NC_037331.1,NC_032653.1,11189917,11382869,11382870,c,ct,1
NC_037331.1,NC_032653.1,11194651,11387603,11387612,g,gggaaacagt,9
NC_037331.1,NC_032653.1,11210069,11403095,11403096,T,TK,1
NC_037331.1,NC_032653.1,11311460,11504878,11504879,a,at,1
NC_037331.1,NC_032653.1,11311493,11504912,11504917,a,acaaac,5
NC_037331.1,NC_032653.1,11313725,11507149,11507151,g,gca,2
NC_037331.1,NC_032653.1,11346727,11541808,11541811,t,tctc,3
NC_037331.1,NC_032653.1,11393938,11588964,11588965,g,ga,1
NC_037331.1,NC_032653.1,11396763,11591787,11591789,a,aag,2
NC_037331.1,NC_032653.1,11408623,11603648,11603649,A,AR,1
NC_037331.1,NC_032653.1,11413449,11608477,11608479,A,ATR,2
NC_037331.1,NC_032653.1,11495601,11690712,11690714,t,ttg,2
NC_037331.1,NC_032653.1,11502349,11697461,11697463,C,CTA,2
NC_037331.1,NC_032653.1,11509853,11704966,11704970,A,AACTG,4
NC_037331.1,NC_032653.1,11511044,11706161,11706162,c,ct,1
NC_037331.1,NC_032653.1,11538688,11733807,11733808,g,ga,1
NC_037331.1,NC_032653.1,11578977,11773060,11773061,g,gc,1
NC_037331.1,NC_032653.1,11633367,11827005,11827006,t,ta,1
NC_037331.1,NC_032653.1,11764596,11965155,11965156,T,TA,1
NC_037331.1,NC_032653.1,11974401,12175798,12175800,a,atg,2
NC_037331.1,NC_032653.1,11974521,12175920,12175922,c,cct,2
NC_037331.1,NC_032653.1,12065491,12266892,12266902,T,TNNNNNNNNNN,10
NC_037331.1,NC_032653.1,12389695,12603417,12603418,a,at,1
NC_037331.1,NC_032653.1,12615968,12829535,12829536,A,AG,1
NC_037331.1,NC_032653.1,12636982,12850551,12850552,G,GA,1
NC_037331.1,NC_032653.1,12687622,12901192,12901193,g,gt,1
NC_037331.1,NC_032653.1,12688654,12902225,12902237,a,attttgatttctt,12
NC_037331.1,NC_032653.1,12849659,13064632,13064633,A,AC,1
NC_037331.1,NC_032653.1,12892712,13106828,13106829,T,TK,1
NC_037331.1,NC_032653.1,12928070,13142185,13142186,c,ct,1
NC_037331.1,NC_032653.1,12929295,13143412,13143413,t,tc,1
NC_037331.1,NC_032653.1,13024575,13238284,13238285,c,ca,1
NC_037331.1,NC_032653.1,13024616,13238326,13238327,g,gK,1
NC_037331.1,NC_032653.1,13139883,13353822,13353823,g,ga,1
NC_037331.1,NC_032653.1,13433351,13647961,13647962,G,GK,1
NC_037331.1,NC_032653.1,13948946,14167552,14167554,a,aat,2
NC_037331.1,NC_032653.1,13962147,14180756,14180757,a,at,1
NC_037331.1,NC_032653.1,14047317,14265893,14265894,a,ag,1
NC_037331.1,NC_032653.1,14047427,14266004,14266005,g,ga,1
NC_037331.1,NC_032653.1,14047435,14266013,14266014,g,ga,1
NC_037331.1,NC_032653.1,14047886,14266464,14266471,c,ctaccgca,7
NC_037331.1,NC_032653.1,14577454,14792572,14792573,c,ca,1
NC_037331.1,NC_032653.1,14677431,14893165,14893166,t,ta,1
NC_037331.1,NC_032653.1,14694453,14910188,14910189,c,cg,1
NC_037331.1,NC_032653.1,14765258,14979727,14979728,t,ta,1
NC_037331.1,NC_032653.1,14765530,14980000,14980001,t,ta,1
NC_037331.1,NC_032653.1,14828304,15044835,15044836,a,aN,1
NC_037331.1,NC_032653.1,15041312,15257938,15257940,t,tNN,2
NC_037331.1,NC_032653.1,15062873,15279501,15279503,a,agc,2
NC_037331.1,NC_032653.1,15077935,15294563,15294564,c,ca,1
NC_037331.1,NC_032653.1,15079162,15295792,15295803,c,caataaagcaga,11
NC_037331.1,NC_032653.1,15198246,15418573,15418574,c,ct,1
NC_037331.1,NC_032653.1,15198269,15418597,15418598,c,ct,1
NC_037331.1,NC_032653.1,15230732,15451061,15451062,t,tg,1
NC_037331.1,NC_032653.1,15261631,15481966,15481967,G,GY,1
NC_037331.1,NC_032653.1,15273763,15494100,15494104,C,CTAAA,4
NC_037331.1,NC_032653.1,15334133,15554476,15554477,t,tc,1
NC_037331.1,NC_032653.1,15433028,15703837,15703838,T,TC,1
NC_037331.1,NC_032653.1,15496309,15767103,15767109,C,CTACTTA,6
NC_037331.1,NC_032653.1,15501267,15772067,15772069,T,TTS,2
NC_037331.1,NC_032653.1,15508664,15779466,15779467,C,CA,1
NC_037331.1,NC_032653.1,15511784,15782588,15782595,g,gggaggga,7
NC_037331.1,NC_032653.1,15512978,15783789,15783791,g,gga,2
NC_037331.1,NC_032653.1,15528234,15800896,15800897,a,ag,1
NC_037331.1,NC_032653.1,15561196,15833860,15833864,a,aatag,4
NC_037331.1,NC_032653.1,15572245,15844914,15844915,A,AW,1
NC_037331.1,NC_032653.1,15583383,15856053,15856054,g,gc,1
NC_037331.1,NC_032653.1,15585996,15858667,15858668,g,gt,1
NC_037331.1,NC_032653.1,15622367,15895041,15895046,a,aacgcc,5
NC_037331.1,NC_032653.1,15637978,15910610,15910611,A,AG,1
NC_037331.1,NC_032653.1,15702962,15975147,15975148,g,gt,1
NC_037331.1,NC_032653.1,15714084,15986270,15986271,g,gc,1
NC_037331.1,NC_032653.1,15731077,16003322,16003323,g,gc,1
NC_037331.1,NC_032653.1,16052073,16329286,16329287,T,TC,1
NC_037331.1,NC_032653.1,16259385,16536726,16536727,G,GA,1
NC_037331.1,NC_032653.1,16343470,16620364,16620366,T,TAA,2
NC_037331.1,NC_032653.1,16352241,16628304,16628321,G,GGTTTCCCTCACGATAGA,17
NC_037331.1,NC_032653.1,16556942,16833270,16833271,T,TK,1
NC_037331.1,NC_032653.1,16556974,16833303,16833304,T,TA,1
NC_037331.1,NC_032653.1,16615570,16893057,16893058,g,gt,1
NC_037331.1,NC_032653.1,16615596,16893084,16893085,C,CA,1
NC_037331.1,NC_032653.1,16615624,16893114,16893115,G,GA,1
NC_037331.1,NC_032653.1,16615807,16893307,16893308,G,GC,1
NC_037331.1,NC_032653.1,16615826,16893327,16893329,T,TTG,2
NC_037331.1,NC_032653.1,16735078,17012579,17012581,g,gta,2
NC_037331.1,NC_032653.1,16767346,17044992,17044994,T,TCC,2
NC_037331.1,NC_032653.1,17012668,17294325,17294326,T,TG,1
NC_037331.1,NC_032653.1,17018657,17300320,17300322,t,tNN,2
NC_037331.1,NC_032653.1,17070985,17352650,17352651,t,tg,1
NC_037331.1,NC_032653.1,17326419,17633647,17633648,a,aN,1
NC_037331.1,NC_032653.1,17343155,17650385,17650387,c,ctt,2
NC_037331.1,NC_032653.1,17573404,17881582,17881583,G,GA,1
NC_037331.1,NC_032653.1,17637163,17944403,17944404,t,tc,1
NC_037331.1,NC_032653.1,17710698,18017964,18017965,t,ta,1
NC_037331.1,NC_032653.1,17802244,18109534,18109535,a,ag,1
NC_037331.1,NC_032653.1,17934580,18241822,18241825,t,tttG,3
NC_037331.1,NC_032653.1,17938202,18245433,18245439,A,ATGCAGT,6
NC_037331.1,NC_032653.1,17955086,18262331,18262335,t,tNNNN,4
NC_037331.1,NC_032653.1,17987105,18294358,18294360,g,gat,2
NC_037331.1,NC_032653.1,17992557,18299811,18299812,a,at,1
NC_037331.1,NC_032653.1,17992567,18299822,18299823,t,ta,1
NC_037331.1,NC_032653.1,18018749,18326018,18326019,a,ag,1
NC_037331.1,NC_032653.1,18053719,18360642,18360643,t,ta,1
NC_037331.1,NC_032653.1,18060418,18367344,18367345,a,at,1
NC_037331.1,NC_032653.1,18060709,18367636,18367638,a,att,2
NC_037331.1,NC_032653.1,18118006,18423508,18423509,C,CM,1
NC_037331.1,NC_032653.1,18130043,18435615,18435616,g,ga,1
NC_037331.1,NC_032653.1,18130665,18436238,18436239,T,TY,1
NC_037331.1,NC_032653.1,18131614,18437186,18437187,T,TC,1
NC_037331.1,NC_032653.1,18139642,18445327,18445328,G,GA,1
NC_037331.1,NC_032653.1,18149922,18455607,18455608,T,TY,1
NC_037331.1,NC_032653.1,18164509,18470210,18470211,A,AT,1
NC_037331.1,NC_032653.1,18186013,18490525,18490528,t,taag,3
NC_037331.1,NC_032653.1,18189717,18491946,18491947,t,tg,1
NC_037331.1,NC_032653.1,18200469,18502697,18502698,a,at,1
NC_037331.1,NC_032653.1,18206646,18508842,18508845,a,actg,3
NC_037331.1,NC_032653.1,18206860,18509050,18509051,G,GC,1
NC_037331.1,NC_032653.1,18211138,18513322,18513324,a,aat,2
NC_037331.1,NC_032653.1,18275280,18577471,18577472,t,tc,1
NC_037331.1,NC_032653.1,18280198,18582387,18582388,t,tg,1
NC_037331.1,NC_032653.1,18303691,18605500,18605502,a,aac,2
NC_037331.1,NC_032653.1,18303704,18605515,18605516,g,ga,1
NC_037331.1,NC_032653.1,18342927,18644744,18644746,c,ctt,2
NC_037331.1,NC_032653.1,18432714,18734499,18734500,g,ga,1
NC_037331.1,NC_032653.1,18439586,18742683,18742690,g,gaaagtga,7
NC_037331.1,NC_032653.1,18443021,18746123,18746125,g,gtc,2
NC_037331.1,NC_032653.1,18452459,18755605,18755607,c,cag,2
NC_037331.1,NC_032653.1,18456779,18759821,18759824,a,aNNN,3
NC_037331.1,NC_032653.1,18458360,18761404,18761405,g,gt,1
NC_037331.1,NC_032653.1,18460170,18762410,18762411,g,gc,1
NC_037331.1,NC_032653.1,18461014,18763253,18763254,G,GA,1
NC_037331.1,NC_032653.1,18462436,18764676,18764684,G,GGTGTGACT,8
NC_037331.1,NC_032653.1,18472011,18774292,18774293,c,ca,1
NC_037331.1,NC_032653.1,18472023,18774305,18774307,g,gct,2
NC_037331.1,NC_032653.1,18472990,18775274,18775275,g,ga,1
NC_037331.1,NC_032653.1,18482128,18784414,18784416,t,taa,2
NC_037331.1,NC_032653.1,18485584,18831473,18831474,T,TN,1
NC_037331.1,NC_032653.1,18509201,18810044,18810045,A,AM,1
NC_037331.1,NC_032653.1,18516591,18817437,18817438,g,gt,1
NC_037331.1,NC_032653.1,18518949,18819796,18819797,C,CY,1
NC_037331.1,NC_032653.1,18611579,18931239,18931240,G,GA,1
NC_037331.1,NC_032653.1,18611806,18931467,18931468,A,AC,1
NC_037331.1,NC_032653.1,18613034,18932697,18932700,a,aaag,3
NC_037331.1,NC_032653.1,18615287,18934957,18934958,t,tg,1
NC_037331.1,NC_032653.1,18616908,18936579,18936580,T,TA,1
NC_037331.1,NC_032653.1,18641324,18961001,18961003,a,act,2
NC_037331.1,NC_032653.1,18702572,19022294,19022298,t,taagY,4
NC_037331.1,NC_032653.1,18746243,19066032,19066035,C,CCAA,3
NC_037331.1,NC_032653.1,18783380,19103226,19103227,a,at,1
NC_037331.1,NC_032653.1,18834979,19154810,19154812,T,TAC,2
NC_037331.1,NC_032653.1,18836014,19155847,19155848,T,TC,1
NC_037331.1,NC_032653.1,18842979,19162813,19162814,a,ac,1
NC_037331.1,NC_032653.1,18968664,19343357,19343358,t,tg,1
NC_037331.1,NC_032653.1,18968678,19343372,19343373,c,ca,1
NC_037331.1,NC_032653.1,18978477,19353236,19353237,C,CN,1
NC_037331.1,NC_032653.1,19046636,19421339,19421340,A,AR,1
NC_037331.1,NC_032653.1,19052198,19426905,19426907,G,GTC,2
NC_037331.1,NC_032653.1,19055031,19429741,19429742,A,AG,1
NC_037331.1,NC_032653.1,19057496,19432205,19432229,C,CTCAAAatcaaatatttctttgatt,24
NC_037331.1,NC_032653.1,19067441,19442174,19442175,G,GT,1
NC_037331.1,NC_032653.1,19086361,19514909,19514910,A,AM,1
NC_037331.1,NC_032653.1,19172560,19601905,19601906,a,at,1
NC_037331.1,NC_032653.1,19174484,19603830,19603831,A,AG,1
NC_037331.1,NC_032653.1,19183102,19612452,19612455,t,tctc,3
NC_037331.1,NC_032653.1,19183379,19612732,19612733,a,at,1
NC_037331.1,NC_032653.1,19221395,19652751,19652772,G,GTTTACTTACCATTAAAGTCAA,21
NC_037331.1,NC_032653.1,19259094,19690487,19690490,T,TGCA,3
NC_037331.1,NC_032653.1,19283899,19715295,19715296,t,tc,1
NC_037331.1,NC_032653.1,19284003,19715400,19715402,c,cag,2
NC_037331.1,NC_032653.1,19299675,19905715,19905716,c,ct,1
NC_037331.1,NC_032653.1,19307528,19913863,19913864,A,AC,1
NC_037331.1,NC_032653.1,19307540,19913876,19913877,T,TA,1
NC_037331.1,NC_032653.1,19309967,19916304,19916305,C,CY,1
NC_037331.1,NC_032653.1,19310732,19917070,19917071,A,AT,1
NC_037331.1,NC_032653.1,19330343,19936690,19936693,t,tagc,3
NC_037331.1,NC_032653.1,19346369,19952725,19952726,T,TA,1
NC_037331.1,NC_032653.1,19347910,19954267,19954270,t,tttc,3
NC_037331.1,NC_032653.1,19381231,19987594,19987619,t,ttccactttcacgcattggagaagga,25
NC_037331.1,NC_032653.1,19398825,20005083,20005092,c,ctgtttccat,9
NC_037331.1,NC_032653.1,19398825,19794456,19794465,c,ctgtttccat,9
NC_037331.1,NC_032653.1,19400377,20006647,20006650,A,ATTC,3
NC_037331.1,NC_032653.1,19400377,19796020,19796023,A,ATTC,3
NC_037331.1,NC_032653.1,19400507,20006780,20006803,A,ATCCTCAAAGGTAATGCAATTACT,23
NC_037331.1,NC_032653.1,19400507,19796153,19796176,A,ATCCTCAAAGGTAATGCAATTACT,23
NC_037331.1,NC_032653.1,19402638,20008933,20008934,g,gc,1
NC_037331.1,NC_032653.1,19402638,19798307,19798308,g,gc,1
NC_037331.1,NC_032653.1,19403094,20009390,20009424,t,tcacctaaagccagacatcctggaatgtgaagtca,34
NC_037331.1,NC_032653.1,19403094,19798764,19798798,t,tcacctaaagccagacatcctggaatgtgaagtca,34
NC_037331.1,NC_032653.1,19406162,19801872,19801873,t,ta,1
NC_037331.1,NC_032653.1,19410608,20016945,20016946,C,CT,1
NC_037331.1,NC_032653.1,19412218,19807927,19807928,a,ag,1
NC_037331.1,NC_032653.1,19413361,19809081,19809083,g,gct,2
NC_037331.1,NC_032653.1,19432919,19828629,19828630,C,CT,1
NC_037331.1,NC_032653.1,19432919,20039234,20039235,C,CT,1
NC_037331.1,NC_032653.1,19451620,19847322,19847323,G,GA,1
NC_037331.1,NC_032653.1,19463333,19859039,19859040,T,TG,1
NC_037331.1,NC_032653.1,19536661,20143067,20143068,A,AT,1
NC_037331.1,NC_032653.1,19559550,20165954,20165955,a,at,1
NC_037331.1,NC_032653.1,19602542,20209989,20209990,C,CT,1
NC_037331.1,NC_032653.1,19608099,20215547,20215550,G,GCTT,3
NC_037331.1,NC_032653.1,19640061,20247370,20247371,a,ac,1
NC_037331.1,NC_032653.1,19640286,20247596,20247597,C,CA,1
NC_037331.1,NC_032653.1,19640741,20248052,20248056,a,aaact,4
NC_037331.1,NC_032653.1,19640746,20248061,20248066,c,caaagt,5
NC_037331.1,NC_032653.1,19642012,20249331,20249349,a,atgactgagcaactgaact,18
NC_037331.1,NC_032653.1,19663626,20270966,20270967,g,ga,1
NC_037331.1,NC_032653.1,19677812,20285153,20285168,a,atttctaaatgaaatt,15
NC_037331.1,NC_032653.1,19677814,20285170,20285172,a,agg,2
NC_037331.1,NC_032653.1,19679041,20286398,20286410,T,TNNNNNNNNNNNN,12
NC_037331.1,NC_032653.1,19679962,20287331,20287332,c,ca,1
NC_037331.1,NC_032653.1,19940863,20548309,20548310,A,AG,1
NC_037331.1,NC_032653.1,19951818,20559270,20559271,T,TG,1
NC_037331.1,NC_032653.1,19958151,20565606,20565607,T,TC,1
NC_037331.1,NC_032653.1,20157871,20830099,20830100,t,ta,1
NC_037331.1,NC_032653.1,20204002,20876181,20876182,c,ca,1
NC_037331.1,NC_032653.1,20224899,20897079,20897080,G,GR,1
NC_037331.1,NC_032653.1,20252405,20924573,20924574,T,TG,1
NC_037331.1,NC_032653.1,20259841,20932285,20932286,C,CA,1
NC_037331.1,NC_032653.1,20259851,20932296,20932297,C,CA,1
NC_037331.1,NC_032653.1,20264638,20937084,20937085,T,TY,1
NC_037331.1,NC_032653.1,20269493,20942235,20942237,A,AAC,2
NC_037331.1,NC_032653.1,20271083,20943823,20943824,t,tg,1
NC_037331.1,NC_032653.1,20288583,20961319,20961328,C,CAttactttt,9
NC_037331.1,NC_032653.1,20310736,20988532,20988533,T,TY,1
NC_037331.1,NC_032653.1,20314503,20992298,20992300,A,AAT,2
NC_037331.1,NC_032653.1,20350246,21027616,21027617,a,at,1
NC_037331.1,NC_032653.1,20366829,21044221,21044224,a,aaat,3
NC_037331.1,NC_032653.1,20384582,21061977,21061978,a,aW,1
NC_037331.1,NC_032653.1,20427641,21105044,21105045,c,ca,1
NC_037331.1,NC_032653.1,20440876,21118286,21118288,G,GGA,2
NC_037331.1,NC_032653.1,20452399,21129818,21129819,t,tg,1
NC_037331.1,NC_032653.1,20469210,21146621,21146622,a,ac,1
NC_037331.1,NC_032653.1,20469698,21147105,21147115,c,caaggagagat,10
NC_037331.1,NC_032653.1,20470437,21147854,21147856,c,ctg,2
NC_037331.1,NC_032653.1,20473451,21150828,21150836,a,accaaggag,8
NC_037331.1,NC_032653.1,20473826,21151211,21151212,A,AT,1
NC_037331.1,NC_032653.1,20474669,21152049,21152053,C,CACTA,4
NC_037331.1,NC_032653.1,20475207,21152591,21152595,t,tttta,4
NC_037331.1,NC_032653.1,20484892,21162244,21162248,G,GCTCT,4
NC_037331.1,NC_032653.1,20487878,21165236,21165237,t,ta,1
NC_037331.1,NC_032653.1,20489073,21166432,21166433,T,TK,1
NC_037331.1,NC_032653.1,20497453,21174812,21174813,c,ct,1
NC_037331.1,NC_032653.1,20524210,21201611,21201612,t,ta,1
NC_037331.1,NC_032653.1,20567717,21245752,21245756,C,CAGAG,4
NC_037331.1,NC_032653.1,20576256,21254290,21254291,g,gt,1
NC_037331.1,NC_032653.1,20576269,21254304,21254305,g,gt,1
NC_037331.1,NC_032653.1,20586595,21264672,21264673,t,tg,1
NC_037331.1,NC_032653.1,20587892,21266146,21266147,T,TC,1
NC_037331.1,NC_032653.1,20723098,21489081,21489083,a,agt,2
NC_037331.1,NC_032653.1,20726817,21492802,21492805,t,tctc,3
NC_037331.1,NC_032653.1,20730832,21496821,21496822,t,ta,1
NC_037331.1,NC_032653.1,20740169,21506159,21506175,T,TCACCACCTTTTGAGAC,16
NC_037331.1,NC_032653.1,20743793,21509797,21509798,A,AT,1
NC_037331.1,NC_032653.1,20759181,21525775,21525776,g,gt,1
NC_037331.1,NC_032653.1,20760496,21527107,21527109,c,cag,2
NC_037331.1,NC_032653.1,20761242,21527855,21527856,g,gt,1
NC_037331.1,NC_032653.1,20811240,21577898,21577899,C,CM,1
NC_037331.1,NC_032653.1,20822393,21589063,21589064,t,ta,1
NC_037331.1,NC_032653.1,20826737,21593408,21593409,C,CA,1
NC_037331.1,NC_032653.1,20826969,21593645,21593646,G,GC,1
NC_037331.1,NC_032653.1,20828344,21595022,21595023,G,GC,1
NC_037331.1,NC_032653.1,20832534,21599212,21599213,A,AT,1
NC_037331.1,NC_032653.1,20846398,21613072,21613073,c,ct,1
NC_037331.1,NC_032653.1,20851508,21618007,21618008,c,ca,1
NC_037331.1,NC_032653.1,20857584,21624092,21624093,g,ga,1
NC_037331.1,NC_032653.1,20863588,21630100,21630102,g,gtt,2
NC_037331.1,NC_032653.1,20868033,21634541,21634542,a,ac,1
NC_037331.1,NC_032653.1,20868305,21634814,21634815,a,ag,1
NC_037331.1,NC_032653.1,20872594,21641336,21641337,t,tc,1
NC_037331.1,NC_032653.1,20967903,21758563,21758564,t,tc,1
NC_037331.1,NC_032653.1,20982124,21772790,21772791,C,CT,1
NC_037331.1,NC_032653.1,20990811,21781478,21781481,T,TCAC,3
NC_037331.1,NC_032653.1,21016634,21807306,21807307,T,TG,1
NC_037331.1,NC_032653.1,21017019,21807692,21807693,A,AW,1
NC_037331.1,NC_032653.1,21061012,21904472,21904473,a,ac,1
NC_037331.1,NC_032653.1,21062835,21906298,21906300,a,aNN,2
NC_037331.1,NC_032653.1,21074249,21917711,21917712,G,GR,1
NC_037331.1,NC_032653.1,21074833,21918296,21918299,t,tctc,3
NC_037331.1,NC_032653.1,21077095,21920535,21920536,T,TG,1
NC_037331.1,NC_032653.1,21091030,21934464,21934466,A,AAT,2
NC_037331.1,NC_032653.1,21163013,22056329,22056330,t,tc,1
NC_037331.1,NC_032653.1,21167018,22060336,22060337,t,tK,1
NC_037331.1,NC_032653.1,21178338,22071660,22071661,g,ga,1
NC_037331.1,NC_032653.1,21233760,22127179,22127183,a,aNNNN,4
NC_037331.1,NC_032653.1,21242136,22135563,22135566,C,CTCa,3
NC_037331.1,NC_032653.1,21244845,22138275,22138300,G,GTCTTCAGTATTCAGCTKATGGTGGA,25
NC_037331.1,NC_032653.1,21247941,22141397,22141399,C,CAG,2
NC_037331.1,NC_032653.1,21255802,22149260,22149261,A,AR,1
NC_037331.1,NC_032653.1,21274041,22182858,22182859,g,gt,1
NC_037331.1,NC_032653.1,21317057,22225898,22225899,c,ct,1
NC_037331.1,NC_032653.1,21323137,22231906,22231909,A,ATAT,3
NC_037331.1,NC_032653.1,21326270,22235041,22235043,C,CAG,2
NC_037331.1,NC_032653.1,21328644,22237421,22237422,g,ga,1
NC_037331.1,NC_032653.1,21365071,22273847,22273848,c,ct,1
NC_037331.1,NC_032653.1,21375389,22284167,22284168,c,ca,1
NC_037331.1,NC_032653.1,21376446,22285226,22285227,c,ct,1
NC_037331.1,NC_032653.1,21376877,22285657,22285673,a,acattgaagaatccttg,16
NC_037331.1,NC_032653.1,21461280,22365356,22365358,a,aag,2
NC_037331.1,NC_032653.1,21508951,22452620,22452621,t,ta,1
NC_037331.1,NC_032653.1,21530586,22474251,22474252,t,tg,1
NC_037331.1,NC_032653.1,21539481,22483158,22483160,c,cat,2
NC_037331.1,NC_032653.1,21539732,22483411,22483429,c,ccatacacacacacacaca,18
NC_037331.1,NC_032653.1,21595624,22539321,22539322,t,tN,1
NC_037331.1,NC_032653.1,21613940,22557635,22557636,g,ga,1
NC_037331.1,NC_032653.1,21875410,22830752,22830753,T,TA,1
NC_037331.1,NC_032653.1,21984542,22939708,22939710,t,taa,2
NC_037331.1,NC_032653.1,21998870,22953906,22953907,A,AT,1
NC_037331.1,NC_032653.1,22168982,23099849,23099850,g,ga,1
NC_037331.1,NC_032653.1,22228719,23157394,23157395,c,ca,1
NC_037331.1,NC_032653.1,22249394,23177548,23177557,g,gactggttga,9
NC_037331.1,NC_032653.1,22358778,23296167,23296168,A,AG,1
NC_037331.1,NC_032653.1,22434570,23371971,23371973,t,taa,2
NC_037331.1,NC_032653.1,22590771,23528192,23528193,A,AW,1
NC_037331.1,NC_032653.1,22598748,23536172,23536175,c,ccca,3
NC_037331.1,NC_032653.1,22601230,23538657,23538659,A,ACC,2
NC_037331.1,NC_032653.1,22609526,23546949,23546950,A,AM,1
NC_037331.1,NC_032653.1,22623657,23561079,23561080,c,ct,1
NC_037331.1,NC_032653.1,22623669,23561092,23561094,c,cct,2
NC_037331.1,NC_032653.1,22623687,23561112,23561114,c,cct,2
NC_037331.1,NC_032653.1,22623696,23561123,23561125,g,gga,2
NC_037331.1,NC_032653.1,22641192,23578633,23578634,t,ta,1
NC_037331.1,NC_032653.1,22641833,23579277,23579278,a,ag,1
NC_037331.1,NC_032653.1,22644683,23582131,23582132,c,ct,1
NC_037331.1,NC_032653.1,22648799,23586247,23586248,t,tg,1
NC_037331.1,NC_032653.1,22649176,23586625,23586628,C,CAGT,3
NC_037331.1,NC_032653.1,22655460,23592908,23592909,G,GC,1
NC_037331.1,NC_032653.1,22668017,23605476,23605477,t,tg,1
NC_037331.1,NC_032653.1,22676642,23614085,23614086,A,AG,1
NC_037331.1,NC_032653.1,22707808,23645247,23645291,g,gaatgaagggatggggccaaagcaaaaaaaaaaaaaaaaaaaaaa,44
NC_037331.1,NC_032653.1,22776265,23713172,23713173,t,tg,1
NC_037331.1,NC_032653.1,22783344,23720250,23720251,T,TY,1
NC_037331.1,NC_032653.1,22783855,23720762,23720772,c,caggctcctct,10
NC_037331.1,NC_032653.1,22802259,23740130,23740131,T,TA,1
NC_037331.1,NC_032653.1,22861151,23798648,23798663,g,gttcaacattcagaaa,15
NC_037331.1,NC_032653.1,22922901,23860629,23860630,t,ta,1
NC_037331.1,NC_032653.1,23139936,24078977,24078979,c,cat,2
NC_037331.1,NC_032653.1,23196955,24137400,24137401,g,ga,1
NC_037331.1,NC_032653.1,23283360,24218671,24218672,t,tc,1
NC_037331.1,NC_032653.1,23332308,24267445,24267446,A,AT,1
NC_037331.1,NC_032653.1,23367683,24313220,24313221,T,TY,1
NC_037331.1,NC_032653.1,23378082,24323473,24323474,a,ac,1
NC_037331.1,NC_032653.1,23560593,24541382,24541384,A,AAT,2
NC_037331.1,NC_032653.1,23566087,24546863,24546888,c,cATTAAATATACAGAAGTTTTACtga,25
NC_037331.1,NC_032653.1,23567728,24548532,24548533,t,tg,1
NC_037331.1,NC_032653.1,23618635,24599670,24599671,a,at,1
NC_037331.1,NC_032653.1,23723125,24749650,24749651,G,GA,1
NC_037331.1,NC_032653.1,23726962,24753489,24753490,A,AT,1
NC_037331.1,NC_032653.1,23727693,24754221,24754223,A,AAG,2
NC_037331.1,NC_032653.1,23731483,24758007,24758011,C,CTTTT,4
NC_037331.1,NC_032653.1,23757472,24784019,24784020,t,ta,1
NC_037331.1,NC_032653.1,23817780,24835670,24835671,t,tg,1
NC_037331.1,NC_032653.1,23818671,24836562,24836563,t,tg,1
NC_037331.1,NC_032653.1,23820691,24838583,24838586,T,TAAA,3
NC_037331.1,NC_032653.1,23836968,24854866,24854868,g,gtt,2
NC_037331.1,NC_032653.1,23845466,24863366,24863367,T,TG,1
NC_037331.1,NC_032653.1,23877720,24895741,24895743,t,taa,2
NC_037331.1,NC_032653.1,23945533,24963557,24963560,c,cgca,3
NC_037331.1,NC_032653.1,23947541,24965568,24965572,C,CATCA,4
NC_037331.1,NC_032653.1,23970299,24988342,24988343,T,TK,1
NC_037331.1,NC_032653.1,23970969,24989015,24989027,C,CTGCACCCCTGCA,12
NC_037331.1,NC_032653.1,23973067,24991127,24991143,T,TTTACCTTTAGGTAAAG,16
NC_037331.1,NC_032653.1,24067233,25085547,25085549,A,AAG,2
NC_037331.1,NC_032653.1,24088744,25107057,25107058,g,ga,1
NC_037331.1,NC_032653.1,24098905,25117470,25117471,t,ta,1
NC_037331.1,NC_032653.1,24107123,25125675,25125676,T,TG,1
NC_037331.1,NC_032653.1,24113113,25131665,25131666,C,CY,1
NC_037331.1,NC_032653.1,24122505,25141060,25141077,A,ACCCAAAAGTATGTAGTC,17
NC_037331.1,NC_032653.1,24153181,25171759,25171760,A,AG,1
NC_037331.1,NC_032653.1,24153181,25196280,25196281,A,AG,1
NC_037331.1,NC_032653.1,24218362,25291795,25291796,A,AM,1
NC_037331.1,NC_032653.1,24243736,25317158,25317159,a,at,1
NC_037331.1,NC_032653.1,24295134,25368559,25368560,G,GR,1
NC_037331.1,NC_032653.1,24313472,25386902,25386903,g,ga,1
NC_037331.1,NC_032653.1,24323815,25397252,25397254,C,CTG,2
NC_037331.1,NC_032653.1,24329031,25402574,25402576,C,CCY,2
NC_037331.1,NC_032653.1,24329256,25402801,25402802,T,TY,1
NC_037331.1,NC_032653.1,24330408,25403952,25403953,A,AG,1
NC_037331.1,NC_032653.1,24406154,25421060,25421064,T,TCTTA,4
NC_037331.1,NC_032653.1,24421280,25436262,25436263,c,ca,1
NC_037331.1,NC_032653.1,24499157,25560416,25560417,C,CA,1
NC_037331.1,NC_032653.1,24561964,25622849,25622851,t,tta,2
NC_037331.1,NC_032653.1,24584546,25645788,25645791,T,TATC,3
NC_037331.1,NC_032653.1,24591980,25653233,25653234,g,gc,1
NC_037331.1,NC_032653.1,24593829,25655082,25655083,t,ta,1
NC_037331.1,NC_032653.1,24597362,25658616,25658618,a,aNN,2
NC_037331.1,NC_032653.1,24605763,25667019,25667024,G,GGACTC,5
NC_037331.1,NC_032653.1,24616346,25677607,25677608,a,at,1
NC_037331.1,NC_032653.1,24616693,25677955,25677956,A,AG,1
NC_037331.1,NC_032653.1,24617793,25679056,25679058,a,aNN,2
NC_037331.1,NC_032653.1,24663892,25751052,25751053,g,gc,1
NC_037331.1,NC_032653.1,24666213,25718667,25718668,A,AG,1
NC_037331.1,NC_032653.1,24771456,25861022,25861024,c,ctt,2
NC_037331.1,NC_032653.1,24780612,25870176,25870177,a,aN,1
NC_037331.1,NC_032653.1,24781898,25875291,25875310,T,TCAAAAGAGAGAAGATCCAC,19
NC_037331.1,NC_032653.1,24782699,25876106,25876107,a,ac,1
NC_037331.1,NC_032653.1,24809741,25903141,25903142,a,at,1
NC_037331.1,NC_032653.1,24810073,25903474,25903475,G,GC,1
NC_037331.1,NC_032653.1,24860717,25954362,25954363,C,CT,1
NC_037331.1,NC_032653.1,25012955,26106684,26106686,C,CCT,2
NC_037331.1,NC_032653.1,25140484,26234250,26234251,c,ct,1
NC_037331.1,NC_032653.1,25375371,26468335,26468336,c,ct,1
NC_037331.1,NC_032653.1,25400668,26493638,26493639,A,AC,1
NC_037331.1,NC_032653.1,25404162,26497134,26497135,g,gt,1
NC_037331.1,NC_032653.1,25423119,26516095,26516096,t,tg,1
NC_037331.1,NC_032653.1,25469217,26562245,26562246,A,AG,1
NC_037331.1,NC_032653.1,25490666,26583736,26583739,g,gagt,3
NC_037331.1,NC_032653.1,25524483,26622078,26622086,C,CCTACCGAA,8
NC_037331.1,NC_032653.1,25533619,26693543,26693559,T,TAAAACAANNNNNAAAG,16
NC_037331.1,NC_032653.1,25548099,26708041,26708042,T,TG,1
NC_037331.1,NC_032653.1,25549415,26709359,26709360,A,AG,1
NC_037331.1,NC_032653.1,25575832,26737734,26737735,a,at,1
NC_037331.1,NC_032653.1,25723758,26910503,26910521,C,CTATNNNNNNNNNNNNNNN,18
NC_037331.1,NC_032653.1,25725540,26912303,26912305,t,tgc,2
NC_037331.1,NC_032653.1,25732153,26918918,26918919,C,CA,1
NC_037331.1,NC_032653.1,25736474,26923241,26923244,A,ATTW,3
NC_037331.1,NC_032653.1,25754083,26940859,26940860,t,ta,1
NC_037331.1,NC_032653.1,25884539,27070288,27070289,c,ct,1
NC_037331.1,NC_032653.1,25885327,27071109,27071110,a,aM,1
NC_037331.1,NC_032653.1,25894539,27080317,27080318,c,ca,1
NC_037331.1,NC_032653.1,25907994,27093786,27093791,T,TACAAA,5
NC_037331.1,NC_032653.1,25912616,27098415,27098431,t,tacagtccatagggtca,16
NC_037331.1,NC_032653.1,25921169,27108507,27108515,T,TGCCAGCCA,8
NC_037331.1,NC_032653.1,25927872,27115222,27115224,t,tta,2
NC_037331.1,NC_032653.1,25963771,27151460,27151476,g,ggggtatacgtgtcttt,16
NC_037331.1,NC_032653.1,26072489,27259651,27259654,g,gaaa,3
NC_037331.1,NC_032653.1,26127484,27314822,27314823,a,aN,1
NC_037331.1,NC_032653.1,26177834,27365179,27365181,t,tNN,2
NC_037331.1,NC_032653.1,26233168,27421746,27421747,C,CA,1
NC_037331.1,NC_032653.1,26258141,27446712,27446713,T,TG,1
NC_037331.1,NC_032653.1,26306597,27495067,27495068,T,TW,1
NC_037331.1,NC_032653.1,26338126,27526618,27526622,G,GAAAA,4
NC_037331.1,NC_032653.1,26428280,27616287,27616288,t,tc,1
NC_037331.1,NC_032653.1,26447626,27635632,27635634,t,taa,2
NC_037331.1,NC_032653.1,26472607,27660631,27660633,T,TGA,2
NC_037331.1,NC_032653.1,26511285,27690127,27690128,G,GS,1
NC_037331.1,NC_032653.1,26513181,27692027,27692028,T,TK,1
NC_037331.1,NC_032653.1,26514289,27693136,27693137,A,AR,1
NC_037331.1,NC_032653.1,26517579,27696420,27696421,T,TA,1
NC_037331.1,NC_032653.1,26518384,27697227,27697228,a,ag,1
NC_037331.1,NC_032653.1,26521097,27699941,27699942,G,GR,1
NC_037331.1,NC_032653.1,26522071,27700916,27700918,c,ctt,2
NC_037331.1,NC_032653.1,26524055,27702891,27702892,a,at,1
NC_037331.1,NC_032653.1,26531150,27709984,27709989,c,cagtgg,5
NC_037331.1,NC_032653.1,26545852,27724697,27724721,A,ATAAAAAGAGGGGGAGATACAAACT,24
NC_037331.1,NC_032653.1,26546064,27724933,27724934,a,aM,1
NC_037331.1,NC_032653.1,26578433,27757307,27757309,t,tta,2
NC_037331.1,NC_032653.1,26622197,27801087,27801088,a,ag,1
NC_037331.1,NC_032653.1,26624438,27803331,27803334,g,ggca,3
NC_037331.1,NC_032653.1,26642903,27821800,27821803,a,attt,3
NC_037331.1,NC_032653.1,26739610,27914848,27914862,a,aNNNNNNNNNNNNNN,14
NC_037331.1,NC_032653.1,26844016,28019828,28019832,g,ggttt,4
NC_037331.1,NC_032653.1,26849370,28025186,28025187,a,aN,1
NC_037331.1,NC_032653.1,26892231,28068121,28068127,A,ACTKTTT,6
NC_037331.1,NC_032653.1,26899356,28075252,28075273,T,TCCCGNNNNNNNNNNNNNNNNN,21
NC_037331.1,NC_032653.1,26905455,28081362,28081373,t,tctttcaataga,11
NC_037331.1,NC_032653.1,26960249,28136167,28136168,T,TC,1
NC_037331.1,NC_032653.1,27126592,28302552,28302553,C,CT,1
NC_037331.1,NC_032653.1,27170307,28346573,28346577,t,tttgg,4
NC_037331.1,NC_032653.1,27182706,28358987,28358991,t,tNNNN,4
NC_037331.1,NC_032653.1,27271892,28448221,28448222,G,GA,1
NC_037331.1,NC_032653.1,27465242,28641335,28641338,g,ggtt,3
NC_037331.1,NC_032653.1,27503647,28679754,28679755,T,TA,1
NC_037331.1,NC_032653.1,27568680,28744815,28744816,T,TC,1
NC_037331.1,NC_032653.1,27692501,28868900,28868916,c,cNNNNNNNNNNNNNNNN,16
NC_037331.1,NC_032653.1,27755337,28913328,28913330,T,TTC,2
NC_037331.1,NC_032653.1,27778081,28936466,28936482,T,TYTTGGGGACTTCAGTC,16
NC_037331.1,NC_032653.1,27836733,28995147,28995151,T,TCTTA,4
NC_037331.1,NC_032653.1,27862827,29021246,29021249,t,ttcc,3
NC_037331.1,NC_032653.1,27864619,29023042,29023044,t,tcg,2
NC_037331.1,NC_032653.1,28005118,29163539,29163540,C,CT,1
NC_037331.1,NC_032653.1,28028064,29186489,29186500,c,ctccaaaaaaaa,11
NC_037331.1,NC_032653.1,28080057,29236731,29236732,C,CT,1
NC_037331.1,NC_032653.1,28091255,29247881,29247892,a,aggatgaggatg,11
NC_037331.1,NC_032653.1,28145601,29377043,29377044,a,ag,1
NC_037331.1,NC_032653.1,28148953,29380396,29380397,t,tc,1
NC_037331.1,NC_032653.1,28150629,29382073,29382074,t,ta,1
NC_037331.1,NC_032653.1,28201956,29436231,29436232,c,ct,1
NC_037331.1,NC_032653.1,28215856,29450132,29450133,T,TY,1
NC_037331.1,NC_032653.1,28218025,29452302,29452303,A,AG,1
NC_037331.1,NC_032653.1,28244939,29478666,29478667,t,tc,1
NC_037331.1,NC_032653.1,28251643,29484969,29484972,t,tata,3
NC_037331.1,NC_032653.1,28357775,29598579,29598608,t,tggactggttggatctccttgctgtccatg,29
NC_037331.1,NC_032653.1,28358760,29599593,29599594,T,TC,1
NC_037331.1,NC_032653.1,28386306,29627840,29627841,c,ct,1
NC_037331.1,NC_032653.1,28414031,29655756,29655757,a,at,1
NC_037331.1,NC_032653.1,28459140,29704802,29704803,A,AG,1
NC_037331.1,NC_032653.1,28460664,29706327,29706328,t,tg,1
NC_037331.1,NC_032653.1,28530596,29776373,29776374,A,AW,1
NC_037331.1,NC_032653.1,28572558,29818563,29818565,C,CTG,2
NC_037331.1,NC_032653.1,28577799,29823802,29823803,c,ct,1
NC_037331.1,NC_032653.1,28661614,29914133,29914135,g,ggt,2
NC_037331.1,NC_032653.1,28720064,29972632,29972633,a,ag,1
NC_037331.1,NC_032653.1,28721196,29973765,29973766,t,ta,1
NC_037331.1,NC_032653.1,28724729,29977302,29977304,t,tca,2
NC_037331.1,NC_032653.1,28880930,30128624,30128625,C,CA,1
NC_037331.1,NC_032653.1,28943269,30191283,30191285,a,aNN,2
NC_037331.1,NC_032653.1,28950906,30198920,30198926,c,catataY,6
NC_037331.1,NC_032653.1,28951460,30199478,30199479,T,TA,1
NC_037331.1,NC_032653.1,28953427,30201468,30201473,g,gactga,5
NC_037331.1,NC_032653.1,28956926,30205685,30205687,t,tac,2
NC_037331.1,NC_032653.1,28961982,30210750,30210751,t,ta,1
NC_037331.1,NC_032653.1,28965541,30214309,30214310,a,at,1
NC_037331.1,NC_032653.1,28976612,30225384,30225393,t,tccccccccc,9
NC_037331.1,NC_032653.1,28984744,30233449,30233450,A,AG,1
NC_037331.1,NC_032653.1,28992140,30240709,30240710,t,tc,1
NC_037331.1,NC_032653.1,29005950,30254528,30254529,t,tc,1
NC_037331.1,NC_032653.1,29020637,30269216,30269218,g,ggc,2
NC_037331.1,NC_032653.1,29039796,30288309,30288310,A,AR,1
NC_037331.1,NC_032653.1,29054125,30302639,30302654,C,CATGCTTGTACTTGTG,15
NC_037331.1,NC_032653.1,29100880,30349414,30349415,c,ct,1
NC_037331.1,NC_032653.1,29152758,30401261,30401262,t,tK,1
NC_037331.1,NC_032653.1,29155081,30403585,30403586,t,tc,1
NC_037331.1,NC_032653.1,29253383,30510202,30510203,t,tg,1
NC_037331.1,NC_032653.1,29268594,30525772,30525773,A,AW,1
NC_037331.1,NC_032653.1,29283673,30540853,30540854,a,ac,1
NC_037331.1,NC_032653.1,29324399,30581582,30581584,c,ccg,2
NC_037331.1,NC_032653.1,29347925,30605128,30605129,t,ta,1
NC_037331.1,NC_032653.1,29347942,30605146,30605147,t,ta,1
NC_037331.1,NC_032653.1,29347950,30605155,30605156,t,ta,1
NC_037331.1,NC_032653.1,29359123,30616312,30616313,c,ct,1
NC_037331.1,NC_032653.1,29396107,30655690,30655691,c,ct,1
NC_037331.1,NC_032653.1,29422955,30682513,30682518,A,ATCAGT,5
NC_037331.1,NC_032653.1,29423854,30683418,30683419,a,ag,1
NC_037331.1,NC_032653.1,29428418,30687993,30687995,a,atg,2
NC_037331.1,NC_032653.1,29444507,30704142,30704143,A,AT,1
NC_037331.1,NC_032653.1,29445628,30705270,30705271,t,ta,1
NC_037331.1,NC_032653.1,29488419,30748063,30748065,a,aag,2
NC_037331.1,NC_032653.1,29548462,30807167,30807168,t,ta,1
NC_037331.1,NC_032653.1,29708403,30921039,30921040,g,ga,1
NC_037331.1,NC_032653.1,29708629,30921267,30921269,c,ctt,2
NC_037331.1,NC_032653.1,29734479,30945866,30945867,A,AC,1
NC_037331.1,NC_032653.1,29760484,31009981,31009983,A,ATC,2
NC_037331.1,NC_032653.1,29776239,31025750,31025751,G,GA,1
NC_037331.1,NC_032653.1,29926604,31172585,31172586,t,tg,1
NC_037331.1,NC_032653.1,29930597,31176579,31176580,a,at,1
NC_037331.1,NC_032653.1,29947402,31193750,31193759,g,gcaacagtgc,9
NC_037331.1,NC_032653.1,30007080,31253455,31253457,a,aat,2
NC_037331.1,NC_032653.1,30129121,31376202,31376203,t,tg,1
NC_037331.1,NC_032653.1,30159390,31406495,31406496,t,tc,1
NC_037331.1,NC_032653.1,30212620,31459728,31459729,t,ta,1
NC_037331.1,NC_032653.1,30298798,31540478,31540479,G,GS,1
NC_037331.1,NC_032653.1,30322025,31563701,31563708,t,ttttttta,7
NC_037331.1,NC_032653.1,30357005,31598694,31598695,t,tg,1
NC_037331.1,NC_032653.1,30381128,31622822,31622823,A,AR,1
NC_037331.1,NC_032653.1,30410345,31652046,31652050,T,TAGKC,4
NC_037331.1,NC_032653.1,30430730,31671187,31671188,A,AY,1
NC_037331.1,NC_032653.1,30437934,31678392,31678393,t,tg,1
NC_037331.1,NC_032653.1,30446836,31687285,31687286,A,AW,1
NC_037331.1,NC_032653.1,30465119,31705637,31705638,t,ta,1
NC_037331.1,NC_032653.1,30472629,31713148,31713149,t,ta,1
NC_037331.1,NC_032653.1,30475133,31715653,31715654,A,AG,1
NC_037331.1,NC_032653.1,30503226,31743674,31743675,T,TC,1
NC_037331.1,NC_032653.1,30503228,31743677,31743678,C,CT,1
NC_037331.1,NC_032653.1,30507637,31748086,31748087,t,ta,1
NC_037331.1,NC_032653.1,30580944,31821325,31821326,t,tY,1
NC_037331.1,NC_032653.1,30582761,31823143,31823145,g,gca,2
NC_037331.1,NC_032653.1,30582823,31823207,31823208,c,ct,1
NC_037331.1,NC_032653.1,30616873,31857660,31857661,a,at,1
NC_037331.1,NC_032653.1,30621081,31861865,31861866,T,TA,1
NC_037331.1,NC_032653.1,30626963,31870080,31870081,c,ct,1
NC_037331.1,NC_032653.1,30629663,31872781,31872782,T,TY,1
NC_037331.1,NC_032653.1,30630741,31873860,31873861,T,TC,1
NC_037331.1,NC_032653.1,30630769,31873889,31873890,A,AG,1
NC_037331.1,NC_032653.1,30648401,31892510,31892511,a,ag,1
NC_037331.1,NC_032653.1,30691077,31935191,31935193,C,CAT,2
NC_037331.1,NC_032653.1,30721387,31965478,31965481,T,TCCC,3
NC_037331.1,NC_032653.1,30736002,31980093,31980094,C,CT,1
NC_037331.1,NC_032653.1,30738104,31982197,31982218,t,tccttccaaagaaatcccaggg,21
NC_037331.1,NC_032653.1,30782499,32034829,32034836,a,accctgat,7
NC_037331.1,NC_032653.1,30795845,32048182,32048183,c,ct,1
NC_037331.1,NC_032653.1,30807805,32060144,32060146,g,gga,2
NC_037331.1,NC_032653.1,30807832,32060173,32060174,G,GC,1
NC_037331.1,NC_032653.1,30820702,32073046,32073047,a,aN,1
NC_037331.1,NC_032653.1,30830181,32082525,32082526,a,ac,1
NC_037331.1,NC_032653.1,30832183,32084528,32084529,C,CA,1
NC_037331.1,NC_032653.1,30835795,32088141,32088144,t,ttaa,3
NC_037331.1,NC_032653.1,30838676,32091027,32091028,A,AT,1
NC_037331.1,NC_032653.1,30857144,32109540,32109541,T,TA,1
NC_037331.1,NC_032653.1,30867644,32120040,32120044,C,CAGTA,4
NC_037331.1,NC_032653.1,30867687,32120087,32120112,G,GCCATACTCGTGACCCCCACTANNNN,25
NC_037331.1,NC_032653.1,30868500,32120925,32120926,g,ga,1
NC_037331.1,NC_032653.1,30868622,32121048,32121058,a,atgttttttgt,10
NC_037331.1,NC_032653.1,30870465,32122901,32122903,c,cct,2
NC_037331.1,NC_032653.1,30882827,32135266,32135267,t,ta,1
NC_037331.1,NC_032653.1,30906970,32159422,32159423,g,ga,1
NC_037331.1,NC_032653.1,30955402,32207969,32207970,T,TA,1
NC_037331.1,NC_032653.1,30989258,32241835,32241836,g,gt,1
NC_037331.1,NC_032653.1,31044614,32297191,32297192,A,AR,1
NC_037331.1,NC_032653.1,31087501,32340075,32340076,G,GA,1
NC_037331.1,NC_032653.1,31087503,32340078,32340079,C,CG,1
NC_037331.1,NC_032653.1,31173959,32426342,32426350,C,CTGACCTCG,8
NC_037331.1,NC_032653.1,31203980,32456373,32456374,C,CT,1
NC_037331.1,NC_032653.1,31223468,32475863,32475864,C,CA,1
NC_037331.1,NC_032653.1,31347139,32598195,32598199,t,tNNNN,4
NC_037331.1,NC_032653.1,31679485,32923040,32923041,g,gt,1
NC_037331.1,NC_032653.1,31680109,32923665,32923666,t,ta,1
NC_037331.1,NC_032653.1,31686159,32929720,32929722,A,AAM,2
NC_037331.1,NC_032653.1,31686688,32930251,32930252,G,GK,1
NC_037331.1,NC_032653.1,31690094,32933658,32933661,t,tagc,3
NC_037331.1,NC_032653.1,31703546,32947146,32947149,t,tWaa,3
NC_037331.1,NC_032653.1,31719962,32963567,32963568,t,tc,1
NC_037331.1,NC_032653.1,31719994,32963601,32963602,c,ct,1
NC_037331.1,NC_032653.1,31719998,32963606,32963607,a,ag,1
NC_037331.1,NC_032653.1,31726865,32970545,32970546,c,ca,1
NC_037331.1,NC_032653.1,31742311,32985978,32985979,C,CA,1
NC_037331.1,NC_032653.1,31749573,32993241,32993242,T,TM,1
NC_037331.1,NC_032653.1,31749911,32993580,32993583,t,ttta,3
NC_037331.1,NC_032653.1,31750388,32994061,32994063,g,gca,2
NC_037331.1,NC_032653.1,31756853,33000529,33000533,G,GAACC,4
NC_037331.1,NC_032653.1,31785834,33053064,33053068,G,GTCTT,4
NC_037331.1,NC_032653.1,31787195,33054430,33054432,a,act,2
NC_037331.1,NC_032653.1,31787322,33054559,33054562,t,tctc,3
NC_037331.1,NC_032653.1,31792970,33060206,33060208,g,ggt,2
NC_037331.1,NC_032653.1,31817308,33100769,33100770,C,CT,1
NC_037331.1,NC_032653.1,31828617,33112091,33112092,t,tc,1
NC_037331.1,NC_032653.1,31837440,33120918,33120919,c,ca,1
NC_037331.1,NC_032653.1,31867456,33150854,33150855,T,TG,1
NC_037331.1,NC_032653.1,31872102,33155500,33155502,t,tta,2
NC_037331.1,NC_032653.1,31881411,33164803,33164804,a,at,1
NC_037331.1,NC_032653.1,31901882,33185282,33185285,T,TATA,3
NC_037331.1,NC_032653.1,31904515,33187919,33187921,G,GAA,2
NC_037331.1,NC_032653.1,31939948,33223510,33223511,C,CY,1
NC_037331.1,NC_032653.1,31942822,33226384,33226424,T,TTCTTTTTTAACCTAGTTAGTTGTTACGAAAACAGGTATTC,40
NC_037331.1,NC_032653.1,31945106,33228708,33228709,T,TC,1
NC_037331.1,NC_032653.1,32036508,33319864,33319865,C,CM,1
NC_037331.1,NC_032653.1,32040864,33324221,33324222,t,ta,1
NC_037331.1,NC_032653.1,32098962,33382466,33382476,A,ACAGCCATTCM,10
NC_037331.1,NC_032653.1,32131397,33414902,33414904,t,tta,2
NC_037331.1,NC_032653.1,32131403,33414910,33414917,t,ttaaataa,7
NC_037331.1,NC_032653.1,32162051,33445051,33445052,c,ca,1
NC_037331.1,NC_032653.1,32200810,33483840,33483841,c,ct,1
NC_037331.1,NC_032653.1,32385787,33666985,33666986,a,aW,1
NC_037331.1,NC_032653.1,32405487,33686686,33686687,t,ta,1
NC_037331.1,NC_032653.1,32426339,33707556,33707557,C,CG,1
NC_037331.1,NC_032653.1,32428891,33710110,33710112,g,gaa,2
NC_037331.1,NC_032653.1,32433880,33715103,33715111,a,atgaacCTC,8
NC_037331.1,NC_032653.1,32434724,33715938,33715939,C,CT,1
NC_037331.1,NC_032653.1,32441967,33723034,33723045,a,attctttttttt,11
NC_037331.1,NC_032653.1,32442644,33723727,33723759,T,TAAAAATCcttcctttctaaaaaaaaaaaaaaa,32
NC_037331.1,NC_032653.1,32468337,33749490,33749491,a,ac,1
NC_037331.1,NC_032653.1,32470878,33752032,33752033,A,AT,1
NC_037331.1,NC_032653.1,32473248,33754308,33754311,a,agct,3
NC_037331.1,NC_032653.1,32473789,33754847,33754848,C,CT,1
NC_037331.1,NC_032653.1,32474363,33755420,33755422,C,CCA,2
NC_037331.1,NC_032653.1,32474666,33755725,33755727,G,GTC,2
NC_037331.1,NC_032653.1,32475209,33756270,33756271,T,TC,1
NC_037331.1,NC_032653.1,32477383,33758437,33758438,A,AG,1
NC_037331.1,NC_032653.1,32477713,33758768,33758769,a,ag,1
NC_037331.1,NC_032653.1,32479522,33760577,33760582,C,CTCACG,5
NC_037331.1,NC_032653.1,32480343,33761403,33761407,c,cgtgt,4
NC_037331.1,NC_032653.1,32483275,33764339,33764342,T,TTTG,3
NC_037331.1,NC_032653.1,32483347,33764414,33764415,C,CT,1
NC_037331.1,NC_032653.1,32489774,33770842,33770843,g,ga,1
NC_037331.1,NC_032653.1,32493056,33774141,33774142,T,TC,1
NC_037331.1,NC_032653.1,32493405,33774491,33774493,C,CTT,2
NC_037331.1,NC_032653.1,32495406,33776494,33776500,A,AACATAT,6
NC_037331.1,NC_032653.1,32495445,33776539,33776540,G,GA,1
NC_037331.1,NC_032653.1,32496598,33777693,33777705,g,gCATCTGTGGACT,12
NC_037331.1,NC_032653.1,32497407,33778514,33778515,a,at,1
NC_037331.1,NC_032653.1,32499800,33780908,33780912,t,taaaa,4
NC_037331.1,NC_032653.1,33007020,33986429,33986430,T,TN,1
NC_037331.1,NC_032653.1,33040843,34020132,34020133,T,TA,1
NC_037331.1,NC_032653.1,33195694,34228373,34228380,g,gaaaaaaa,7
NC_037331.1,NC_032653.1,33274547,34307053,34307054,t,tc,1
NC_037331.1,NC_032653.1,33342947,34376226,34376227,T,TA,1
NC_037331.1,NC_032653.1,33396627,34429946,34429947,a,at,1
NC_037331.1,NC_032653.1,33397116,34430441,34430444,t,tagc,3
NC_037331.1,NC_032653.1,33398461,34431818,34431819,T,TC,1
NC_037331.1,NC_032653.1,33403642,34436986,34436987,G,GC,1
NC_037331.1,NC_032653.1,33414612,34447959,34447964,C,CACTTT,5
NC_037331.1,NC_032653.1,33421287,34454620,34454621,g,ga,1
NC_037331.1,NC_032653.1,33429568,34462890,34462891,A,AC,1
NC_037331.1,NC_032653.1,33435118,34468441,34468443,g,gaa,2
NC_037331.1,NC_032653.1,33444282,34480944,34480945,a,ag,1
NC_037331.1,NC_032653.1,33471675,34512864,34512865,c,ct,1
NC_037331.1,NC_032653.1,33485628,34526572,34526591,C,CTCTGAAGATATTCTGCCAG,19
NC_037331.1,NC_032653.1,33533372,34574682,34574687,t,tgaaag,5
NC_037331.1,NC_032653.1,33613992,34655326,34655341,a,accccagagacggcag,15
NC_037331.1,NC_032653.1,33624715,34666062,34666063,A,AM,1
NC_037331.1,NC_032653.1,33638228,34679581,34679582,t,tc,1
NC_037331.1,NC_032653.1,33656534,34697894,34697895,A,AG,1
NC_037331.1,NC_032653.1,33660292,34700902,34700903,a,ac,1
NC_037331.1,NC_032653.1,33684463,34725079,34725103,A,ATCTTCAGAATTTATAGAAGATGTG,24
NC_037331.1,NC_032653.1,33693910,34734587,34734588,g,gt,1
NC_037331.1,NC_032653.1,33693985,34734665,34734666,g,ga,1
NC_037331.1,NC_032653.1,33694018,34734699,34734700,c,ca,1
NC_037331.1,NC_032653.1,33736756,34777132,34777133,T,TC,1
NC_037331.1,NC_032653.1,33738416,34778793,34778795,c,cca,2
NC_037331.1,NC_032653.1,33800422,34840731,34840734,t,taaa,3
NC_037331.1,NC_032653.1,33862185,34904086,34904088,t,tac,2
NC_037331.1,NC_032653.1,33892221,34934495,34934498,G,GATC,3
NC_037331.1,NC_032653.1,33897770,34940061,34940073,t,ttNNNNNNNNNNN,12
NC_037331.1,NC_032653.1,33915248,34957546,34957547,a,ag,1
NC_037331.1,NC_032653.1,33933609,34975966,34975973,T,TAATTAAA,7
NC_037331.1,NC_032653.1,33937452,34979816,34979817,C,CA,1
NC_037331.1,NC_032653.1,33941456,34983742,34983743,T,TA,1
NC_037331.1,NC_032653.1,33951494,34993782,34993783,t,ta,1
NC_037331.1,NC_032653.1,34145288,35190691,35190693,c,cat,2
NC_037331.1,NC_032653.1,34148480,35193885,35193887,a,aat,2
NC_037331.1,NC_032653.1,34155966,35201394,35201410,T,TNNNNNNNNNNNNNNNN,16
NC_037331.1,NC_032653.1,34156450,35201891,35201895,g,gagac,4
NC_037331.1,NC_032653.1,34160280,35205901,35205905,c,caaag,4
NC_037331.1,NC_032653.1,34160680,35206305,35206311,c,caaaaaa,6
NC_037331.1,NC_032653.1,34174932,35220545,35220549,a,atact,4
NC_037331.1,NC_032653.1,34208892,35254715,35254716,g,gt,1
NC_037331.1,NC_032653.1,34218249,35264073,35264074,t,ta,1
NC_037331.1,NC_032653.1,34248173,35292703,35292706,g,gctc,3
NC_037331.1,NC_032653.1,34252397,35296913,35296929,t,ttgSAWATTCCCAAAAG,16
NC_037331.1,NC_032653.1,34254731,35299254,35299256,a,att,2
NC_037331.1,NC_032653.1,34363983,35418411,35418413,g,ggt,2
NC_037331.1,NC_032653.1,34366930,35421359,35421360,g,ga,1
NC_037331.1,NC_032653.1,34490153,35564951,35564952,c,ct,1
NC_037331.1,NC_032653.1,34507946,35582747,35582748,A,AT,1
NC_037331.1,NC_032653.1,34523455,35598260,35598261,G,GA,1
NC_037331.1,NC_032653.1,34542511,35617319,35617321,t,tNN,2
NC_037331.1,NC_032653.1,34543028,35617838,35617841,T,TTCA,3
NC_037331.1,NC_032653.1,34572598,35647412,35647414,G,GTT,2
NC_037331.1,NC_032653.1,34586746,35661563,35661565,g,gaa,2
NC_037331.1,NC_032653.1,34598676,35673500,35673501,A,AG,1
NC_037331.1,NC_032653.1,34605572,35680397,35680399,c,caa,2
NC_037331.1,NC_032653.1,34676975,35753428,35753429,T,TA,1
NC_037331.1,NC_032653.1,34680811,35757265,35757266,C,CA,1
NC_037331.1,NC_032653.1,34694137,35770598,35770601,G,GTTT,3
NC_037331.1,NC_032653.1,34975165,36076822,36076825,a,acac,3
NC_037331.1,NC_032653.1,35037693,36232480,36232481,a,at,1
NC_037331.1,NC_032653.1,35178873,36389267,36389268,G,GR,1
NC_037331.1,NC_032653.1,35209698,36420929,36420933,a,aaaac,4
NC_037331.1,NC_032653.1,35298668,36530419,36530420,A,AN,1
NC_037331.1,NC_032653.1,35368116,36607323,36607324,G,GR,1
NC_037331.1,NC_032653.1,35372632,36611827,36611828,a,at,1
NC_037331.1,NC_032653.1,35385189,36624389,36624390,A,AR,1
NC_037331.1,NC_032653.1,35418472,36657679,36657681,C,CTT,2
NC_037331.1,NC_032653.1,35437515,36677840,36677845,A,ACTTTM,5
NC_037331.1,NC_032653.1,35439976,36680301,36680319,T,TTCTCAACAGTCTATGAGA,18
NC_037331.1,NC_032653.1,35441829,36682173,36682174,G,GT,1
NC_037331.1,NC_032653.1,35445162,36685497,36685498,G,GT,1
NC_037331.1,NC_032653.1,35448528,36688868,36688870,T,TAC,2
NC_037331.1,NC_032653.1,35456660,36697003,36697004,t,tg,1
NC_037331.1,NC_032653.1,35458780,36699125,36699126,g,gt,1
NC_037331.1,NC_032653.1,35464101,36704447,36704448,a,at,1
NC_037331.1,NC_032653.1,35474723,36715071,36715074,a,aaag,3
NC_037331.1,NC_032653.1,35477121,36717472,36717473,T,TW,1
NC_037331.1,NC_032653.1,35478273,36718625,36718628,A,AACT,3
NC_037331.1,NC_032653.1,35483972,36724328,36724329,T,TW,1
NC_037331.1,NC_032653.1,35488356,36728718,36728719,C,CA,1
NC_037331.1,NC_032653.1,35488764,36729127,36729128,A,AC,1
NC_037331.1,NC_032653.1,35559036,36799421,36799422,a,aN,1
NC_037331.1,NC_032653.1,35572376,36812765,36812766,A,AR,1
NC_037331.1,NC_032653.1,35619686,36860083,36860084,A,AW,1
NC_037331.1,NC_032653.1,35628991,36869387,36869391,a,aNNNN,4
NC_037331.1,NC_032653.1,35690426,36930829,36930830,A,AC,1
NC_037331.1,NC_032653.1,35701667,36942075,36942076,C,CY,1
NC_037331.1,NC_032653.1,35709223,36949632,36949633,C,CT,1
NC_037331.1,NC_032653.1,35725011,36965452,36965453,c,ca,1
NC_037331.1,NC_032653.1,35726406,36966849,36966853,c,ctcta,4
NC_037331.1,NC_032653.1,35727750,36968199,36968200,a,at,1
NC_037331.1,NC_032653.1,35728989,36969439,36969441,a,att,2
NC_037331.1,NC_032653.1,35732315,36972776,36972777,a,at,1
NC_037331.1,NC_032653.1,35733942,36974405,36974406,c,cY,1
NC_037331.1,NC_032653.1,35733968,36974432,36974434,a,agt,2
NC_037331.1,NC_032653.1,35739085,36979551,36979560,A,AACAGGTAAG,9
NC_037331.1,NC_032653.1,35746469,36986947,36986953,a,aNNNNNN,6
NC_037331.1,NC_032653.1,35753699,36994036,36994037,c,ct,1
NC_037331.1,NC_032653.1,35756155,36996495,36996497,t,taa,2
NC_037331.1,NC_032653.1,35766599,37006944,37006946,T,TTA,2
NC_037331.1,NC_032653.1,35774761,37015119,37015121,T,TTG,2
NC_037331.1,NC_032653.1,35785378,37025750,37025752,g,gtt,2
NC_037331.1,NC_032653.1,35788417,37028791,37028795,C,CAGTA,4
NC_037331.1,NC_032653.1,35789032,37029403,37029404,T,TA,1
NC_037331.1,NC_032653.1,35799015,37039384,37039402,A,AGATTGAGAGTGAAAAGAT,18
NC_037331.1,NC_032653.1,35814891,37055279,37055280,t,tg,1
NC_037331.1,NC_032653.1,35825156,37065552,37065553,c,cM,1
NC_037331.1,NC_032653.1,35825853,37066250,37066256,a,acccctt,6
NC_037331.1,NC_032653.1,35829888,37070292,37070293,t,tc,1
NC_037331.1,NC_032653.1,35832230,37072639,37072641,a,aat,2
NC_037331.1,NC_032653.1,35833105,37073556,37073563,g,gaaagtga,7
NC_037331.1,NC_032653.1,35833938,37074389,37074392,a,aaat,3
NC_037331.1,NC_032653.1,35834030,37074488,37074489,T,TA,1
NC_037331.1,NC_032653.1,35834053,37074512,37074513,C,CT,1
NC_037331.1,NC_032653.1,35839001,37079462,37079463,c,ct,1
NC_037331.1,NC_032653.1,35845029,37085507,37085512,t,tatata,5
NC_037331.1,NC_032653.1,35845031,37085514,37085515,a,ag,1
NC_037331.1,NC_032653.1,35855892,37096307,37096310,g,ggga,3
NC_037331.1,NC_032653.1,35902525,37142951,37142953,A,ATG,2
NC_037331.1,NC_032653.1,35905115,37145543,37145544,T,TA,1
NC_037331.1,NC_032653.1,35908924,37149354,37149355,A,AT,1
NC_037331.1,NC_032653.1,36025593,37266128,37266131,t,tagc,3
NC_037331.1,NC_032653.1,36142487,37383031,37383033,t,taa,2
NC_037331.1,NC_032653.1,36243846,37484089,37484090,c,ca,1
NC_037331.1,NC_032653.1,36251532,37491777,37491779,c,cct,2
NC_037331.1,NC_032653.1,36260214,37500461,37500462,t,tg,1
NC_037331.1,NC_032653.1,36260294,37500541,37500542,g,ga,1
NC_037331.1,NC_032653.1,36311412,37663668,37663669,t,tg,1
NC_037331.1,NC_032653.1,36311931,37664189,37664190,t,tc,1
NC_037331.1,NC_032653.1,36422258,37576838,37576839,t,ta,1
NC_037331.1,NC_032653.1,36562745,37844256,37844258,a,aNN,2
NC_037331.1,NC_032653.1,36567632,37849152,37849153,T,TA,1
NC_037331.1,NC_032653.1,36569617,37851126,37851127,a,at,1
NC_037331.1,NC_032653.1,36577167,37858680,37858681,C,CA,1
NC_037331.1,NC_032653.1,36613189,37894706,37894711,A,AGCTGG,5
NC_037331.1,NC_032653.1,36620628,37904680,37904682,t,taa,2
NC_037331.1,NC_032653.1,36633014,37917061,37917062,c,ca,1
NC_037331.1,NC_032653.1,36639542,37923594,37923596,a,aNN,2
NC_037331.1,NC_032653.1,36737833,38022037,38022038,C,CT,1
NC_037331.1,NC_032653.1,36740872,38024913,38024914,a,ag,1
NC_037331.1,NC_032653.1,36742526,38026567,38026568,T,TA,1
NC_037331.1,NC_032653.1,36748146,38032181,38032182,G,GT,1
NC_037331.1,NC_032653.1,36748365,38032401,38032410,a,acacacatat,9
NC_037331.1,NC_032653.1,36754312,38038359,38038360,T,TG,1
NC_037331.1,NC_032653.1,36755863,38039912,38039914,t,tta,2
NC_037331.1,NC_032653.1,36782154,38064963,38064964,c,ca,1
NC_037331.1,NC_032653.1,36782533,38065339,38065372,T,TCTCTAAGTGCTTGAGTCTATTTCTGNtttgtaa,33
NC_037331.1,NC_032653.1,36807702,38091768,38091769,C,CY,1
NC_037331.1,NC_032653.1,36815818,38099898,38099899,T,TA,1
NC_037331.1,NC_032653.1,36855350,38139050,38139051,A,AM,1
NC_037331.1,NC_032653.1,36863316,38147019,38147020,G,GT,1
NC_037331.1,NC_032653.1,36905203,38191930,38191932,a,aac,2
NC_037331.1,NC_032653.1,36920064,38206799,38206800,a,at,1
NC_037331.1,NC_032653.1,36940773,38222183,38222184,a,ag,1
NC_037331.1,NC_032653.1,36987560,38271119,38271146,A,AACTTATTCACAAATATGATAACTCCAM,27
NC_037331.1,NC_032653.1,36994448,38277751,38277752,A,AR,1
NC_037331.1,NC_032653.1,36996176,38279484,38279485,G,GT,1
NC_037331.1,NC_032653.1,37007975,38291281,38291282,A,AT,1
NC_037331.1,NC_032653.1,37010203,38293518,38293519,a,ac,1
NC_037331.1,NC_032653.1,37018572,38301884,38301885,G,GA,1
NC_037331.1,NC_032653.1,37038544,38320611,38320612,g,ga,1
NC_037331.1,NC_032653.1,37039330,38321397,38321399,a,aag,2
NC_037331.1,NC_032653.1,37068885,38350905,38350909,G,GTCAR,4
NC_037331.1,NC_032653.1,37087401,38369435,38369437,C,CAA,2
NC_037331.1,NC_032653.1,37124100,38406140,38406142,A,AAT,2
NC_037331.1,NC_032653.1,37124524,38406566,38406567,g,gc,1
NC_037331.1,NC_032653.1,37125733,38407776,38407780,T,TGACW,4
NC_037331.1,NC_032653.1,37127701,38409747,38409748,a,ag,1
NC_037331.1,NC_032653.1,37132422,38414475,38414481,c,catgtat,6
NC_037331.1,NC_032653.1,37132731,38414790,38414796,g,gtttctc,6
NC_037331.1,NC_032653.1,37161113,38443167,38443169,C,CWG,2
NC_037331.1,NC_032653.1,37165418,38447474,38447482,a,aggtggtct,8
NC_037331.1,NC_032653.1,37182282,38464368,38464369,A,AR,1
NC_037331.1,NC_032653.1,37184617,38466704,38466706,C,CAG,2
NC_037331.1,NC_032653.1,37279588,38562259,38562260,A,AG,1
NC_037331.1,NC_032653.1,37306797,38589705,38589707,T,TTA,2
NC_037331.1,NC_032653.1,37340838,38623742,38623748,G,GTCCCCT,6
NC_037331.1,NC_032653.1,37345150,38628060,38628062,C,CTG,2
NC_037331.1,NC_032653.1,37346047,38628999,38629001,C,CAT,2
NC_037331.1,NC_032653.1,37367485,38652652,38652653,t,tc,1
NC_037331.1,NC_032653.1,37383840,38669011,38669012,a,ac,1
NC_037331.1,NC_032653.1,37383845,38669017,38669022,a,aaaaac,5
NC_037331.1,NC_032653.1,37387185,38673088,38673089,A,AT,1
NC_037331.1,NC_032653.1,37396787,38682690,38682691,A,AG,1
NC_037331.1,NC_032653.1,37400032,38685937,38685938,c,ct,1
NC_037331.1,NC_032653.1,37418778,38704690,38704697,c,cttttttt,7
NC_037331.1,NC_032653.1,37424764,38710683,38710688,A,ATAAGT,5
NC_037331.1,NC_032653.1,37424764,38708593,38708598,A,ATAAGT,5
NC_037331.1,NC_032653.1,37424821,38710745,38710746,T,TA,1
NC_037331.1,NC_032653.1,37424821,38708655,38708656,T,TA,1
NC_037331.1,NC_032653.1,37426848,38710683,38710688,A,ATAAGT,5
NC_037331.1,NC_032653.1,37426905,38710745,38710746,T,TA,1
NC_037331.1,NC_032653.1,37434043,38717883,38717884,A,AW,1
NC_037331.1,NC_032653.1,37444696,38728533,38728545,a,aaatNNNNNNNNN,12
NC_037331.1,NC_032653.1,37445491,38729340,38729343,g,gttc,3
NC_037331.1,NC_032653.1,37466032,38749764,38749766,g,gcc,2
NC_037331.1,NC_032653.1,37468837,38763900,38763909,t,ttgttttcta,9
NC_037331.1,NC_032653.1,37469043,38764115,38764116,a,ac,1
NC_037331.1,NC_032653.1,37479484,38774557,38774558,A,AT,1
NC_037331.1,NC_032653.1,37503862,38799024,38799027,A,ACTT,3
NC_037331.1,NC_032653.1,37576005,38871173,38871175,a,aac,2
NC_037331.1,NC_032653.1,37611536,38906708,38906709,G,GC,1
NC_037331.1,NC_032653.1,37611543,38906716,38906717,T,TA,1
NC_037331.1,NC_032653.1,37671604,38966938,38966939,a,ag,1
NC_037331.1,NC_032653.1,37693022,38991082,38991084,A,AAG,2
NC_037331.1,NC_032653.1,37696314,38994376,38994382,G,GTGTCTT,6
NC_037331.1,NC_032653.1,37719558,39017418,39017425,a,aggagggt,7
NC_037331.1,NC_032653.1,37725795,39023660,39023661,t,ta,1
NC_037331.1,NC_032653.1,37727725,39025592,39025594,g,gaa,2
NC_037331.1,NC_032653.1,37735511,39033376,39033377,a,at,1
NC_037331.1,NC_032653.1,37764707,39062578,39062579,c,cg,1
NC_037331.1,NC_032653.1,37784907,39082789,39082791,T,TTC,2
NC_037331.1,NC_032653.1,37797692,39095576,39095577,C,CT,1
NC_037331.1,NC_032653.1,37871501,39169103,39169104,g,gt,1
NC_037331.1,NC_032653.1,37894365,39192655,39192656,T,TW,1
NC_037331.1,NC_032653.1,37898547,39196838,39196839,A,AT,1
NC_037331.1,NC_032653.1,37903142,39201435,39201436,G,GR,1
NC_037331.1,NC_032653.1,37909134,39207427,39207428,A,AM,1
NC_037331.1,NC_032653.1,37919937,39218237,39218238,g,gt,1
NC_037331.1,NC_032653.1,37920443,39218745,39218747,g,gtt,2
NC_037331.1,NC_032653.1,37982210,39280524,39280525,A,AC,1
NC_037331.1,NC_032653.1,37985243,39283559,39283560,g,ga,1
NC_037331.1,NC_032653.1,37989523,39287840,39287841,a,at,1
NC_037331.1,NC_032653.1,37990032,39288350,39288363,G,GTGTTCCAACTGTC,13
NC_037331.1,NC_032653.1,37994148,39292483,39292600,t,tagtggttttgatttggttTGATAGCTTAACNNNNNNNNNNNtttttgtgtgtctttttttttttcttctgatgtaTGGACCACACTTTTCTGATTCTTTACATATCTAAAGTTTttg,117
NC_037331.1,NC_032653.1,37996021,39294472,39294474,t,tta,2
NC_037331.1,NC_032653.1,37997895,39296252,39296254,a,agt,2
NC_037331.1,NC_032653.1,38005445,39303799,39303801,T,TTC,2
NC_037331.1,NC_032653.1,38007162,39305519,39305521,T,TNN,2
NC_037331.1,NC_032653.1,38016712,39315077,39315081,T,TCTAW,4
NC_037331.1,NC_032653.1,38040698,39339080,39339081,c,ca,1
NC_037331.1,NC_032653.1,38043096,39341466,39341467,c,ca,1
NC_037331.1,NC_032653.1,38044176,39342548,39342549,g,ga,1
NC_037331.1,NC_032653.1,38072840,39371091,39371092,c,ct,1
NC_037331.1,NC_032653.1,38077384,39375635,39375636,G,GT,1
NC_037331.1,NC_032653.1,38102305,39400724,39400725,g,gt,1
NC_037331.1,NC_032653.1,38102461,39400881,39400882,T,TA,1
NC_037331.1,NC_032653.1,38105881,39404292,39404324,g,gcYtccctgtccatcaccaactccgggagttca,32
NC_037331.1,NC_032653.1,38129075,39427526,39427528,t,tta,2
NC_037331.1,NC_032653.1,38134911,39433377,39433381,C,CTCTT,4
NC_037331.1,NC_032653.1,38137301,39435771,39435772,a,at,1
NC_037331.1,NC_032653.1,38146717,39445190,39445191,t,tg,1
NC_037331.1,NC_032653.1,38169483,39467961,39467962,g,ga,1
NC_037331.1,NC_032653.1,38179939,39478416,39478432,c,ccaaagaaaggcaatgt,16
NC_037331.1,NC_032653.1,38439478,39779267,39779276,T,TNNNNNNNNN,9
NC_037331.1,NC_032653.1,38466345,39806145,39806147,G,GAC,2
NC_037331.1,NC_032653.1,38468217,39808014,39808015,T,TA,1
NC_037331.1,NC_032653.1,38496089,39835889,39835890,a,at,1
NC_037331.1,NC_032653.1,38497222,39837023,39837041,a,atatatatatatatatatt,18
NC_037331.1,NC_032653.1,38584946,39924775,39924777,t,tta,2
NC_037331.1,NC_032653.1,38595299,39935610,39935613,c,ctct,3
NC_037331.1,NC_032653.1,38595311,39935625,39935626,t,tc,1
NC_037331.1,NC_032653.1,38605884,39945995,39946003,t,tacacacac,8
NC_037331.1,NC_032653.1,38630909,39971138,39971139,t,tY,1
NC_037331.1,NC_032653.1,38637901,39977671,39977673,A,ATT,2
NC_037331.1,NC_032653.1,38648858,39988615,39988616,T,TW,1
NC_037331.1,NC_032653.1,38656523,39996281,39996282,c,ct,1
NC_037331.1,NC_032653.1,38702165,40041940,40041941,G,GK,1
NC_037331.1,NC_032653.1,38714666,40054464,40054465,t,tc,1
NC_037331.1,NC_032653.1,38743359,40083159,40083160,G,GR,1
NC_037331.1,NC_032653.1,38745127,40084930,40084931,G,GR,1
NC_037331.1,NC_032653.1,38793937,40133723,40133724,C,CY,1
NC_037331.1,NC_032653.1,38839887,40179683,40179685,C,CCT,2
NC_037331.1,NC_032653.1,38870185,40258028,40258030,t,taa,2
NC_037331.1,NC_032653.1,38876314,40264167,40264168,t,ta,1
NC_037331.1,NC_032653.1,38881582,40269339,40269340,a,ag,1
NC_037331.1,NC_032653.1,38884918,40272687,40272688,g,gt,1
NC_037331.1,NC_032653.1,38903313,40205898,40205923,t,ttaaaagatattttaaaagtataaaa,25
NC_037331.1,NC_032653.1,38906034,40208632,40208634,a,act,2
NC_037331.1,NC_032653.1,38906904,40211749,40211751,A,AAT,2
NC_037331.1,NC_032653.1,38919795,40224643,40224644,t,ta,1
NC_037331.1,NC_032653.1,38987216,40368667,40368668,g,ga,1
NC_037331.1,NC_032653.1,38991737,40373190,40373193,C,CTTA,3
NC_037331.1,NC_032653.1,38999231,40380681,40380682,a,at,1
NC_037331.1,NC_032653.1,39100429,40481383,40481384,t,tc,1
NC_037331.1,NC_032653.1,39100444,40481399,40481400,t,tg,1
NC_037331.1,NC_032653.1,39111167,40492126,40492136,G,GTCTAAGGGAC,10
NC_037331.1,NC_032653.1,39241307,40635111,40635114,A,ATGC,3
NC_037331.1,NC_032653.1,39249375,40643177,40643178,A,AC,1
NC_037331.1,NC_032653.1,39262848,40656654,40656656,C,CTG,2
NC_037331.1,NC_032653.1,39275763,40669575,40669587,t,tNNNNNNNNNNNN,12
NC_037331.1,NC_032653.1,39277676,40671500,40671501,A,AR,1
NC_037331.1,NC_032653.1,39323421,40717268,40717269,t,tc,1
NC_037331.1,NC_032653.1,39329811,40723660,40723664,t,taaag,4
NC_037331.1,NC_032653.1,39329917,40723771,40723776,a,aataat,5
NC_037331.1,NC_032653.1,39335828,40729687,40729694,A,AGMAAGAT,7
NC_037331.1,NC_032653.1,39346406,40740289,40740290,a,ac,1
NC_037331.1,NC_032653.1,39356323,40750207,40750209,A,ACT,2
NC_037331.1,NC_032653.1,39356332,40750218,40750219,t,ta,1
NC_037331.1,NC_032653.1,39360231,40754119,40754122,g,gctt,3
NC_037331.1,NC_032653.1,39364408,40758299,40758300,A,AG,1
NC_037331.1,NC_032653.1,39365969,40759861,40759862,T,TY,1
NC_037331.1,NC_032653.1,39370293,40764054,40764056,t,tNN,2
NC_037331.1,NC_032653.1,39409807,40804514,40804518,t,tNNNN,4
NC_037331.1,NC_032653.1,39413452,40808164,40808177,c,cccaagacagacag,13
NC_037331.1,NC_032653.1,39468707,40865032,40865033,G,GA,1
NC_037331.1,NC_032653.1,39475410,40871735,40871736,a,at,1
NC_037331.1,NC_032653.1,39509725,40906051,40906052,A,AT,1
NC_037331.1,NC_032653.1,39536663,40932971,40932972,T,TC,1
NC_037331.1,NC_032653.1,39549820,40946143,40946149,t,tatNNNN,6
NC_037331.1,NC_032653.1,39569534,40965856,40965857,t,tW,1
NC_037331.1,NC_032653.1,39642545,41038443,41038444,t,ta,1
NC_037331.1,NC_032653.1,39645000,41040853,41040854,t,ta,1
NC_037331.1,NC_032653.1,39699831,41096477,41096479,a,aag,2
NC_037331.1,NC_032653.1,39726263,41122668,41122669,c,ct,1
NC_037331.1,NC_032653.1,39772226,41168425,41168426,a,at,1
NC_037331.1,NC_032653.1,39783206,41184857,41184858,t,tg,1
NC_037331.1,NC_032653.1,39816172,41217851,41217852,A,AM,1
NC_037331.1,NC_032653.1,39826594,41228284,41228285,C,CR,1
NC_037331.1,NC_032653.1,39838558,41239717,41239718,g,ga,1
NC_037331.1,NC_032653.1,39853743,41255891,41255892,g,gt,1
NC_037331.1,NC_032653.1,39870026,41272230,41272231,t,ta,1
NC_037331.1,NC_032653.1,39884415,41286623,41286631,t,tNNNNNNNN,8
NC_037331.1,NC_032653.1,39895516,41297592,41297594,t,tNN,2
NC_037331.1,NC_032653.1,40021963,41424345,41424346,G,GA,1
NC_037331.1,NC_032653.1,40294004,41697113,41697114,c,ct,1
NC_037331.1,NC_032653.1,40347592,41750407,41750409,a,aNN,2
NC_037331.1,NC_032653.1,40535418,41877677,41877679,G,GAR,2
NC_037331.1,NC_032653.1,40536955,41879216,41879219,a,atat,3
NC_037331.1,NC_032653.1,40539757,41882017,41882019,c,ctg,2
NC_037331.1,NC_032653.1,40553650,41895911,41895913,a,agT,2
NC_037331.1,NC_032653.1,40558147,41900411,41900412,A,AR,1
NC_037331.1,NC_032653.1,40563039,41905304,41905305,t,tg,1
NC_037331.1,NC_032653.1,40682999,42024986,42024987,C,CG,1
NC_037331.1,NC_032653.1,40708635,42050620,42050621,C,CA,1
NC_037331.1,NC_032653.1,40711013,42052998,42052999,g,ga,1
NC_037331.1,NC_032653.1,40720296,42062281,42062282,A,AW,1
NC_037331.1,NC_032653.1,40730956,42072947,42072948,a,aR,1
NC_037331.1,NC_032653.1,40736456,42078448,42078449,a,at,1
NC_037331.1,NC_032653.1,40769793,42111800,42111801,A,AG,1
NC_037331.1,NC_032653.1,40776325,42118988,42118990,c,ccg,2
NC_037331.1,NC_032653.1,40823368,42166060,42166061,A,AG,1
NC_037331.1,NC_032653.1,40878357,42221125,42221126,C,CT,1
NC_037331.1,NC_032653.1,40888580,42232037,42232038,T,TY,1
NC_037331.1,NC_032653.1,40888615,42232073,42232074,T,TA,1
NC_037331.1,NC_032653.1,40888625,42232084,42232085,G,GA,1
NC_037331.1,NC_032653.1,40888650,42232110,42232111,g,ga,1
NC_037331.1,NC_032653.1,40914129,42257598,42257599,T,TY,1
NC_037331.1,NC_032653.1,40921541,42265094,42265096,c,ctt,2
NC_037331.1,NC_032653.1,40940758,42284310,42284312,T,TAC,2
NC_037331.1,NC_032653.1,40944977,42289722,42289723,t,tc,1
NC_037331.1,NC_032653.1,40962746,42307470,42307495,c,caaggagatccaaccagtccatccta,25
NC_037331.1,NC_032653.1,40973082,42317832,42317833,t,tc,1
NC_037331.1,NC_032653.1,40993528,42338272,42338273,T,TM,1
NC_037331.1,NC_032653.1,41003829,42348574,42348576,g,gaa,2
NC_037331.1,NC_032653.1,41037113,42381461,42381462,G,GR,1
NC_037331.1,NC_032653.1,41048507,42392859,42392861,a,aat,2
NC_037331.1,NC_032653.1,41062814,42407173,42407174,T,TG,1
NC_037331.1,NC_032653.1,41081406,42425798,42425801,A,AACC,3
NC_037331.1,NC_032653.1,41140067,42484470,42484472,C,CTG,2
NC_037331.1,NC_032653.1,41147535,42491941,42491942,T,TA,1
NC_037331.1,NC_032653.1,41157580,42501992,42502014,t,tcctctggagaagggataggcta,22
NC_037331.1,NC_032653.1,41158010,42502442,42502444,T,TGC,2
NC_037331.1,NC_032653.1,41182372,42530326,42530332,t,ttatata,6
NC_037331.1,NC_032653.1,41182375,42530335,42530336,a,at,1
NC_037331.1,NC_032653.1,41187194,42535156,42535157,T,TA,1
NC_037331.1,NC_032653.1,41187969,42535929,42535930,G,GA,1
NC_037331.1,NC_032653.1,41189144,42537105,42537106,c,ca,1
NC_037331.1,NC_032653.1,41191053,42539013,42539015,C,CTA,2
NC_037331.1,NC_032653.1,41191696,42539658,42539663,t,ttttta,5
NC_037331.1,NC_032653.1,41192911,42540879,42540880,g,ga,1
NC_037331.1,NC_032653.1,41213886,42561865,42561866,A,AC,1
NC_037331.1,NC_032653.1,41214693,42562672,42562673,c,ct,1
NC_037331.1,NC_032653.1,41379524,42813029,42813031,t,taa,2
NC_037331.1,NC_032653.1,41440948,42874196,42874197,C,CA,1
NC_037331.1,NC_032653.1,41681636,43115646,43115647,T,TY,1
NC_037331.1,NC_032653.1,41691088,43125100,43125101,T,TC,1
NC_037331.1,NC_032653.1,41707317,43144973,43144974,g,gc,1
NC_037331.1,NC_032653.1,41739393,43177053,43177054,g,gt,1
NC_037331.1,NC_032653.1,41801630,43239580,43239581,g,ga,1
NC_037331.1,NC_032653.1,41843005,43284922,43284925,a,aaat,3
NC_037331.1,NC_032653.1,41864021,43306632,43306633,c,ct,1
NC_037331.1,NC_032653.1,41882355,43324971,43324972,a,at,1
NC_037331.1,NC_032653.1,41892151,43334776,43334777,t,tg,1
NC_037331.1,NC_032653.1,41896669,43339302,43339305,c,cctt,3
NC_037331.1,NC_032653.1,41964809,43407454,43407455,t,tN,1
NC_037331.1,NC_032653.1,41971644,43414292,43414293,T,TA,1
NC_037331.1,NC_032653.1,41983525,43426172,43426173,a,ag,1
NC_037331.1,NC_032653.1,41985396,43428044,43428046,t,tNN,2
NC_037331.1,NC_032653.1,41999475,43442126,43442128,T,TTC,2
NC_037331.1,NC_032653.1,42016594,43459248,43459254,A,ACTCAAG,6
NC_037331.1,NC_032653.1,42021788,43464447,43464448,t,tg,1
NC_037331.1,NC_032653.1,42092665,43535331,43535332,C,CA,1
NC_037331.1,NC_032653.1,42092705,43535372,43535373,C,CA,1
NC_037331.1,NC_032653.1,42097056,43539719,43539720,g,gc,1
NC_037331.1,NC_032653.1,42159924,43602819,43602821,T,TCG,2
NC_037331.1,NC_032653.1,42265142,43708908,43708909,A,AW,1
NC_037331.1,NC_032653.1,42310827,43809121,43809122,T,TK,1
NC_037331.1,NC_032653.1,42311820,43810108,43810109,C,CM,1
NC_037331.1,NC_032653.1,42319695,43817427,43817428,c,ct,1
NC_037331.1,NC_032653.1,42319695,43756155,43756156,c,ct,1
NC_037331.1,NC_032653.1,42483610,43944985,43944986,T,TC,1
NC_037331.1,NC_032653.1,42541227,44002438,44002441,t,taag,3
NC_037331.1,NC_032653.1,42677905,44139034,44139035,a,ac,1
NC_037331.1,NC_032653.1,42859313,44319292,44319298,A,AAATACT,6
NC_037331.1,NC_032653.1,42859374,44319359,44319360,T,TA,1
NC_037331.1,NC_032653.1,42860951,44320936,44320937,c,ct,1
NC_037331.1,NC_032653.1,42861724,44321706,44321707,C,CA,1
NC_037331.1,NC_032653.1,42884418,44344337,44344338,t,ta,1
NC_037331.1,NC_032653.1,42888642,44348567,44348568,g,ga,1
NC_037331.1,NC_032653.1,42889766,44349694,44349695,g,ga,1
NC_037331.1,NC_032653.1,42993072,44453427,44453432,T,TGGTTA,5
NC_037331.1,NC_032653.1,43074855,44633708,44633709,c,ct,1
NC_037331.1,NC_032653.1,43103410,44662263,44662264,t,tN,1
NC_037331.1,NC_032653.1,43143198,44704664,44704665,a,at,1
NC_037331.1,NC_032653.1,43149035,44710503,44710504,a,ag,1
NC_037331.1,NC_032653.1,43156373,44717843,44717844,A,AW,1
NC_037331.1,NC_032653.1,43175674,44737215,44737220,C,CTATTA,5
NC_037331.1,NC_032653.1,43416737,44978704,44978705,c,ca,1
NC_037331.1,NC_032653.1,43477390,45039362,45039363,t,tg,1
NC_037331.1,NC_032653.1,43518797,45080770,45080772,t,tNN,2
NC_037331.1,NC_032653.1,43751537,45314216,45314217,C,CA,1
NC_037331.1,NC_032653.1,43775722,45338963,45338965,A,ACC,2
NC_037331.1,NC_032653.1,43815412,45378687,45378688,G,GA,1
NC_037331.1,NC_032653.1,43917371,45481142,45481168,G,GAATCTCTTATAGCATTAAAAAGAACT,26
NC_037331.1,NC_032653.1,43925538,45489338,45489339,c,ct,1
NC_037331.1,NC_032653.1,43935054,45498960,45498961,A,AG,1
NC_037331.1,NC_032653.1,43970459,45534359,45534363,C,CTCTA,4
NC_037331.1,NC_032653.1,44005730,45569631,45569632,g,gt,1
NC_037331.1,NC_032653.1,44013241,45587703,45587704,C,CA,1
NC_037331.1,NC_032653.1,44053362,45627839,45627840,T,TG,1
NC_037331.1,NC_032653.1,44062237,45636708,45636709,c,ct,1
NC_037331.1,NC_032653.1,44084453,45658683,45658684,a,at,1
NC_037331.1,NC_032653.1,44088164,45662395,45662405,A,ATAGTAGATAC,10
NC_037331.1,NC_032653.1,44091319,45665560,45665561,G,GA,1
NC_037331.1,NC_032653.1,44190726,45764989,45764990,t,tN,1
NC_037331.1,NC_032653.1,44196427,45770692,45770693,c,ct,1
NC_037331.1,NC_032653.1,44226569,45800814,45800817,T,TAAG,3
NC_037331.1,NC_032653.1,44227303,45801551,45801553,c,cat,2
NC_037331.1,NC_032653.1,44242109,45816389,45816390,T,TW,1
NC_037331.1,NC_032653.1,44259988,45834299,45834306,C,CCAGAGTA,7
NC_037331.1,NC_032653.1,44260335,45834653,45834654,T,TY,1
NC_037331.1,NC_032653.1,44262686,45837005,45837006,C,CY,1
NC_037331.1,NC_032653.1,44299561,45873888,45873890,t,tga,2
NC_037331.1,NC_032653.1,44308353,45882680,45882681,A,AN,1
NC_037331.1,NC_032653.1,44308376,45882704,45882705,G,GT,1
NC_037331.1,NC_032653.1,44308381,45882710,45882711,C,CT,1
NC_037331.1,NC_032653.1,44378297,45952636,45952638,t,tca,2
NC_037331.1,NC_032653.1,44464295,46038637,46038638,T,TK,1
NC_037331.1,NC_032653.1,44531367,46107501,46107502,a,ag,1
NC_037331.1,NC_032653.1,44540863,46116999,46117001,A,AAG,2
NC_037331.1,NC_032653.1,44549527,46125667,46125669,a,aat,2
NC_037331.1,NC_032653.1,44606466,46200374,46200375,c,ct,1
NC_037331.1,NC_032653.1,44682092,46276604,46276605,t,ta,1
NC_037331.1,NC_032653.1,44689354,46283860,46283866,t,tNNNNNN,6
NC_037331.1,NC_032653.1,44692656,46287161,46287162,T,TA,1
NC_037331.1,NC_032653.1,44702257,46296760,46296761,A,AC,1
NC_037331.1,NC_032653.1,44706751,46301253,46301254,a,ac,1
NC_037331.1,NC_032653.1,44707846,46379732,46379733,C,CA,1
NC_037331.1,NC_032653.1,44775920,46454984,46454999,T,TCtaaatgtttaaatc,15
NC_037331.1,NC_032653.1,44778224,46457299,46457300,a,ag,1
NC_037331.1,NC_032653.1,44783004,46462076,46462077,a,ag,1
NC_037331.1,NC_032653.1,44785283,46464344,46464345,A,AC,1
NC_037331.1,NC_032653.1,44803483,46482565,46482566,a,aN,1
NC_037331.1,NC_032653.1,44817959,46497045,46497059,T,TGACTGGAGCTAGTG,14
NC_037331.1,NC_032653.1,44817963,46497063,46497064,C,CA,1
NC_037331.1,NC_032653.1,44817974,46497075,46497083,c,caaaaaaaa,8
NC_037331.1,NC_032653.1,45137775,46920642,46920648,a,acNNNNN,6
NC_037331.1,NC_032653.1,45188456,46971303,46971304,c,ca,1
NC_037331.1,NC_032653.1,45188502,46971350,46971351,g,ga,1
NC_037331.1,NC_032653.1,45218389,47001239,47001240,a,at,1
NC_037331.1,NC_032653.1,45220989,47003840,47003841,T,TA,1
NC_037331.1,NC_032653.1,45224287,47007139,47007141,g,gaa,2
NC_037331.1,NC_032653.1,45270799,47133103,47133104,a,ag,1
NC_037331.1,NC_032653.1,45292518,47154825,47154826,A,AW,1
NC_037331.1,NC_032653.1,45310363,47172675,47172680,a,agtttt,5
NC_037331.1,NC_032653.1,45468693,47342510,47342519,a,aagaatacac,9
NC_037331.1,NC_032653.1,45511576,47385288,47385289,G,GT,1
NC_037331.1,NC_032653.1,45511578,47385291,47385293,C,CTA,2
NC_037331.1,NC_032653.1,45649663,47526586,47526589,c,caaa,3
NC_037331.1,NC_032653.1,45655467,47532389,47532391,t,tNN,2
NC_037331.1,NC_032653.1,45696375,47573097,47573098,G,GA,1
NC_037331.1,NC_032653.1,45707118,47583837,47583839,G,GGT,2
NC_037331.1,NC_032653.1,45709817,47586533,47586534,T,TA,1
NC_037331.1,NC_032653.1,45710710,47587427,47587428,G,GA,1
NC_037331.1,NC_032653.1,45733336,47610053,47610055,A,AGN,2
NC_037331.1,NC_032653.1,45758997,47635709,47635730,g,gcctcctgtacaatgtcacgaa,21
NC_037331.1,NC_032653.1,45761944,47638677,47638678,a,ac,1
NC_037331.1,NC_032653.1,45764049,47640781,47640782,C,CT,1
NC_037331.1,NC_032653.1,45765879,47642616,47642620,T,TAYTC,4
NC_037331.1,NC_032653.1,45790200,47666927,47666928,C,CT,1
NC_037331.1,NC_032653.1,45893850,47768189,47768190,t,tN,1
NC_037331.1,NC_032653.1,45932337,47807517,47807534,g,gggGGGCATANNNNNNNN,17
NC_037331.1,NC_032653.1,45932431,47807635,47807636,g,gt,1
NC_037331.1,NC_032653.1,46030548,47905759,47905761,A,AAC,2
NC_037331.1,NC_032653.1,46031049,47906262,47906263,a,ac,1
NC_037331.1,NC_032653.1,46073001,47948214,47948215,a,at,1
NC_037331.1,NC_032653.1,46076715,47951932,47951935,T,TGTC,3
NC_037331.1,NC_032653.1,46150680,48025897,48025901,a,aagag,4
NC_037331.1,NC_032653.1,46162270,48037780,48037782,A,ATR,2
NC_037331.1,NC_032653.1,46238828,48114356,48114358,c,ctt,2
NC_037331.1,NC_032653.1,46289539,48165073,48165075,t,tcA,2
NC_037331.1,NC_032653.1,46301680,48177214,48177215,g,gc,1
NC_037331.1,NC_032653.1,46315766,48191301,48191304,C,CCAG,3
NC_037331.1,NC_032653.1,46639532,48514525,48514526,G,GA,1
NC_037331.1,NC_032653.1,46650278,48525274,48525275,c,cN,1
NC_037331.1,NC_032653.1,46683839,48558854,48558860,c,cacacat,6
NC_037331.1,NC_032653.1,46689105,48564126,48564127,C,CT,1
NC_037331.1,NC_032653.1,46738323,48613341,48613342,A,AW,1
NC_037331.1,NC_032653.1,46831336,48706493,48706494,G,GK,1
NC_037331.1,NC_032653.1,46838652,48713811,48713812,G,GA,1
NC_037331.1,NC_032653.1,46917535,48792930,48792932,C,CCT,2
NC_037331.1,NC_032653.1,46973779,48849179,48849180,t,ta,1
NC_037331.1,NC_032653.1,47014219,48885743,48885744,t,tY,1
NC_037331.1,NC_032653.1,47032240,48903557,48903558,C,CA,1
NC_037331.1,NC_032653.1,47100954,48972277,48972281,T,TGTCG,4
NC_037331.1,NC_032653.1,47156613,49027924,49027926,C,CAG,2
NC_037331.1,NC_032653.1,47162539,49033853,49033854,t,tW,1
NC_037331.1,NC_032653.1,47166390,49037703,49037704,a,at,1
NC_037331.1,NC_032653.1,47173962,49045456,49045458,a,aat,2
NC_037331.1,NC_032653.1,47173962,49051589,49051591,a,aat,2
NC_037331.1,NC_032653.1,47210394,49087761,49087762,G,GK,1
NC_037331.1,NC_032653.1,47230745,49108116,49108121,G,GTAGCC,5
NC_037331.1,NC_032653.1,47322727,49200121,49200126,A,ATTACT,5
NC_037331.1,NC_032653.1,47337177,49214575,49214579,G,GTATC,4
NC_037331.1,NC_032653.1,47383352,49260762,49260763,a,at,1
NC_037331.1,NC_032653.1,47385104,49262515,49262517,c,cat,2
NC_037331.1,NC_032653.1,47394083,49271495,49271496,G,GA,1
NC_037331.1,NC_032653.1,47405377,49282790,49282793,g,gcat,3
NC_037331.1,NC_032653.1,47409841,49287257,49287258,c,ca,1
NC_037331.1,NC_032653.1,47466230,49343654,49343657,T,TGAA,3
NC_037331.1,NC_032653.1,47488936,49366371,49366373,A,AAT,2
NC_037331.1,NC_032653.1,47490529,49367968,49367971,a,aaac,3
NC_037331.1,NC_032653.1,47494195,49371640,49371655,G,GGACTAGGATAGGTCA,15
NC_037331.1,NC_032653.1,47500721,49378173,49378177,A,AAAGG,4
NC_037331.1,NC_032653.1,47500872,49378328,49378329,a,ac,1
NC_037331.1,NC_032653.1,47503035,49380511,49380513,C,CTS,2
NC_037331.1,NC_032653.1,47504474,49381955,49381961,a,aggaaat,6
NC_037331.1,NC_032653.1,47521726,49399221,49399222,t,ta,1
NC_037331.1,NC_032653.1,47530079,49407576,49407578,a,aag,2
NC_037331.1,NC_032653.1,47533021,49410518,49410519,T,TA,1
NC_037331.1,NC_032653.1,47538682,49416184,49416185,a,at,1
NC_037331.1,NC_032653.1,47568214,49446186,49446188,c,cat,2
NC_037331.1,NC_032653.1,47658328,49539410,49539413,t,ttaa,3
NC_037331.1,NC_032653.1,47722210,49603385,49603386,t,tc,1
NC_037331.1,NC_032653.1,47722737,49603957,49603958,G,GC,1
NC_037331.1,NC_032653.1,47782035,49658903,49658905,a,act,2
NC_037331.1,NC_032653.1,47861685,49737912,49737915,a,accc,3
NC_037331.1,NC_032653.1,47876626,49789461,49789462,a,at,1
NC_037331.1,NC_032653.1,47896311,49809268,49809269,g,gc,1
NC_037331.1,NC_032653.1,47896373,49809331,49809332,a,at,1
NC_037331.1,NC_032653.1,47896760,49809717,49809718,a,at,1
NC_037331.1,NC_032653.1,47898757,49811750,49811751,c,ca,1
NC_037331.1,NC_032653.1,48098199,50044556,50044559,a,atgg,3
NC_037331.1,NC_032653.1,48227981,50208379,50208380,G,GT,1
NC_037331.1,NC_032653.1,48249636,50231905,50231907,T,TTC,2
NC_037331.1,NC_032653.1,48250714,50232985,50232986,a,ac,1
NC_037331.1,NC_032653.1,48290596,50273107,50273108,T,TY,1
NC_037331.1,NC_032653.1,48293309,50275851,50275862,A,AGTTAACTRAGR,11
NC_037331.1,NC_032653.1,48298558,50281112,50281114,C,CAG,2
NC_037331.1,NC_032653.1,48307698,50290256,50290258,t,taa,2
NC_037331.1,NC_032653.1,48309467,50292114,50292116,A,AAC,2
NC_037331.1,NC_032653.1,48345676,50328332,50328333,G,GA,1
NC_037331.1,NC_032653.1,48345685,50328342,50328343,G,GA,1
NC_037331.1,NC_032653.1,48442734,50425005,50425006,a,aM,1
NC_037331.1,NC_032653.1,48475038,50456983,50456984,t,tc,1
NC_037331.1,NC_032653.1,48559868,50541848,50541849,C,CW,1
NC_037331.1,NC_032653.1,48620277,50602297,50602298,c,ct,1
NC_037331.1,NC_032653.1,48638527,50620339,50620340,t,tc,1
NC_037331.1,NC_032653.1,48638719,50620532,50620533,t,ta,1
NC_037331.1,NC_032653.1,48644304,50626121,50626122,G,GT,1
NC_037331.1,NC_032653.1,48656470,50638269,50638270,A,AG,1
NC_037331.1,NC_032653.1,48729981,50711615,50711623,a,aNNNNNNNN,8
NC_037331.1,NC_032653.1,48843058,50824742,50824745,C,CATT,3
NC_037331.1,NC_032653.1,48850203,50836758,50836759,t,tY,1
NC_037331.1,NC_032653.1,48855076,50841633,50841634,c,ct,1
NC_037331.1,NC_032653.1,48935914,50916403,50916405,c,ctg,2
NC_037331.1,NC_032653.1,48951910,50931901,50931902,T,TC,1
NC_037331.1,NC_032653.1,48975052,50955046,50955048,A,ATT,2
NC_037331.1,NC_032653.1,49024885,51005030,51005034,t,tNNaa,4
NC_037331.1,NC_032653.1,49029176,51009327,51009328,c,ct,1
NC_037331.1,NC_032653.1,49083354,51063513,51063523,t,tNNNNNNNNNN,10
NC_037331.1,NC_032653.1,49092987,51073156,51073157,c,ca,1
NC_037331.1,NC_032653.1,49094623,51074802,51074803,A,AT,1
NC_037331.1,NC_032653.1,49102726,51082883,51082898,T,TTTTTGGCCTCTGAAG,15
NC_037331.1,NC_032653.1,49109222,51089385,51089386,t,ta,1
NC_037331.1,NC_032653.1,49109837,51090001,51090002,A,AT,1
NC_037331.1,NC_032653.1,49114772,51094948,51094949,t,ta,1
NC_037331.1,NC_032653.1,49118257,51098437,51098438,t,tg,1
NC_037331.1,NC_032653.1,49118324,51098505,51098510,g,gactga,5
NC_037331.1,NC_032653.1,49128430,51108623,51108627,a,aatat,4
NC_037331.1,NC_032653.1,49138976,51119624,51119628,A,ATAAT,4
NC_037331.1,NC_032653.1,49165851,51146505,51146507,A,AAT,2
NC_037331.1,NC_032653.1,49178414,51159075,51159076,g,gt,1
NC_037331.1,NC_032653.1,49330152,51309546,51309547,a,ag,1
NC_037331.1,NC_032653.1,49343525,51322924,51322926,c,ctt,2
NC_037331.1,NC_032653.1,49349993,51329394,51329395,A,AW,1
NC_037331.1,NC_032653.1,49351329,51330731,51330732,t,tc,1
NC_037331.1,NC_032653.1,49353462,51332861,51332862,t,tc,1
NC_037331.1,NC_032653.1,49451918,51431328,51431329,C,CT,1
NC_037331.1,NC_032653.1,49462446,51441857,51441859,G,GGK,2
NC_037331.1,NC_032653.1,49483109,51462519,51462521,t,tta,2
NC_037331.1,NC_032653.1,49535813,51515236,51515237,T,TA,1
NC_037331.1,NC_032653.1,49537731,51517156,51517158,G,GCC,2
NC_037331.1,NC_032653.1,49541500,51520928,51520929,t,tg,1
NC_037331.1,NC_032653.1,49623369,51602797,51602798,c,ca,1
NC_037331.1,NC_032653.1,49682139,51661558,51661560,T,TTC,2
NC_037331.1,NC_032653.1,49715382,51693888,51693889,a,at,1
NC_037331.1,NC_032653.1,49838975,51814681,51814687,t,tagcagc,6
NC_037331.1,NC_032653.1,50019887,51995887,51995890,G,GGGA,3
NC_037331.1,NC_032653.1,50044550,52020581,52020582,t,tg,1
NC_037331.1,NC_032653.1,50053615,52029632,52029638,c,cgttttt,6
NC_037331.1,NC_032653.1,50090250,52059808,52059810,G,GTC,2
NC_037331.1,NC_032653.1,50100245,52069784,52069786,t,ttc,2
NC_037331.1,NC_032653.1,50114333,52083995,52083996,t,ta,1
NC_037331.1,NC_032653.1,50120168,52089832,52089835,t,tctc,3
NC_037331.1,NC_032653.1,50120616,52090283,52090284,G,GA,1
NC_037331.1,NC_032653.1,50122990,52092659,52092660,a,at,1
NC_037331.1,NC_032653.1,50136377,52106046,52106047,G,GA,1
NC_037331.1,NC_032653.1,50165515,52150200,52150203,C,CTCG,3
NC_037331.1,NC_032653.1,50167954,52152642,52152643,G,GT,1
NC_037331.1,NC_032653.1,50169315,52154004,52154006,A,AAG,2
NC_037331.1,NC_032653.1,50174937,52159627,52159628,g,gt,1
NC_037331.1,NC_032653.1,50179257,52163950,52163951,G,GA,1
NC_037331.1,NC_032653.1,50209206,52199656,52199659,t,tgtc,3
NC_037331.1,NC_032653.1,50209975,52200428,52200429,c,ca,1
NC_037331.1,NC_032653.1,50243773,52234219,52234220,G,GA,1
NC_037331.1,NC_032653.1,50254608,52245058,52245059,a,aN,1
NC_037331.1,NC_032653.1,50334429,52324554,52324561,T,TCCCTGGG,7
NC_037331.1,NC_032653.1,50341043,52331172,52331175,t,tttg,3
NC_037331.1,NC_032653.1,50347748,52337882,52337883,C,CY,1
NC_037331.1,NC_032653.1,50363968,52354096,52354109,c,catgaaagtgaaaa,13
NC_037331.1,NC_032653.1,50368690,52358832,52358833,t,ta,1
NC_037331.1,NC_032653.1,50398071,52388209,52388213,c,ctctg,4
NC_037331.1,NC_032653.1,50398181,52388323,52388325,a,att,2
NC_037331.1,NC_032653.1,50960275,52968986,52968987,T,TA,1
NC_037331.1,NC_032653.1,50979707,52988423,52988424,t,tg,1
NC_037331.1,NC_032653.1,51091401,53095587,53095590,t,tagc,3
NC_037331.1,NC_032653.1,51097114,53101303,53101304,c,ct,1
NC_037331.1,NC_032653.1,51116703,53120906,53120907,A,AC,1
NC_037331.1,NC_032653.1,51182312,53186509,53186510,g,gt,1
NC_037331.1,NC_032653.1,51406956,53411452,53411453,T,TA,1
NC_037331.1,NC_032653.1,51446411,53501034,53501038,a,ataat,4
NC_037331.1,NC_032653.1,51461684,53516315,53516316,g,gN,1
NC_037331.1,NC_032653.1,51467602,53522236,53522237,c,ca,1
NC_037331.1,NC_032653.1,51467602,53471256,53471257,c,ca,1
NC_037331.1,NC_032653.1,51489003,53546218,53546219,T,TA,1
NC_037331.1,NC_032653.1,51557527,53614803,53614805,G,GCT,2
NC_037331.1,NC_032653.1,51608435,53695885,53695886,A,AC,1
NC_037331.1,NC_032653.1,51655033,53742725,53742727,A,AAC,2
NC_037331.1,NC_032653.1,51684002,53771709,53771710,t,tc,1
NC_037331.1,NC_032653.1,51684731,53772439,53772441,C,CCA,2
NC_037331.1,NC_032653.1,51764664,53852432,53852435,C,CTGA,3
NC_037331.1,NC_032653.1,51869493,53956692,53956693,A,AT,1
NC_037331.1,NC_032653.1,51906833,53993978,53993981,T,TAAA,3
NC_037331.1,NC_032653.1,51966007,54053179,54053180,t,ta,1
NC_037331.1,NC_032653.1,52161452,54300724,54300725,t,ta,1
NC_037331.1,NC_032653.1,52242298,54382235,54382237,c,ctN,2
NC_037331.1,NC_032653.1,52258960,54400753,54400754,t,tN,1
NC_037331.1,NC_032653.1,52325912,54470001,54470010,t,tgtcttgtac,9
NC_037331.1,NC_032653.1,52370644,54494956,54494959,A,AAAT,3
NC_037331.1,NC_032653.1,52393486,54517846,54517858,g,gtacatatatata,12
NC_037331.1,NC_032653.1,52426841,54582049,54582051,G,GGT,2
NC_037331.1,NC_032653.1,52434157,54589362,54589363,t,tc,1
NC_037331.1,NC_032653.1,52438323,54593529,54593534,G,GCATTK,5
NC_037331.1,NC_032653.1,52441849,54597067,54597068,A,AT,1
NC_037331.1,NC_032653.1,52442080,54597299,54597300,C,CT,1
NC_037331.1,NC_032653.1,52444536,54599755,54599756,T,TC,1
NC_037331.1,NC_032653.1,52589837,54775878,54775879,C,CT,1
NC_037331.1,NC_032653.1,52589844,54775886,54775887,A,AT,1
NC_037331.1,NC_032653.1,52589891,54775934,54775935,T,TA,1
NC_037331.1,NC_032653.1,52592095,54778166,54778167,C,CY,1
NC_037331.1,NC_032653.1,52614262,54800335,54800336,C,CT,1
NC_037331.1,NC_032653.1,52657127,54843201,54843205,A,AAGTC,4
NC_037331.1,NC_032653.1,52658582,54844654,54844655,g,ga,1
NC_037331.1,NC_032653.1,52690944,54877026,54877027,a,at,1
NC_037331.1,NC_032653.1,52795502,54981079,54981081,a,aNN,2
NC_037331.1,NC_032653.1,52826673,55013394,55013395,A,AT,1
NC_037331.1,NC_032653.1,52834994,55021717,55021720,C,CACT,3
NC_037331.1,NC_032653.1,52928125,55114653,55114654,A,AC,1
NC_037331.1,NC_032653.1,52940314,55126841,55126843,t,taa,2
NC_037331.1,NC_032653.1,52955219,55141748,55141749,t,tW,1
NC_037331.1,NC_032653.1,52969242,55155775,55155778,A,AACT,3
NC_037331.1,NC_032653.1,52970184,55156720,55156726,c,ctctttg,6
NC_037331.1,NC_032653.1,52970206,55156748,55156763,g,gtctgccaggctcctc,15
NC_037331.1,NC_032653.1,52971963,55158521,55158526,a,aaagag,5
NC_037331.1,NC_032653.1,52991054,55177770,55177772,T,TAA,2
NC_037331.1,NC_032653.1,53033055,55219772,55219773,A,AT,1
NC_037331.1,NC_032653.1,53068507,55255227,55255228,g,gt,1
NC_037331.1,NC_032653.1,53091512,55278236,55278237,a,ac,1
NC_037331.1,NC_032653.1,53100897,55287620,55287629,g,gcttttacca,9
NC_037331.1,NC_032653.1,53243589,55430382,55430383,T,TC,1
NC_037331.1,NC_032653.1,53247948,55434740,55434742,C,CTG,2
NC_037331.1,NC_032653.1,53412085,55598897,55598965,A,ATGNNNNNNNNNNNNNNNNNNNNNNNNNNNNNNNNNNNNNNNNNNNNNNNNNNNNNNNNNNNNNNNNNN,68
NC_037331.1,NC_032653.1,53485655,55672504,55672505,C,CA,1
NC_037331.1,NC_032653.1,53509865,55696694,55696696,A,ACT,2
NC_037331.1,NC_032653.1,53546404,55733241,55733242,t,ta,1
NC_037331.1,NC_032653.1,53653164,55839568,55839593,g,gcAAGANNNNNNNNNNNNNNNNNNNN,25
NC_037331.1,NC_032653.1,53655611,55842040,55842041,t,tg,1
NC_037331.1,NC_032653.1,53663636,55850046,55850047,g,ga,1
NC_037331.1,NC_032653.1,53669000,55855410,55855411,G,GK,1
NC_037331.1,NC_032653.1,53670018,55856425,55856428,g,gaaa,3
NC_037331.1,NC_032653.1,53688246,55874641,55874642,G,GC,1
NC_037331.1,NC_032653.1,53701499,55887882,55887883,C,CT,1
NC_037331.1,NC_032653.1,53723789,55909768,55909771,t,ttgg,3
NC_037331.1,NC_032653.1,53752397,55938297,55938306,G,GGTCTCTAAA,9
NC_037331.1,NC_032653.1,53756169,55942077,55942086,G,GCTCCCAGCC,9
NC_037331.1,NC_032653.1,53758836,55944751,55944752,T,TC,1
NC_037331.1,NC_032653.1,53807567,55993207,55993208,c,ca,1
NC_037331.1,NC_032653.1,53893666,56079309,56079324,a,acagttcagttcagtt,15
NC_037331.1,NC_032653.1,54024235,56209786,56209787,a,at,1
NC_037331.1,NC_032653.1,54097447,56282855,56282858,A,ACAG,3
NC_037331.1,NC_032653.1,54178601,56363130,56363131,T,TK,1
NC_037331.1,NC_032653.1,54192239,56376781,56376783,a,aat,2
NC_037331.1,NC_032653.1,54358419,56542041,56542042,a,ac,1
NC_037331.1,NC_032653.1,54375687,56603952,56603953,G,GA,1
NC_037331.1,NC_032653.1,54448957,56675805,56675806,C,CT,1
NC_037331.1,NC_032653.1,54463929,56690775,56690777,t,taa,2
NC_037331.1,NC_032653.1,54519144,56745993,56745994,A,AT,1
NC_037331.1,NC_032653.1,54535509,56762360,56762361,g,gR,1
NC_037331.1,NC_032653.1,54617766,56844629,56844630,G,GS,1
NC_037331.1,NC_032653.1,54654109,56881186,56881187,a,ac,1
NC_037331.1,NC_032653.1,55017411,57326157,57326158,A,AT,1
NC_037331.1,NC_032653.1,55046442,57355325,57355326,c,ct,1
NC_037331.1,NC_032653.1,55076592,57385478,57385479,T,TA,1
NC_037331.1,NC_032653.1,55160861,57473611,57473612,A,AC,1
NC_037331.1,NC_032653.1,55179409,57492163,57492164,t,tg,1
NC_037331.1,NC_032653.1,55222925,57492722,57492723,t,ta,1
NC_037331.1,NC_032653.1,55291268,57561095,57561096,a,aN,1
NC_037331.1,NC_032653.1,55313649,57583478,57583479,a,ag,1
NC_037331.1,NC_032653.1,55355711,57625430,57625431,c,ca,1
NC_037331.1,NC_032653.1,55355718,57625438,57625439,g,ga,1
NC_037331.1,NC_032653.1,55358219,57627941,57627942,t,ta,1
NC_037331.1,NC_032653.1,55361113,57630840,57630841,g,ga,1
NC_037331.1,NC_032653.1,55361148,57630876,57630878,C,CGA,2
NC_037331.1,NC_032653.1,55372430,57642164,57642165,A,AC,1
NC_037331.1,NC_032653.1,55373691,57643421,57643423,c,caa,2
NC_037331.1,NC_032653.1,55375206,57644941,57644945,T,TCAAA,4
NC_037331.1,NC_032653.1,55383015,57653989,57653996,t,taaaaaaa,7
NC_037331.1,NC_032653.1,55385927,57656913,57656914,a,ag,1
NC_037331.1,NC_032653.1,55386693,57657680,57657683,a,acac,3
NC_037331.1,NC_032653.1,55386750,57657740,57657741,c,ca,1
NC_037331.1,NC_032653.1,55386775,57657766,57657767,g,ga,1
NC_037331.1,NC_032653.1,55386853,57657845,57657850,g,gaagga,5
NC_037331.1,NC_032653.1,55489422,57762472,57762482,t,tttttttttta,10
NC_037331.1,NC_032653.1,55626727,57899788,57899789,t,tg,1
NC_037331.1,NC_032653.1,55668621,57942341,57942342,t,ta,1
NC_037331.1,NC_032653.1,55680131,57953850,57953852,T,TNN,2
NC_037331.1,NC_032653.1,55816810,58090540,58090541,c,ca,1
NC_037331.1,NC_032653.1,55890797,58164527,58164529,c,ctg,2
NC_037331.1,NC_032653.1,56054853,58328583,58328584,A,AG,1
NC_037331.1,NC_032653.1,56057259,58330990,58330991,c,ct,1
NC_037331.1,NC_032653.1,56082326,58356058,58356059,A,AW,1
NC_037331.1,NC_032653.1,56122331,58396064,58396065,t,ta,1
NC_037331.1,NC_032653.1,56180683,58454408,58454410,t,tta,2
NC_037331.1,NC_032653.1,56216785,58490148,58490149,C,CT,1
NC_037331.1,NC_032653.1,56264295,58538102,58538108,G,GCCCTCN,6
NC_037331.1,NC_032653.1,56301210,58574915,58574916,t,tg,1
NC_037331.1,NC_032653.1,56315980,58589686,58589689,T,TTTG,3
NC_037331.1,NC_032653.1,56316029,58589738,58589739,A,AR,1
NC_037331.1,NC_032653.1,56337692,58611325,58611326,C,CT,1
NC_037331.1,NC_032653.1,56494552,58767840,58767841,t,tg,1
NC_037331.1,NC_032653.1,56691764,58877890,58877891,T,TY,1
NC_037331.1,NC_032653.1,56694302,58880429,58880434,t,tagcag,5
NC_037331.1,NC_032653.1,56694304,58880436,58880443,c,ccaaggga,7
NC_037331.1,NC_032653.1,56703781,58890275,58890303,t,tgaaattaaaagacactggcttcttggag,28
NC_037331.1,NC_032653.1,56765612,58952083,58952084,a,at,1
NC_037331.1,NC_032653.1,56820827,59007313,59007314,A,AT,1
NC_037331.1,NC_032653.1,56845876,59032347,59032348,G,GA,1
NC_037331.1,NC_032653.1,56853732,59040389,59040390,c,ct,1
NC_037331.1,NC_032653.1,56856636,59043294,59043295,A,AG,1
NC_037331.1,NC_032653.1,56859119,59045778,59045779,c,ct,1
NC_037331.1,NC_032653.1,56865311,59051970,59051971,t,tg,1
NC_037331.1,NC_032653.1,56908156,59094823,59094824,T,TC,1
NC_037331.1,NC_032653.1,56951742,59138390,59138391,t,tY,1
NC_037331.1,NC_032653.1,56963289,59149337,59149340,t,tctg,3
NC_037331.1,NC_032653.1,56984533,59170588,59170590,t,tNN,2
NC_037331.1,NC_032653.1,57016379,59202502,59202503,c,ct,1
NC_037331.1,NC_032653.1,57016893,59203018,59203019,c,ct,1
NC_037331.1,NC_032653.1,57017034,59203161,59203162,T,TA,1
NC_037331.1,NC_032653.1,57017185,59203313,59203317,A,AGAAT,4
NC_037331.1,NC_032653.1,57022731,59208861,59208862,g,gt,1
NC_037331.1,NC_032653.1,57047239,59233387,59233388,A,AT,1
NC_037331.1,NC_032653.1,57050829,59236979,59236980,G,GC,1
NC_037331.1,NC_032653.1,57055779,59241922,59241923,t,ta,1
NC_037331.1,NC_032653.1,57061962,59248104,59248108,T,TTCTC,4
NC_037331.1,NC_032653.1,57064851,59251001,59251002,G,GT,1
NC_037331.1,NC_032653.1,57122978,59308854,59308877,T,TNNNNNNNNNNNNNNNNNNNNNNN,23
NC_037331.1,NC_032653.1,57268015,59477194,59477208,t,tatatatatatatac,14
NC_037331.1,NC_032653.1,57430394,59429422,59429425,A,AAGT,3
NC_037331.1,NC_032653.1,57574809,59758714,59758715,A,AG,1
NC_037331.1,NC_032653.1,57591544,59775458,59775459,C,CN,1
NC_037331.1,NC_032653.1,57591557,59775472,59775473,C,CT,1
NC_037331.1,NC_032653.1,57604658,59788535,59788536,T,TC,1
NC_037331.1,NC_032653.1,57617908,59801803,59801804,t,ta,1
NC_037331.1,NC_032653.1,57617928,59801824,59801825,a,at,1
NC_037331.1,NC_032653.1,57618755,59802652,59802653,c,ct,1
NC_037331.1,NC_032653.1,57641493,59825404,59825406,g,gat,2
NC_037331.1,NC_032653.1,57661643,59845557,59845560,g,gaaa,3
NC_037331.1,NC_032653.1,57669964,59853878,59853880,T,TGA,2
NC_037331.1,NC_032653.1,57780618,59964353,59964354,g,ga,1
NC_037331.1,NC_032653.1,57812803,59996562,59996563,g,gN,1
NC_037331.1,NC_032653.1,57858683,60042393,60042395,a,aac,2
NC_037331.1,NC_032653.1,57909327,60090365,60090366,T,TG,1
NC_037331.1,NC_032653.1,57968288,60149327,60149328,t,tW,1
NC_037331.1,NC_032653.1,57992466,60173521,60173522,a,at,1
NC_037331.1,NC_032653.1,57999424,60180498,60180499,a,at,1
NC_037331.1,NC_032653.1,58036634,60217717,60217721,c,caaaa,4
NC_037331.1,NC_032653.1,58053576,60235610,60235612,C,CTM,2
NC_037331.1,NC_032653.1,58061340,60243372,60243373,a,aN,1
NC_037331.1,NC_032653.1,58087085,60269130,60269133,t,ttaa,3
NC_037331.1,NC_032653.1,58092681,60274733,60274735,A,ACG,2
NC_037331.1,NC_032653.1,58288303,60470473,60470474,g,gt,1
NC_037331.1,NC_032653.1,58334747,60516994,60516996,g,ggt,2
NC_037331.1,NC_032653.1,58368548,60535225,60535226,t,ta,1
NC_037331.1,NC_032653.1,58659420,60828936,60828937,A,AG,1
NC_037331.1,NC_032653.1,58660005,60829511,60829512,G,GS,1
NC_037331.1,NC_032653.1,58695705,60864976,60864977,c,ca,1
NC_037331.1,NC_032653.1,58696554,60865826,60865830,T,TAGTC,4
NC_037331.1,NC_032653.1,58871043,61067618,61067622,a,aNNNN,4
NC_037331.1,NC_032653.1,58879596,61076177,61076178,a,ac,1
NC_037331.1,NC_032653.1,58941881,61141804,61141806,A,ATT,2
NC_037331.1,NC_032653.1,58964108,61163912,61163914,A,AAG,2
NC_037331.1,NC_032653.1,58973617,61175107,61175108,t,ta,1
NC_037331.1,NC_032653.1,59013550,61215038,61215040,c,ctt,2
NC_037331.1,NC_032653.1,59013568,61215058,61215059,c,ct,1
NC_037331.1,NC_032653.1,59023463,61224950,61224951,a,ag,1
NC_037331.1,NC_032653.1,59024229,61225717,61225721,t,tggga,4
NC_037331.1,NC_032653.1,59030607,61232096,61232097,a,ag,1
NC_037331.1,NC_032653.1,59031033,61232522,61232524,t,tgg,2
NC_037331.1,NC_032653.1,59041075,61248211,61248212,a,at,1
NC_037331.1,NC_032653.1,59053695,61262297,61262298,T,TC,1
NC_037331.1,NC_032653.1,59063820,61272410,61272411,t,ta,1
NC_037331.1,NC_032653.1,59065724,61274274,61274276,A,AAG,2
NC_037331.1,NC_032653.1,59066253,61274807,61274808,a,at,1
NC_037331.1,NC_032653.1,59073349,61281856,61281857,c,ca,1
NC_037331.1,NC_032653.1,59074261,61282769,61282772,A,AGGR,3
NC_037331.1,NC_032653.1,59076760,61285267,61285268,c,ct,1
NC_037331.1,NC_032653.1,59095328,61303843,61303846,A,ATCT,3
NC_037331.1,NC_032653.1,59098268,61306786,61306792,t,tagcagc,6
NC_037331.1,NC_032653.1,59106413,61314937,61314938,t,ta,1
NC_037331.1,NC_032653.1,59107679,61316454,61316456,t,taa,2
NC_037331.1,NC_032653.1,59108464,61317241,61317242,c,ca,1
NC_037331.1,NC_032653.1,59128678,61337453,61337454,G,GA,1
NC_037331.1,NC_032653.1,59128760,61337536,61337537,T,TS,1
NC_037331.1,NC_032653.1,59139479,61347706,61347707,G,GR,1
NC_037331.1,NC_032653.1,59424885,61594620,61594621,A,AC,1
NC_037331.1,NC_032653.1,59425477,61595212,61595213,c,ct,1
NC_037331.1,NC_032653.1,59425511,61595247,61595248,t,tc,1
NC_037331.1,NC_032653.1,59513587,61683630,61683636,t,tagcagc,6
NC_037331.1,NC_032653.1,59528457,61698508,61698509,a,at,1
NC_037331.1,NC_032653.1,59528597,61698648,61698649,g,gt,1
NC_037331.1,NC_032653.1,59529142,61699194,61699195,a,at,1
NC_037331.1,NC_032653.1,59560517,61730565,61730566,a,ag,1
NC_037331.1,NC_032653.1,59586222,61756270,61756272,c,cga,2
NC_037331.1,NC_032653.1,59607882,61777934,61777935,t,tg,1
NC_037331.1,NC_032653.1,59613617,61783672,61783673,a,aN,1
NC_037331.1,NC_032653.1,59639566,61809830,61809832,t,tNN,2
NC_037331.1,NC_032653.1,59653373,61823642,61823643,G,GC,1
NC_037331.1,NC_032653.1,59659573,61829844,61829845,g,ga,1
NC_037331.1,NC_032653.1,59705308,61875581,61875600,c,ccagaccacctgacctgcct,19
NC_037331.1,NC_032653.1,59705477,61875769,61875770,a,ag,1
NC_037331.1,NC_032653.1,59744379,61914673,61914674,g,ga,1
NC_037331.1,NC_032653.1,59901725,62149504,62149505,A,AR,1
NC_037331.1,NC_032653.1,59923369,62160460,62160461,C,CA,1
NC_037331.1,NC_032653.1,59982737,62219647,62219648,G,GA,1
NC_037331.1,NC_032653.1,60039097,62276009,62276022,t,tcattgtgtttgac,13
NC_037331.1,NC_032653.1,60039125,62276050,62276051,t,tg,1
NC_037331.1,NC_032653.1,60381090,62631775,62631776,t,tg,1
NC_037331.1,NC_032653.1,60467121,62717842,62717843,t,ta,1
NC_037331.1,NC_032653.1,60493591,62841170,62841171,c,ca,1
NC_037331.1,NC_032653.1,60541690,62889450,62889453,G,GACC,3
NC_037331.1,NC_032653.1,60588522,62936882,62936883,c,cg,1
NC_037331.1,NC_032653.1,60617846,62966585,62966587,T,TCC,2
NC_037331.1,NC_032653.1,60626959,62975700,62975701,t,ta,1
NC_037331.1,NC_032653.1,60649655,62998399,62998407,A,ACGCATGAC,8
NC_037331.1,NC_032653.1,60669423,63018176,63018179,t,ttgg,3
NC_037331.1,NC_032653.1,60679645,63028451,63028452,A,AG,1
NC_037331.1,NC_032653.1,60683149,63031957,63031958,a,at,1
NC_037331.1,NC_032653.1,60701774,63050586,63050599,C,CTAAGATGTTTTAS,13
NC_037331.1,NC_032653.1,60781471,63130940,63130941,T,TY,1
NC_037331.1,NC_032653.1,60820092,63169741,63169742,G,GC,1
NC_037331.1,NC_032653.1,60893735,63213372,63213382,A,AATAATAAATT,10
NC_037331.1,NC_032653.1,60902828,63222496,63222499,t,tttY,3
NC_037331.1,NC_032653.1,60904110,63223781,63223783,C,CAG,2
NC_037331.1,NC_032653.1,60905834,63225505,63225506,t,ta,1
NC_037331.1,NC_032653.1,60913272,63232939,63232944,a,atattt,5
NC_037331.1,NC_032653.1,60915477,63235146,63235147,C,CA,1
NC_037331.1,NC_032653.1,60916432,63236118,63236123,G,GTTCTT,5
NC_037331.1,NC_032653.1,60917225,63236916,63236931,T,TAATTAGAATAGTCAG,15
NC_037331.1,NC_032653.1,60924977,63244708,63244709,C,CA,1
NC_037331.1,NC_032653.1,60929840,63253716,63253720,t,taaaa,4
NC_037331.1,NC_032653.1,60935243,63259125,63259126,t,tc,1
NC_037331.1,NC_032653.1,60939069,63262951,63262957,c,cacatat,6
NC_037331.1,NC_032653.1,60959861,63283785,63283786,C,CA,1
NC_037331.1,NC_032653.1,60975512,63299464,63299465,A,AT,1
NC_037331.1,NC_032653.1,60987072,63311036,63311037,c,ct,1
NC_037331.1,NC_032653.1,60990760,63314726,63314727,G,GT,1
NC_037331.1,NC_032653.1,60995286,63319253,63319254,C,CT,1
NC_037331.1,NC_032653.1,60996947,63320915,63320916,T,TW,1
NC_037331.1,NC_032653.1,61028049,63352014,63352015,A,AG,1
NC_037331.1,NC_032653.1,61035432,63359397,63359399,T,TAK,2
NC_037331.1,NC_032653.1,61083080,63406949,63406950,c,ct,1
NC_037331.1,NC_032653.1,61128348,63452224,63452227,T,TCCC,3
NC_037331.1,NC_032653.1,61129477,63453356,63453377,A,ACCTTCCTGTGTCATAAAGGTC,21
NC_037331.1,NC_032653.1,61150037,63473939,63473941,a,aat,2
NC_037331.1,NC_032653.1,61206449,63530537,63530542,T,TGTTAG,5
NC_037331.1,NC_032653.1,61211200,63535302,63535303,t,tg,1
NC_037331.1,NC_032653.1,61211389,63535492,63535493,c,ct,1
NC_037331.1,NC_032653.1,61222054,63546159,63546160,C,CA,1
NC_037331.1,NC_032653.1,61228965,63553072,63553075,G,GTGC,3
NC_037331.1,NC_032653.1,61238245,63562363,63562364,T,TC,1
NC_037331.1,NC_032653.1,61298093,63624122,63624127,G,GGGGRR,5
NC_037331.1,NC_032653.1,61309865,63635903,63635904,t,tc,1
NC_037331.1,NC_032653.1,61325938,63651975,63651976,a,ag,1
NC_037331.1,NC_032653.1,61340353,63666572,63666573,T,TA,1
NC_037331.1,NC_032653.1,61356552,63682356,63682357,t,ta,1
NC_037331.1,NC_032653.1,61363259,63689064,63689086,g,gTATANNNNNNNNNNNNNacaaa,22
NC_037331.1,NC_032653.1,61431516,63757373,63757374,G,GA,1
NC_037331.1,NC_032653.1,61492237,63818055,63818056,a,at,1
NC_037331.1,NC_032653.1,61612908,63938615,63938617,C,CCA,2
NC_037331.1,NC_032653.1,61666068,63991789,63991790,C,CY,1
NC_037331.1,NC_032653.1,61714465,64040188,64040194,a,agaaaag,6
NC_037331.1,NC_032653.1,61923643,64243972,64243973,t,ta,1
NC_037331.1,NC_032653.1,61972344,64292694,64292696,C,CAA,2
NC_037331.1,NC_032653.1,61993324,64313659,64313660,T,TC,1
NC_037331.1,NC_032653.1,62016975,64337327,64337329,C,CTT,2
NC_037331.1,NC_032653.1,62020702,64341057,64341064,c,ccccccct,7
NC_037331.1,NC_032653.1,62021936,64342299,64342301,g,gtt,2
NC_037331.1,NC_032653.1,62041619,64361810,64361811,A,AT,1
NC_037331.1,NC_032653.1,62048723,64368827,64368828,A,AT,1
NC_037331.1,NC_032653.1,62057879,64379212,64379214,g,gat,2
NC_037331.1,NC_032653.1,62059601,64380709,64380710,A,AR,1
NC_037331.1,NC_032653.1,62074770,64395874,64395875,a,at,1
NC_037331.1,NC_032653.1,62104763,64425649,64425650,G,GA,1
NC_037331.1,NC_032653.1,62238577,64559541,64559542,T,TG,1
NC_037331.1,NC_032653.1,62266738,64587706,64587712,a,acgtgtg,6
NC_037331.1,NC_032653.1,62280510,64601493,64601498,A,ACATTT,5
NC_037331.1,NC_032653.1,62287488,64608482,64608483,a,aG,1
NC_037331.1,NC_032653.1,62295550,64616503,64616504,T,TG,1
NC_037331.1,NC_032653.1,62348588,64669614,64669615,c,ca,1
NC_037331.1,NC_032653.1,62449537,64757490,64757491,a,ag,1
NC_037331.1,NC_032653.1,62524253,64831992,64831993,T,TN,1
NC_037331.1,NC_032653.1,62526733,64834473,64834488,T,TNNNNNNNNNNNNNNN,15
NC_037331.1,NC_032653.1,62530671,64838426,64838427,t,tg,1
NC_037331.1,NC_032653.1,62531439,64839195,64839196,c,ct,1
NC_037331.1,NC_032653.1,62531791,64839548,64839549,t,ta,1
NC_037331.1,NC_032653.1,62532328,64840085,64840086,T,TA,1
NC_037331.1,NC_032653.1,62532482,64840239,64840240,T,TA,1
NC_037331.1,NC_032653.1,62532839,64840593,64840594,t,ta,1
NC_037331.1,NC_032653.1,62532867,64840622,64840623,g,ga,1
NC_037331.1,NC_032653.1,62532909,64840665,64840666,T,TA,1
NC_037331.1,NC_032653.1,62533869,64841613,64841614,T,TC,1
NC_037331.1,NC_032653.1,62533996,64841736,64841737,A,AG,1
NC_037331.1,NC_032653.1,62534337,64842074,64842075,T,TC,1
NC_037331.1,NC_032653.1,62534669,64842405,64842406,a,at,1
NC_037331.1,NC_032653.1,62534911,64842646,64842647,T,TC,1
NC_037331.1,NC_032653.1,62535021,64842757,64842758,g,gt,1
NC_037331.1,NC_032653.1,62535054,64842791,64842792,T,TA,1
NC_037331.1,NC_032653.1,62535267,64843001,64843002,t,tG,1
NC_037331.1,NC_032653.1,62535274,64843009,64843011,A,AAC,2
NC_037331.1,NC_032653.1,62535308,64843045,64843046,a,at,1
NC_037331.1,NC_032653.1,62535389,64843126,64843127,a,at,1
NC_037331.1,NC_032653.1,62535482,64843219,64843220,A,AG,1
NC_037331.1,NC_032653.1,62536002,64843757,64843758,t,tc,1
NC_037331.1,NC_032653.1,62536314,64844064,64844065,A,AC,1
NC_037331.1,NC_032653.1,62536359,64844110,64844111,T,TA,1
NC_037331.1,NC_032653.1,62536449,64844201,64844202,t,tc,1
NC_037331.1,NC_032653.1,62536604,64844357,64844358,A,AT,1
NC_037331.1,NC_032653.1,62536675,64844428,64844429,T,TG,1
NC_037331.1,NC_032653.1,62536796,64844548,64844549,C,CT,1
NC_037331.1,NC_032653.1,62536959,64844710,64844711,G,GT,1
NC_037331.1,NC_032653.1,62537054,64844806,64844807,T,TA,1
NC_037331.1,NC_032653.1,62537091,64844844,64844845,G,GA,1
NC_037331.1,NC_032653.1,62537147,64844901,64844902,A,AC,1
NC_037331.1,NC_032653.1,62537549,64845302,64845303,a,ac,1
NC_037331.1,NC_032653.1,62537759,64845511,64845512,T,TC,1
NC_037331.1,NC_032653.1,62537765,64845518,64845519,C,CA,1
NC_037331.1,NC_032653.1,62537962,64845714,64845715,T,TG,1
NC_037331.1,NC_032653.1,62538068,64845821,64845822,G,GA,1
NC_037331.1,NC_032653.1,62538153,64845907,64845909,g,gaa,2
NC_037331.1,NC_032653.1,62538195,64845951,64845952,T,TC,1
NC_037331.1,NC_032653.1,62538397,64846153,64846154,C,CA,1
NC_037331.1,NC_032653.1,62538442,64846198,64846201,g,gaga,3
NC_037331.1,NC_032653.1,62543130,64863118,64863119,a,at,1
NC_037331.1,NC_032653.1,62546073,64866062,64866065,t,tatc,3
NC_037331.1,NC_032653.1,62548333,64868325,64868327,a,atg,2
NC_037331.1,NC_032653.1,62635977,64956042,64956044,A,AAG,2
NC_037331.1,NC_032653.1,62656273,64976342,64976343,G,GA,1
NC_037331.1,NC_032653.1,62698661,65018755,65018758,g,gagt,3
NC_037331.1,NC_032653.1,62787604,65126361,65126362,G,GS,1
NC_037331.1,NC_032653.1,62973638,65312224,65312225,a,ag,1
NC_037331.1,NC_032653.1,63093177,65431954,65431958,t,tgata,4
NC_037331.1,NC_032653.1,63117500,65456280,65456282,T,TAA,2
NC_037331.1,NC_032653.1,63180708,65535369,65535370,g,ga,1
NC_037331.1,NC_032653.1,63204274,65563692,65563694,a,aNN,2
NC_037331.1,NC_032653.1,63360337,65719777,65719779,G,GAA,2
NC_037331.1,NC_032653.1,63427446,65786885,65786886,A,AC,1
NC_037331.1,NC_032653.1,63460563,65820003,65820015,a,aNNNNNNNNNNNN,12
NC_037331.1,NC_032653.1,63599333,65977862,65977866,A,ATAAW,4
NC_037331.1,NC_032653.1,63627657,66006195,66006196,a,ag,1
NC_037331.1,NC_032653.1,63633996,66012530,66012531,c,ca,1
NC_037331.1,NC_032653.1,63637138,66015676,66015684,a,atatatatg,8
NC_037331.1,NC_032653.1,63689713,66068162,66068165,t,taac,3
NC_037331.1,NC_032653.1,63697090,66075542,66075543,A,AR,1
NC_037331.1,NC_032653.1,63883116,66262146,66262148,c,ccg,2
NC_037331.1,NC_032653.1,63960113,66340520,66340522,c,caa,2
NC_037331.1,NC_032653.1,64026935,66415686,66415687,C,CM,1
NC_037331.1,NC_032653.1,64144083,66532577,66532578,t,tN,1
NC_037331.1,NC_032653.1,64392728,66780356,66780357,g,gc,1
NC_037331.1,NC_032653.1,64395367,66783006,66783009,a,atat,3
NC_037331.1,NC_032653.1,64607202,67010389,67010390,C,CA,1
NC_037331.1,NC_032653.1,64792957,67196239,67196241,G,GTT,2
NC_037331.1,NC_032653.1,64811817,67211210,67211211,a,ag,1
NC_037331.1,NC_032653.1,64828997,67227780,67227787,A,AACACGAG,7
NC_037331.1,NC_032653.1,64901987,67300677,67300680,t,tctc,3
NC_037331.1,NC_032653.1,64907427,67306116,67306117,t,tc,1
NC_037331.1,NC_032653.1,64907452,67306142,67306143,g,gc,1
NC_037331.1,NC_032653.1,64915083,67313781,67313782,A,AC,1
NC_037331.1,NC_032653.1,64951377,67349223,67349224,T,TC,1
NC_037331.1,NC_032653.1,64953012,67350859,67350861,a,aat,2
NC_037331.1,NC_032653.1,65026961,67428743,67428745,C,CNN,2
NC_037331.1,NC_032653.1,65134127,67473932,67473933,t,ta,1
NC_037331.1,NC_032653.1,65134132,67473938,67473939,t,tA,1
NC_037331.1,NC_032653.1,65180341,67668769,67668770,T,TS,1
NC_037331.1,NC_032653.1,65264088,67752453,67752455,c,ccg,2
NC_037331.1,NC_032653.1,65292031,67780399,67780400,g,ga,1
NC_037331.1,NC_032653.1,65331211,67819372,67819373,c,cg,1
NC_037331.1,NC_032653.1,65401192,67889241,67889242,T,TG,1
NC_037331.1,NC_032653.1,65579523,68067067,68067068,C,CA,1
NC_037331.1,NC_032653.1,65584815,68072361,68072362,c,ct,1
NC_037331.1,NC_032653.1,65629935,68117436,68117437,G,GT,1
NC_037331.1,NC_032653.1,65630361,68117863,68117864,G,GC,1
NC_037331.1,NC_032653.1,65670822,68158334,68158335,G,GT,1
NC_037331.1,NC_032653.1,65829763,68325968,68325969,T,TG,1
NC_037331.1,NC_032653.1,65895916,68437814,68437816,A,AAG,2
NC_037331.1,NC_032653.1,65938390,68516196,68516197,a,aR,1
NC_037331.1,NC_032653.1,65951077,68528885,68528887,T,TTC,2
NC_037331.1,NC_032653.1,65998423,68576180,68576181,g,ga,1
NC_037331.1,NC_032653.1,66000365,68578124,68578125,a,at,1
NC_037331.1,NC_032653.1,66057339,68635103,68635104,t,ta,1
NC_037331.1,NC_032653.1,66066909,68644678,68644679,t,ta,1
NC_037331.1,NC_032653.1,66069763,68647528,68647530,C,CAG,2
NC_037331.1,NC_032653.1,66075418,68653300,68653301,g,gt,1
NC_037331.1,NC_032653.1,66114069,68691971,68691972,t,tg,1
NC_037331.1,NC_032653.1,66116604,68694507,68694517,A,ACCTGCCAGCC,10
NC_037331.1,NC_032653.1,66194468,68772418,68772419,G,GS,1
NC_037331.1,NC_032653.1,66227768,68806135,68806148,C,CATAGTCAGTCCTA,13
NC_037331.1,NC_032653.1,66275252,68854345,68854346,a,ag,1
NC_037331.1,NC_032653.1,66325476,68904628,68904629,C,CA,1
NC_037331.1,NC_032653.1,66338599,68917760,68917762,C,CAT,2
NC_037331.1,NC_032653.1,66399810,68979599,68979600,G,GA,1
NC_037331.1,NC_032653.1,66420844,69000638,69000639,G,GN,1
NC_037331.1,NC_032653.1,66428851,69008648,69008651,g,gtgc,3
NC_037331.1,NC_032653.1,66479833,69059637,69059638,c,ct,1
NC_037331.1,NC_032653.1,66486601,69066404,69066405,T,TY,1
NC_037331.1,NC_032653.1,66517875,69097673,69097674,t,tg,1
NC_037331.1,NC_032653.1,66542738,69122537,69122538,t,tg,1
NC_037331.1,NC_032653.1,66556621,69136425,69136426,a,aW,1
NC_037331.1,NC_032653.1,66559503,69139307,69139308,T,TY,1
NC_037331.1,NC_032653.1,66562357,69142322,69142323,G,GT,1
NC_037331.1,NC_032653.1,66562398,69142364,69142365,G,GT,1
NC_037331.1,NC_032653.1,66562506,69142473,69142474,C,CA,1
NC_037331.1,NC_032653.1,66564115,69144085,69144086,C,CY,1
NC_037331.1,NC_032653.1,66582445,69162418,69162419,T,TA,1
NC_037331.1,NC_032653.1,66613533,69193506,69193508,C,CCA,2
NC_037331.1,NC_032653.1,66619891,69199870,69199871,a,ac,1
NC_037331.1,NC_032653.1,66708043,69287916,69287917,a,at,1
NC_037331.1,NC_032653.1,66736230,69316102,69316106,c,cacat,4
NC_037331.1,NC_032653.1,66736341,69316217,69316218,t,tK,1
NC_037331.1,NC_032653.1,66737123,69317000,69317001,g,ga,1
NC_037331.1,NC_032653.1,66742374,69322250,69322252,c,cca,2
NC_037331.1,NC_032653.1,66742936,69322822,69322824,C,CAA,2
NC_037331.1,NC_032653.1,66744187,69324075,69324076,a,at,1
NC_037331.1,NC_032653.1,66747820,69327289,69327290,a,ag,1
NC_037331.1,NC_032653.1,66761954,69341424,69341425,C,CM,1
NC_037331.1,NC_032653.1,66767155,69346637,69346638,t,tc,1
NC_037331.1,NC_032653.1,66776850,69356332,69356333,g,ga,1
NC_037331.1,NC_032653.1,66867839,69449782,69449783,a,ag,1
NC_037331.1,NC_032653.1,66929132,69510945,69510947,A,AAT,2
NC_037331.1,NC_032653.1,66963092,69544914,69544916,T,TTC,2
NC_037331.1,NC_032653.1,67003807,69585448,69585452,t,tgaca,4
NC_037331.1,NC_032653.1,67007881,69589359,69589360,t,tc,1
NC_037331.1,NC_032653.1,67033094,69614580,69614581,T,TC,1
NC_037331.1,NC_032653.1,67075229,69678345,69678346,g,ga,1
NC_037331.1,NC_032653.1,67094763,69697693,69697696,g,ggtt,3
NC_037331.1,NC_032653.1,67116256,69719188,69719189,t,tg,1
NC_037331.1,NC_032653.1,67175950,69778886,69778887,A,AT,1
NC_037331.1,NC_032653.1,67331609,69934566,69934567,A,AG,1
NC_037331.1,NC_032653.1,67370974,69974774,69974775,C,CA,1
NC_037331.1,NC_032653.1,67645206,70249751,70249752,a,at,1
NC_037331.1,NC_032653.1,67683812,70288482,70288484,G,GGA,2
NC_037331.1,NC_032653.1,67698566,70303248,70303249,C,CY,1
NC_037331.1,NC_032653.1,67730971,70335646,70335651,T,TATGAG,5
NC_037331.1,NC_032653.1,67740758,70345440,70345442,t,tNN,2
NC_037331.1,NC_032653.1,68418980,71026007,71026008,a,aN,1
NC_037331.1,NC_032653.1,68468169,71074694,71074695,C,CM,1
NC_037331.1,NC_032653.1,68565038,71179611,71179612,a,at,1
NC_037331.1,NC_032653.1,68595803,71210377,71210385,A,AAAAGCTGR,8
NC_037331.1,NC_032653.1,68616759,71231340,71231346,C,CTTCTAT,6
NC_037331.1,NC_032653.1,68617647,71232234,71232235,G,GS,1
NC_037331.1,NC_032653.1,68621027,71235615,71235617,c,ctt,2
NC_037331.1,NC_032653.1,68988311,71602120,71602121,a,ac,1
NC_037331.1,NC_032653.1,69043601,71657417,71657419,a,aNN,2
NC_037331.1,NC_032653.1,69216190,71830003,71830005,a,aNN,2
NC_037331.1,NC_032653.1,69399274,72012394,72012413,c,ccgaaggtgaaaaaaaaaaa,19
NC_037331.1,NC_032653.1,69409494,72022547,72022548,C,CG,1
NC_037331.1,NC_032653.1,69431779,72045132,72045133,c,ct,1
NC_037331.1,NC_032653.1,69491382,72104736,72104737,G,GA,1
NC_037331.1,NC_032653.1,69629096,72247062,72247064,G,GCA,2
NC_037331.1,NC_032653.1,69629137,72247105,72247107,C,CCA,2
NC_037331.1,NC_032653.1,69747879,72349573,72349574,T,TC,1
NC_037331.1,NC_032653.1,69786077,72387146,72387147,C,CY,1
NC_037331.1,NC_032653.1,69786131,72387200,72387201,G,GS,1
NC_037331.1,NC_032653.1,70066488,72705182,72705183,G,GT,1
NC_037331.1,NC_032653.1,70069105,72707802,72707803,T,TG,1
NC_037331.1,NC_032653.1,70069385,72708083,72708085,g,gga,2
NC_037331.1,NC_032653.1,70069791,72708491,72708492,T,TA,1
NC_037331.1,NC_032653.1,70069976,72708677,72708678,T,TG,1
NC_037331.1,NC_032653.1,70070349,72709049,72709050,G,GT,1
NC_037331.1,NC_032653.1,70070600,72709301,72709302,G,GC,1
NC_037331.1,NC_032653.1,70071318,72710018,72710019,C,CA,1
NC_037331.1,NC_032653.1,70071370,72710071,72710072,C,CA,1
NC_037331.1,NC_032653.1,70071507,72710208,72710209,T,TA,1
NC_037331.1,NC_032653.1,70071643,72710342,72710343,g,gt,1
NC_037331.1,NC_032653.1,70071659,72710359,72710360,t,ta,1
NC_037331.1,NC_032653.1,70071750,72710450,72710451,c,ct,1
NC_037331.1,NC_032653.1,70071840,72710541,72710542,g,gc,1
NC_037331.1,NC_032653.1,70071901,72710603,72710604,g,gt,1
NC_037331.1,NC_032653.1,70072098,72710800,72710801,c,ca,1
NC_037331.1,NC_032653.1,70072141,72710844,72710845,g,ga,1
NC_037331.1,NC_032653.1,70072161,72710865,72710866,g,ga,1
NC_037331.1,NC_032653.1,70072613,72711315,72711316,G,GA,1
NC_037331.1,NC_032653.1,70072627,72711330,72711331,T,TC,1
NC_037331.1,NC_032653.1,70072763,72711466,72711467,T,TC,1
NC_037331.1,NC_032653.1,70072766,72711470,72711471,C,CT,1
NC_037331.1,NC_032653.1,70072772,72711477,72711478,G,GA,1
NC_037331.1,NC_032653.1,70072807,72711513,72711514,G,GA,1
NC_037331.1,NC_032653.1,70072890,72711598,72711599,T,TC,1
NC_037331.1,NC_032653.1,70073119,72711828,72711830,C,CCT,2
NC_037331.1,NC_032653.1,70073311,72712022,72712023,T,TC,1
NC_037331.1,NC_032653.1,70073401,72712112,72712113,T,TG,1
NC_037331.1,NC_032653.1,70073445,72712157,72712158,A,AT,1
NC_037331.1,NC_032653.1,70073458,72712171,72712172,T,TG,1
NC_037331.1,NC_032653.1,70084936,72703242,72703243,T,TA,1
NC_037331.1,NC_032653.1,70085073,72703380,72703381,A,AG,1
NC_037331.1,NC_032653.1,70088482,72706790,72706791,a,at,1
NC_037331.1,NC_032653.1,70088501,72706810,72706812,t,tta,2
NC_037331.1,NC_032653.1,70089746,72708057,72708058,c,ca,1
NC_037331.1,NC_032653.1,70106815,72725128,72725130,C,CTA,2
NC_037331.1,NC_032653.1,70633908,73311716,73311717,G,GA,1
NC_037331.1,NC_032653.1,70633939,73311748,73311749,G,GA,1
NC_037331.1,NC_032653.1,70675714,73353523,73353524,T,TY,1
NC_037331.1,NC_032653.1,70707978,73385774,73385783,A,AGGAAGTTCT,9
NC_037331.1,NC_032653.1,70708186,73385991,73385993,C,CTG,2
NC_037331.1,NC_032653.1,70821276,73548310,73548311,g,gc,1
NC_037331.1,NC_032653.1,71379751,73644048,73644049,T,TY,1
NC_037331.1,NC_032653.1,71486267,73819582,73819583,t,tg,1
NC_037331.1,NC_032653.1,71538644,73871960,73871961,A,AT,1
NC_037331.1,NC_032653.1,71588357,73921675,73921676,C,CS,1
NC_037331.1,NC_032653.1,71605579,73938847,73938848,c,ct,1
NC_037331.1,NC_032653.1,71605582,73938851,73938852,c,ca,1
NC_037331.1,NC_032653.1,71846419,74182427,74182428,G,GT,1
NC_037331.1,NC_032653.1,71846468,74182477,74182478,T,TC,1
NC_037331.1,NC_032653.1,71889259,74225269,74225270,c,ct,1
NC_037331.1,NC_032653.1,71970196,74307549,74307551,c,cat,2
NC_037331.1,NC_032653.1,72001726,74339090,74339091,a,ac,1
NC_037331.1,NC_032653.1,72041203,74381074,74381076,T,TCA,2
NC_037331.1,NC_032653.1,72117501,74457381,74457383,C,CAA,2
NC_037331.1,NC_032653.1,72226664,74568250,74568264,A,AGGANNNNNNNNNNN,14
NC_037331.1,NC_032653.1,72313250,74654805,74654806,g,gc,1
NC_037331.1,NC_032653.1,72340532,74682088,74682090,t,tNN,2
NC_037331.1,NC_032653.1,72387703,74729271,74729273,t,taa,2
NC_037331.1,NC_032653.1,72539763,74881509,74881511,g,gaa,2
NC_037331.1,NC_032653.1,72539891,74881638,74881639,t,tg,1
NC_037331.1,NC_032653.1,72605067,74948826,74948828,c,cNN,2
NC_037331.1,NC_032653.1,72609306,74953070,74953071,a,at,1
NC_037331.1,NC_032653.1,72612370,74956133,74956134,t,ta,1
NC_037331.1,NC_032653.1,72619646,74963408,74963410,a,aag,2
NC_037331.1,NC_032653.1,72621464,74965236,74965238,c,cta,2
NC_037331.1,NC_032653.1,72663922,75009619,75009621,t,tTG,2
NC_037331.1,NC_032653.1,72743137,75089231,75089232,T,TC,1
NC_037331.1,NC_032653.1,72744167,75090262,75090263,A,AG,1
NC_037331.1,NC_032653.1,72749094,75095194,75095196,t,tta,2
NC_037331.1,NC_032653.1,72773358,75119463,75119465,T,TAC,2
NC_037331.1,NC_032653.1,72777039,75123146,75123147,a,ag,1
NC_037331.1,NC_032653.1,72794755,75140864,75140865,C,CY,1
NC_037331.1,NC_032653.1,72795157,75141268,75141298,g,gccagagagtgaaaaaaaaaaaaaaagagga,30
NC_037331.1,NC_032653.1,72796252,75142393,75142401,c,ccaaaaaaa,8
NC_037331.1,NC_032653.1,72796303,75142452,75142454,a,aat,2
NC_037331.1,NC_032653.1,72796315,75142466,75142467,g,gt,1
NC_037331.1,NC_032653.1,72798705,75144834,75144838,g,ggaaR,4
NC_037331.1,NC_032653.1,72810043,75155714,75155718,G,GAAAA,4
NC_037331.1,NC_032653.1,72810541,75156215,75156243,g,gcaacacgccaggcctccatgtccatcac,28
NC_037331.1,NC_032653.1,72811766,75157476,75157494,g,gggttttttttttgttttt,18
NC_037331.1,NC_032653.1,72812999,75158726,75158730,t,tagaa,4
NC_037331.1,NC_032653.1,72831174,75176948,75176949,A,AC,1
NC_037331.1,NC_032653.1,72833017,75178796,75178800,a,atgtg,4
NC_037331.1,NC_032653.1,72836826,75182612,75182613,c,ct,1
NC_037331.1,NC_032653.1,72884952,75230741,75230742,c,ct,1
NC_037331.1,NC_032653.1,72901638,75246573,75246579,c,caaaaaa,6
NC_037331.1,NC_032653.1,72928035,75272980,75272985,T,TGGGTG,5
NC_037331.1,NC_032653.1,73071297,75416254,75416255,c,ct,1
NC_037331.1,NC_032653.1,73071306,75416264,75416265,G,GT,1
NC_037331.1,NC_032653.1,73107288,75452127,75452128,t,ta,1
NC_037331.1,NC_032653.1,73162530,75507367,75507368,A,AT,1
NC_037331.1,NC_032653.1,73183470,75527782,75527783,A,AR,1
NC_037331.1,NC_032653.1,73222391,75566698,75566719,C,CCTGTGAGTTCTGTGCAGGGTG,21
NC_037331.1,NC_032653.1,73227962,75572287,75572288,T,TC,1
NC_037331.1,NC_032653.1,73230509,75574835,75574836,g,ga,1
NC_037331.1,NC_032653.1,73241321,75585649,75585650,t,tg,1
NC_037331.1,NC_032653.1,73245068,75589338,75589339,g,gt,1
NC_037331.1,NC_032653.1,73245096,75589367,75589368,a,ag,1
NC_037331.1,NC_032653.1,73245809,75590081,75590082,C,CT,1
NC_037331.1,NC_032653.1,73246266,75590539,75590540,t,tc,1
NC_037331.1,NC_032653.1,73285717,75629999,75630001,a,aag,2
NC_037331.1,NC_032653.1,73325205,75669486,75669487,A,AT,1
NC_037331.1,NC_032653.1,73325249,75669530,75669539,T,TCTANNNNNN,9
NC_037331.1,NC_032653.1,73363678,75707969,75707970,c,ct,1
NC_037331.1,NC_032653.1,73376432,75720726,75720727,A,AC,1
NC_037331.1,NC_032653.1,73410007,75817857,75817858,g,gt,1
NC_037331.1,NC_032653.1,73491187,75903114,75903115,a,at,1
NC_037331.1,NC_032653.1,73580378,75993939,75993940,c,ca,1
NC_037331.1,NC_032653.1,73592319,76010784,76010786,t,tgY,2
NC_037331.1,NC_032653.1,73601685,76020152,76020153,a,at,1
NC_037331.1,NC_032653.1,73607079,76025548,76025549,C,CM,1
NC_037331.1,NC_032653.1,73641410,76059884,76059885,c,ca,1
NC_037331.1,NC_032653.1,73667078,76085557,76085558,C,CK,1
NC_037331.1,NC_032653.1,73683838,76102314,76102318,g,ggggR,4
NC_037331.1,NC_032653.1,73684070,76102550,76102552,t,taa,2
NC_037331.1,NC_032653.1,73684087,76102569,76102570,t,ta,1
NC_037331.1,NC_032653.1,73685417,76103900,76103901,A,AC,1
NC_037331.1,NC_032653.1,73700523,76110618,76110620,t,tac,2
NC_037331.1,NC_032653.1,73714308,76125186,76125188,t,tNN,2
NC_037331.1,NC_032653.1,73770681,76184125,76184126,A,AT,1
NC_037331.1,NC_032653.1,73771062,76184509,76184511,a,aat,2
NC_037331.1,NC_032653.1,73783912,76197338,76197362,C,CATCTTCTACAAGGCAGAAGATGGT,24
NC_037331.1,NC_032653.1,73786596,76200046,76200054,a,agaccacct,8
NC_037331.1,NC_032653.1,73791616,76205083,76205084,C,CT,1
NC_037331.1,NC_032653.1,73795061,76208531,76208533,t,tta,2
NC_037331.1,NC_032653.1,73803371,76216846,76216847,g,ga,1
NC_037331.1,NC_032653.1,73812012,76225490,76225492,g,gta,2
NC_037331.1,NC_032653.1,73814119,76227530,76227532,a,atc,2
NC_037331.1,NC_032653.1,73837406,76250820,76250821,G,GM,1
NC_037331.1,NC_032653.1,73860406,76271656,76271657,A,AC,1
NC_037331.1,NC_032653.1,73872055,76282039,76282040,C,CM,1
NC_037331.1,NC_032653.1,73903312,76316645,76316647,g,gaa,2
NC_037331.1,NC_032653.1,73995304,76408673,76408674,t,tc,1
NC_037331.1,NC_032653.1,74002118,76415487,76415488,g,gt,1
NC_037331.1,NC_032653.1,74004986,76418359,76418362,t,taaa,3
NC_037331.1,NC_032653.1,74007544,76420921,76420922,a,at,1
NC_037331.1,NC_032653.1,74016036,76429316,76429317,G,GT,1
NC_037331.1,NC_032653.1,74106771,76540442,76540443,t,tc,1
NC_037331.1,NC_032653.1,74126452,76560118,76560119,A,AT,1
NC_037331.1,NC_032653.1,74131683,76565351,76565355,t,ttttg,4
NC_037331.1,NC_032653.1,74139000,76572673,76572674,A,AW,1
NC_037331.1,NC_032653.1,74227203,76660905,76660906,A,AM,1
NC_037331.1,NC_032653.1,74422266,76860990,76860993,t,tgtc,3
NC_037331.1,NC_032653.1,74485383,76924111,76924115,T,TATAC,4
NC_037331.1,NC_032653.1,74538833,76978102,76978110,A,AAACTGTTG,8
NC_037331.1,NC_032653.1,74539598,76978874,76978875,T,TA,1
NC_037331.1,NC_032653.1,74540382,76979658,76979659,a,at,1
NC_037331.1,NC_032653.1,74545495,76984791,76984792,C,CT,1
NC_037331.1,NC_032653.1,74552464,76991730,76991732,A,AGT,2
NC_037331.1,NC_032653.1,74560361,76999625,76999626,t,ta,1
NC_037331.1,NC_032653.1,74565260,77004524,77004532,a,agcaccaac,8
NC_037331.1,NC_032653.1,74570489,77010141,77010142,A,AC,1
NC_037331.1,NC_032653.1,74573563,77013207,77013210,T,TAGA,3
NC_037331.1,NC_032653.1,74585185,77024830,77024842,G,GTCCTTGGAAGCC,12
NC_037331.1,NC_032653.1,74605685,77045329,77045330,a,ag,1
NC_037331.1,NC_032653.1,74628661,77068309,77068310,g,ga,1
NC_037331.1,NC_032653.1,74662487,77102141,77102142,G,GT,1
NC_037331.1,NC_032653.1,74662508,77102163,77102164,T,TG,1
NC_037331.1,NC_032653.1,74672192,77111845,77111848,G,GATR,3
NC_037331.1,NC_032653.1,74724767,77164414,77164417,T,TAGG,3
NC_037331.1,NC_032653.1,74751151,77237082,77237084,C,CAG,2
NC_037331.1,NC_032653.1,74785607,77271549,77271550,A,AG,1
NC_037331.1,NC_032653.1,74817902,77303849,77303851,T,TTC,2
NC_037331.1,NC_032653.1,74842532,77328482,77328483,C,CT,1
NC_037331.1,NC_032653.1,74943199,77429136,77429137,C,CY,1
NC_037331.1,NC_032653.1,74967275,77453226,77453227,G,GR,1
NC_037331.1,NC_032653.1,74974871,77460823,77460824,G,GS,1
NC_037331.1,NC_032653.1,75015376,77501363,77501364,t,tc,1
NC_037331.1,NC_032653.1,75018268,77504256,77504257,A,AT,1
NC_037331.1,NC_032653.1,75072817,77558845,77558848,t,tagc,3
NC_037331.1,NC_032653.1,75078431,77564453,77564454,t,tc,1
NC_037331.1,NC_032653.1,75096719,77582745,77582747,a,aaN,2
NC_037331.1,NC_032653.1,75099415,77585470,77585471,T,TG,1
NC_037331.1,NC_032653.1,75123228,77609323,77609325,a,acg,2
NC_037331.1,NC_032653.1,75215014,77685563,77685567,a,aNNNN,4
NC_037331.1,NC_032653.1,75272938,78053031,78053032,t,ta,1
NC_037331.1,NC_032653.1,75272988,78053082,78053083,t,ta,1
NC_037331.1,NC_032653.1,75337479,78117597,78117599,C,CNN,2
NC_037331.1,NC_032653.1,75337516,78117636,78117637,T,TC,1
NC_037331.1,NC_032653.1,75337516,77978881,77978882,T,TC,1
NC_037331.1,NC_032653.1,75382297,77906291,77906293,t,tac,2
NC_037331.1,NC_032653.1,75382661,77906657,77906659,A,AAG,2
NC_037331.1,NC_032653.1,75535798,78219208,78219216,G,GTCCGATCA,8
NC_037331.1,NC_032653.1,75539596,78223015,78223016,A,AG,1
NC_037331.1,NC_032653.1,75547779,78231202,78231206,A,AACAG,4
NC_037331.1,NC_032653.1,75553403,78236820,78236823,A,ATCT,3
NC_037331.1,NC_032653.1,75575243,78258658,78258659,C,CY,1
NC_037331.1,NC_032653.1,75575948,78259362,78259363,g,ga,1
NC_037331.1,NC_032653.1,75578330,78261744,78261748,a,aNNNN,4
NC_037331.1,NC_032653.1,75594874,78278287,78278289,T,TTC,2
NC_037331.1,NC_032653.1,75595151,78278567,78278568,G,GA,1
NC_037331.1,NC_032653.1,75595657,78279073,78279074,C,CA,1
NC_037331.1,NC_032653.1,75597368,78280783,78280784,a,at,1
NC_037331.1,NC_032653.1,75616662,78300077,78300079,a,acg,2
NC_037331.1,NC_032653.1,75653260,78336672,78336673,t,tc,1
NC_037331.1,NC_032653.1,75716650,78401902,78401903,G,GS,1
NC_037331.1,NC_032653.1,75755506,78440759,78440760,C,CA,1
NC_037331.1,NC_032653.1,75762548,78447808,78447823,C,CTGMSTCNNNNNNNNN,15
NC_037331.1,NC_032653.1,75799493,78484773,78484774,t,ta,1
NC_037331.1,NC_032653.1,75804721,78489987,78489988,c,ct,1
NC_037331.1,NC_032653.1,75820111,78505380,78505381,g,gt,1
NC_037331.1,NC_032653.1,75874002,78559294,78559315,a,aNNNNNNNNNNNNNNNNNNNNN,21
NC_037331.1,NC_032653.1,75880188,78565506,78565507,c,ca,1
NC_037331.1,NC_032653.1,75882173,78570016,78570017,g,gc,1
NC_037331.1,NC_032653.1,75902554,78590418,78590431,g,gagaacGAAATNNN,13
NC_037331.1,NC_032653.1,75955728,78643600,78643601,T,TY,1
NC_037331.1,NC_032653.1,75974585,78662472,78662473,G,GA,1
NC_037331.1,NC_032653.1,75996167,78687392,78687394,A,ACT,2
NC_037331.1,NC_032653.1,75997813,78689041,78689042,t,tg,1
NC_037331.1,NC_032653.1,76004671,78695905,78695907,t,taa,2
NC_037331.1,NC_032653.1,76034621,78725857,78725858,t,ta,1
NC_037331.1,NC_032653.1,76113293,78820461,78820462,G,GC,1
NC_037331.1,NC_032653.1,76151459,78847759,78847766,c,caccccca,7
NC_037331.1,NC_032653.1,76151660,78847968,78847971,A,ACAT,3
NC_037331.1,NC_032653.1,76152380,78848689,78848690,C,CT,1
NC_037331.1,NC_032653.1,76155335,78851638,78851642,C,CCYGA,4
NC_037331.1,NC_032653.1,76157343,78853650,78853652,C,CCM,2
NC_037331.1,NC_032653.1,76227934,78923933,78923936,A,AAAG,3
NC_037331.1,NC_032653.1,76235278,78931190,78931191,C,CG,1
NC_037331.1,NC_032653.1,76274741,78970497,78970498,g,gt,1
NC_037331.1,NC_032653.1,76401284,79097048,79097049,A,AM,1
NC_037331.1,NC_032653.1,76606607,79301994,79301996,a,aNN,2
NC_037331.1,NC_032653.1,76778165,79453926,79453927,a,ag,1
NC_037331.1,NC_032653.1,76778213,79453976,79453977,G,GC,1
NC_037331.1,NC_032653.1,76778250,79454014,79454015,C,CT,1
NC_037331.1,NC_032653.1,76778819,79454583,79454584,G,GA,1
NC_037331.1,NC_032653.1,76778852,79454617,79454618,C,CG,1
NC_037331.1,NC_032653.1,76778908,79454673,79454674,T,TC,1
NC_037331.1,NC_032653.1,76779142,79454908,79454909,T,TC,1
NC_037331.1,NC_032653.1,76779249,79455014,79455015,A,AC,1
NC_037331.1,NC_032653.1,76779437,79455203,79455204,A,AT,1
NC_037331.1,NC_032653.1,76779623,79455390,79455391,T,TC,1
NC_037331.1,NC_032653.1,76779859,79455627,79455628,G,GT,1
NC_037331.1,NC_032653.1,76780238,79456004,79456005,A,AG,1
NC_037331.1,NC_032653.1,76780612,79456379,79456380,c,ca,1
NC_037331.1,NC_032653.1,76780684,79456451,79456452,a,ac,1
NC_037331.1,NC_032653.1,76781944,79457710,79457711,t,ta,1
NC_037331.1,NC_032653.1,76919411,79595546,79595547,T,TA,1
NC_037331.1,NC_032653.1,77116790,79791949,79791970,T,TCCTACATGCACAATGGNNNNN,21
NC_037331.1,NC_032653.1,77160107,79836477,79836478,T,TA,1
NC_037331.1,NC_032653.1,77160436,79836807,79836809,C,CTG,2
NC_037331.1,NC_032653.1,77160453,79836826,79836827,C,CG,1
NC_037331.1,NC_032653.1,77169685,79846054,79846055,A,AC,1
NC_037331.1,NC_032653.1,77169687,79846057,79846059,A,AAT,2
NC_037331.1,NC_032653.1,77185448,79861825,79861831,T,TCTCCAG,6
NC_037331.1,NC_032653.1,77197411,79873795,79873796,G,GA,1
NC_037331.1,NC_032653.1,77250530,79927151,79927152,g,ga,1
NC_037331.1,NC_032653.1,77329632,80007284,80007287,T,TTAG,3
NC_037331.1,NC_032653.1,77351501,80028895,80028901,G,GTTTTCT,6
NC_037331.1,NC_032653.1,77351520,80028920,80028927,c,caaaaaaa,7
NC_037331.1,NC_032653.1,77358410,80035817,80035818,A,AG,1
NC_037331.1,NC_032653.1,77367581,80044985,80044986,c,ca,1
NC_037331.1,NC_032653.1,77376638,80054048,80054053,t,tagtgg,5
NC_037331.1,NC_032653.1,77386796,80063658,80063659,a,ag,1
NC_037331.1,NC_032653.1,77387310,80064173,80064174,a,ac,1
NC_037331.1,NC_032653.1,77526621,80225771,80225783,A,AATAYGGTGGAGT,12
NC_037331.1,NC_032653.1,77623682,80322891,80322892,g,gt,1
NC_037331.1,NC_032653.1,77674895,80374113,80374114,A,AT,1
NC_037331.1,NC_032653.1,77679058,80378266,80378267,a,ac,1
NC_037331.1,NC_032653.1,77682377,80381586,80381588,G,GTA,2
NC_037331.1,NC_032653.1,77685322,80384533,80384534,T,TY,1
NC_037331.1,NC_032653.1,77689095,80388310,80388314,t,tatgc,4
NC_037331.1,NC_032653.1,77694094,80393296,80393297,a,at,1
NC_037331.1,NC_032653.1,77708024,80414398,80414399,C,CT,1
NC_037331.1,NC_032653.1,77723901,80430277,80430278,t,tg,1
NC_037331.1,NC_032653.1,77727951,80434328,80434329,g,ga,1
NC_037331.1,NC_032653.1,77728368,80434746,80434747,a,ac,1
NC_037331.1,NC_032653.1,77730407,80436783,80436784,C,CM,1
NC_037331.1,NC_032653.1,77738777,80445150,80445154,G,GATTA,4
NC_037331.1,NC_032653.1,77745892,80452337,80452343,G,GTSATSR,6
NC_037331.1,NC_032653.1,77807340,80515436,80515443,C,CATGCTTT,7
NC_037331.1,NC_032653.1,77825743,80533855,80533856,A,AM,1
NC_037331.1,NC_032653.1,77836619,80544733,80544734,C,CA,1
NC_037331.1,NC_032653.1,77897315,80605422,80605423,t,tg,1
NC_037331.1,NC_032653.1,78046340,80735003,80735005,T,TAA,2
NC_037331.1,NC_032653.1,78047603,80736268,80736280,T,TTTAGATGAATAC,12
NC_037331.1,NC_032653.1,78062836,80751513,80751516,g,ggaa,3
NC_037331.1,NC_032653.1,78063835,80756300,80756302,g,gga,2
NC_037331.1,NC_032653.1,78098810,80799107,80799112,T,TATGTG,5
NC_037331.1,NC_032653.1,78142609,80842918,80842919,G,GA,1
NC_037331.1,NC_032653.1,78177452,80877767,80877776,T,TAACTCATAG,9
NC_037331.1,NC_032653.1,78294012,80994068,80994073,t,tWaaaa,5
NC_037331.1,NC_032653.1,78481911,81181899,81181901,t,tNN,2
NC_037331.1,NC_032653.1,78539664,81239667,81239668,T,TA,1
NC_037331.1,NC_032653.1,78545891,81245896,81245897,a,at,1
NC_037331.1,NC_032653.1,78564530,81264534,81264535,a,aN,1
NC_037331.1,NC_032653.1,78574117,81274357,81274360,A,AACT,3
NC_037331.1,NC_032653.1,78574117,81318749,81318752,A,AACT,3
NC_037331.1,NC_032653.1,78577249,81321881,81321894,t,tatgttcatcagtg,13
NC_037331.1,NC_032653.1,78621085,81366055,81366057,g,gca,2
NC_037331.1,NC_032653.1,78635488,81380461,81380462,T,TG,1
NC_037331.1,NC_032653.1,78635750,81380724,81380725,C,CY,1
NC_037331.1,NC_032653.1,78636325,81381300,81381301,T,TC,1
NC_037331.1,NC_032653.1,78637324,81382300,81382301,a,at,1
NC_037331.1,NC_032653.1,78665418,81410393,81410394,t,tc,1
NC_037331.1,NC_032653.1,78672410,81417387,81417388,a,at,1
NC_037331.1,NC_032653.1,78741600,81486374,81486375,C,CT,1
NC_037331.1,NC_032653.1,78756778,81501551,81501555,a,aaaat,4
NC_037331.1,NC_032653.1,78756793,81501570,81501572,g,gta,2
NC_037331.1,NC_032653.1,78786324,81531105,81531106,T,TA,1
NC_037331.1,NC_032653.1,78806779,81551555,81551556,A,AM,1
NC_037331.1,NC_032653.1,78849909,81665511,81665513,a,aNN,2
NC_037331.1,NC_032653.1,79002114,81817716,81817717,t,tY,1
NC_037331.1,NC_032653.1,79048361,81863866,81863867,g,gA,1
NC_037331.1,NC_032653.1,79207232,81982568,81982569,T,TC,1
NC_037331.1,NC_032653.1,79231216,82006553,82006554,C,CT,1
NC_037331.1,NC_032653.1,79234430,82009762,82009767,c,caactt,5
NC_037331.1,NC_032653.1,79244499,82019838,82019891,T,TTNNNNNNNNNNNNNNNNNNNNNNNNNNNNNNNNNNNNNNNNNNNNNNNNNNNN,53
NC_037331.1,NC_032653.1,79245184,82020576,82020578,g,gaa,2
NC_037331.1,NC_032653.1,79524988,82299412,82299413,T,TY,1
NC_037331.1,NC_032653.1,79697985,82531381,82531384,A,AAAC,3
NC_037331.1,NC_032653.1,79704916,82546999,82547000,a,ac,1
NC_037331.1,NC_032653.1,79710365,82552450,82552451,T,TY,1
NC_037331.1,NC_032653.1,79785503,82628898,82628917,A,AGTTTGACTAGTNNNNNNNN,19
NC_037331.1,NC_032653.1,79819589,82662900,82662903,g,gaga,3
NC_037331.1,NC_032653.1,79822622,82665935,82665936,g,gt,1
NC_037331.1,NC_032653.1,79844518,82688644,82688646,c,cct,2
NC_037331.1,NC_032653.1,79946888,82790576,82790577,T,TC,1
NC_037331.1,NC_032653.1,79951964,82795653,82795654,C,CY,1
NC_037331.1,NC_032653.1,80005077,82851293,82851299,g,gtgtata,6
NC_037331.1,NC_032653.1,80049691,82895836,82895837,G,GC,1
NC_037331.1,NC_032653.1,80074151,82920300,82920301,G,GT,1
NC_037331.1,NC_032653.1,80076001,82922139,82922141,T,TAA,2
NC_037331.1,NC_032653.1,80105536,82959882,82959883,T,TK,1
NC_037331.1,NC_032653.1,80114264,82968623,82968624,A,AR,1
NC_037331.1,NC_032653.1,80118025,82972383,82972384,T,TK,1
NC_037331.1,NC_032653.1,80126983,82981342,82981343,G,GM,1
NC_037331.1,NC_032653.1,80142023,82996391,82996393,t,tca,2
NC_037331.1,NC_032653.1,80159418,83013790,83013791,G,GS,1
NC_037331.1,NC_032653.1,80167650,83022022,83022023,c,ct,1
NC_037331.1,NC_032653.1,80211746,83066128,83066130,g,ggt,2
NC_037331.1,NC_032653.1,80258818,83113292,83113294,a,att,2
NC_037331.1,NC_032653.1,80260380,83114856,83114857,g,gt,1
NC_037331.1,NC_032653.1,80313023,83166106,83166110,a,aNNNN,4
NC_037331.1,NC_032653.1,80313469,83166556,83166558,T,TAC,2
NC_037331.1,NC_032653.1,80351706,83204366,83204367,g,ga,1
NC_037331.1,NC_032653.1,80418327,83270886,83270887,A,AT,1
NC_037331.1,NC_032653.1,80433664,83286221,83286222,t,ta,1
NC_037331.1,NC_032653.1,80456520,83309083,83309087,a,aNNNN,4
NC_037331.1,NC_032653.1,80506630,83359196,83359198,g,gac,2
NC_037331.1,NC_032653.1,80511253,83363820,83363821,g,gt,1
NC_037331.1,NC_032653.1,80519128,83371573,83371577,A,ATTGT,4
NC_037331.1,NC_032653.1,80523613,83376062,83376063,C,CM,1
NC_037331.1,NC_032653.1,80570967,83423405,83423406,a,at,1
NC_037331.1,NC_032653.1,80621030,83472502,83472503,c,ca,1
NC_037331.1,NC_032653.1,80859375,83664988,83664989,a,at,1
NC_037331.1,NC_032653.1,80874491,83680105,83680108,t,tcca,3
NC_037331.1,NC_032653.1,80874698,83680315,83680324,t,tatcgagccc,9
NC_037331.1,NC_032653.1,80995748,83848975,83848977,A,AGT,2
NC_037331.1,NC_032653.1,80997549,83850778,83850796,A,AGCAAACCATTGTTGATAT,18
NC_037331.1,NC_032653.1,81054551,83907817,83907818,T,TN,1
NC_037331.1,NC_032653.1,81107013,83960299,83960300,t,tg,1
NC_037331.1,NC_032653.1,81144143,84004417,84004418,t,tg,1
NC_037331.1,NC_032653.1,81263833,84108214,84108215,t,ta,1
NC_037331.1,NC_032653.1,81280198,84124583,84124584,G,GS,1
NC_037331.1,NC_032653.1,81332237,84194225,84194226,A,AC,1
NC_037331.1,NC_032653.1,81334299,84196288,84196289,t,ta,1
NC_037331.1,NC_032653.1,81335859,84197850,84197854,a,aaaNN,4
NC_037331.1,NC_032653.1,81342649,84204644,84204645,a,ac,1
NC_037331.1,NC_032653.1,81392933,84159002,84159012,C,CAGGGACTGTG,10
NC_037331.1,NC_032653.1,81399887,84165973,84165974,A,AN,1
NC_037331.1,NC_032653.1,81400791,84166878,84166879,T,TA,1
NC_037331.1,NC_032653.1,81433209,84489673,84489674,A,AG,1
NC_037331.1,NC_032653.1,81446785,84503258,84503259,G,GA,1
NC_037331.1,NC_032653.1,81523896,84580386,84580391,g,ggacaa,5
NC_037331.1,NC_032653.1,81524493,84580988,84580989,C,CY,1
NC_037331.1,NC_032653.1,81562770,84619284,84619285,T,TC,1
NC_037331.1,NC_032653.1,81565347,84621858,84621859,t,ta,1
NC_037331.1,NC_032653.1,81578963,84635475,84635476,C,CA,1
NC_037331.1,NC_032653.1,81593855,84650373,84650376,t,ttcc,3
NC_037331.1,NC_032653.1,81666348,84730443,84730444,c,ct,1
NC_037331.1,NC_032653.1,81736722,84800815,84800816,C,CA,1
NC_037331.1,NC_032653.1,81782391,84846131,84846132,T,TA,1
NC_037331.1,NC_032653.1,81884954,84952642,84952662,a,acagggaagcctggtgtcctg,20
NC_037331.1,NC_032653.1,81896644,84964394,84964396,g,gta,2
NC_037331.1,NC_032653.1,81949790,85028319,85028320,c,ca,1
NC_037331.1,NC_032653.1,82010589,85089126,85089127,T,TY,1
NC_037331.1,NC_032653.1,82038987,85117529,85117530,t,tN,1
NC_037331.1,NC_032653.1,82057208,85136014,85136040,a,accaGTCTTGGTATTTCACAGTTTtgg,26
NC_037331.1,NC_032653.1,82069121,85147961,85147962,t,tc,1
NC_037331.1,NC_032653.1,82095315,85173946,85173949,G,GGGA,3
NC_037331.1,NC_032653.1,82098569,85177203,85177209,A,ACTTTTG,6
NC_037331.1,NC_032653.1,82098917,85177557,85177558,T,TG,1
NC_037331.1,NC_032653.1,82104945,85181426,85181427,t,ta,1
NC_037331.1,NC_032653.1,82105855,85182341,85182342,g,gt,1
NC_037331.1,NC_032653.1,82171299,85247816,85247818,t,tac,2
NC_037331.1,NC_032653.1,82219009,85295518,85295519,G,GK,1
NC_037331.1,NC_032653.1,82231195,85307720,85307724,t,taagc,4
NC_037331.1,NC_032653.1,82242600,85319150,85319151,g,gc,1
NC_037331.1,NC_032653.1,82278155,85354690,85354692,A,AAG,2
NC_037331.1,NC_032653.1,82313136,85388876,85388877,G,GA,1
NC_037331.1,NC_032653.1,82371331,85450268,85450269,C,CT,1
NC_037331.1,NC_032653.1,82475501,85586656,85586657,C,CA,1
NC_037331.1,NC_032653.1,82525064,85636535,85636536,A,AG,1
NC_037331.1,NC_032653.1,82525464,85636935,85636938,t,tagc,3
NC_037331.1,NC_032653.1,82547840,85540079,85540081,T,TTC,2
NC_037331.1,NC_032653.1,82547840,85659208,85659210,T,TTC,2
NC_037331.1,NC_032653.1,82550704,85663150,85663151,C,CT,1
NC_037331.1,NC_032653.1,82568093,85682714,85682715,c,ct,1
NC_037331.1,NC_032653.1,82568894,85683522,85683524,C,CGN,2
NC_037331.1,NC_032653.1,82571351,85685982,85685983,T,TC,1
NC_037331.1,NC_032653.1,82571649,85686281,85686324,T,TTAAAAGGTTTTAATCAACNNNNNNNNNNNNNNNNNNNNNNNNN,43
NC_037331.1,NC_032653.1,82583966,85698638,85698639,a,ac,1
NC_037331.1,NC_032653.1,82586579,85701250,85701251,A,AT,1
NC_037331.1,NC_032653.1,82606044,85707364,85707366,t,tta,2
NC_037331.1,NC_032653.1,82606848,85708169,85708170,g,gt,1
NC_037331.1,NC_032653.1,82655024,85756379,85756380,C,CT,1
NC_037331.1,NC_032653.1,82660934,85762232,85762233,A,AG,1
NC_037331.1,NC_032653.1,82684425,85785730,85785731,c,ca,1
NC_037331.1,NC_032653.1,82684573,85785880,85785881,t,tN,1
NC_037331.1,NC_032653.1,82693005,85794316,85794318,g,ggt,2
NC_037331.1,NC_032653.1,82693456,85794769,85794770,G,GS,1
NC_037331.1,NC_032653.1,82695416,85796729,85796730,G,GA,1
NC_037331.1,NC_032653.1,82696885,85798197,85798198,A,AG,1
NC_037331.1,NC_032653.1,82744190,85845732,85845736,C,CATGA,4
NC_037331.1,NC_032653.1,82788155,85889854,85889855,t,ta,1
NC_037331.1,NC_032653.1,82806130,85907888,85907889,A,AR,1
NC_037331.1,NC_032653.1,82813172,85914930,85914931,T,TA,1
NC_037331.1,NC_032653.1,82814000,85915759,85915760,A,AG,1
NC_037331.1,NC_032653.1,82822445,85924155,85924156,C,CY,1
NC_037331.1,NC_032653.1,82825183,85926890,85926891,G,GS,1
NC_037331.1,NC_032653.1,82825966,85927674,85927675,t,tg,1
NC_037331.1,NC_032653.1,82827190,85928895,85928896,T,TW,1
NC_037331.1,NC_032653.1,82833666,85935376,85935377,c,ct,1
NC_037331.1,NC_032653.1,82840704,85942438,85942440,a,aag,2
NC_037331.1,NC_032653.1,82840808,85942544,85942545,c,cg,1
NC_037331.1,NC_032653.1,82841699,85943436,85943437,C,CY,1
NC_037331.1,NC_032653.1,82841941,85943679,85943681,C,CAT,2
NC_037331.1,NC_032653.1,82845387,85947938,85947939,T,TC,1
NC_037331.1,NC_032653.1,82849045,85951589,85951590,c,ct,1
NC_037331.1,NC_032653.1,82849701,85952245,85952256,g,gtttgtgtaggc,11
NC_037331.1,NC_032653.1,82850293,85952848,85952851,T,TTTC,3
NC_037331.1,NC_032653.1,82858238,85960803,85960809,a,atcacac,6
NC_037331.1,NC_032653.1,82858352,85960923,85960924,c,ct,1
NC_037331.1,NC_032653.1,82866600,85969190,85969191,A,AR,1
NC_037331.1,NC_032653.1,82879120,85981856,85981857,g,gt,1
NC_037331.1,NC_032653.1,82885607,85988345,85988347,t,tag,2
NC_037331.1,NC_032653.1,82886442,85989182,85989183,T,TS,1
NC_037331.1,NC_032653.1,82890575,85993020,85993021,g,gt,1
NC_037331.1,NC_032653.1,82897931,86000108,86000116,g,gaaaagtga,8
NC_037331.1,NC_032653.1,82921020,86023573,86023574,A,AG,1
NC_037331.1,NC_032653.1,82921571,86024125,86024126,G,GS,1
NC_037331.1,NC_032653.1,82925612,86028167,86028168,G,GA,1
NC_037331.1,NC_032653.1,82942726,86045297,86045303,G,GAGGGCA,6
NC_037331.1,NC_032653.1,82944027,86046613,86046614,A,AK,1
NC_037331.1,NC_032653.1,82949853,86052439,86052440,c,ct,1
NC_037331.1,NC_032653.1,82970963,86073600,86073601,g,gt,1
NC_037331.1,NC_032653.1,82994973,86097773,86097774,t,tc,1
NC_037331.1,NC_032653.1,83055909,86158474,86158475,a,at,1
NC_037331.1,NC_032653.1,83066324,86168186,86168190,A,AGACT,4
NC_037331.1,NC_032653.1,83066483,86168349,86168350,G,GA,1
NC_037331.1,NC_032653.1,83066918,86168781,86168782,c,ca,1
NC_037331.1,NC_032653.1,83073300,86175858,86175860,c,ctt,2
NC_037331.1,NC_032653.1,83081026,86183584,86183585,a,at,1
NC_037331.1,NC_032653.1,83086496,86189057,86189059,T,TTG,2
NC_037331.1,NC_032653.1,83103523,86206088,86206089,a,ag,1
NC_037331.1,NC_032653.1,83142240,86244909,86244911,a,aac,2
NC_037331.1,NC_032653.1,83159011,86261682,86261683,a,at,1
NC_037331.1,NC_032653.1,83263095,86364619,86364620,a,at,1
NC_037331.1,NC_032653.1,83277845,86379371,86379373,c,ctg,2
NC_037331.1,NC_032653.1,83294508,86396036,86396040,A,AAACT,4
NC_037331.1,NC_032653.1,83320162,86422179,86422180,g,gt,1
NC_037331.1,NC_032653.1,83325593,86427606,86427607,T,TY,1
NC_037331.1,NC_032653.1,83338335,86440338,86440339,T,TC,1
NC_037331.1,NC_032653.1,83348642,86450625,86450626,C,CT,1
NC_037331.1,NC_032653.1,83348642,86477929,86477930,C,CT,1
NC_037331.1,NC_032653.1,83363425,86492718,86492724,a,aNNNNNN,6
NC_037331.1,NC_032653.1,83376748,86506054,86506055,a,aR,1
NC_037331.1,NC_032653.1,83390688,86519997,86519998,a,at,1
NC_037331.1,NC_032653.1,83391223,86520534,86520535,c,ct,1
NC_037331.1,NC_032653.1,83452420,86845547,86845549,t,tta,2
NC_037331.1,NC_032653.1,83461610,86855047,86855049,C,CTT,2
NC_037331.1,NC_032653.1,83483640,86877780,86877781,g,gc,1
NC_037331.1,NC_032653.1,83506154,86605669,86605670,T,TG,1
NC_037331.1,NC_032653.1,83533807,86633326,86633327,g,ga,1
NC_037331.1,NC_032653.1,83565841,86665380,86665384,t,tatac,4
NC_037331.1,NC_032653.1,83646870,86746389,86746390,t,tg,1
NC_037331.1,NC_032653.1,83650202,86749722,86749745,A,AYGCCATNNNNNNNNNNNNNNNCG,23
NC_037331.1,NC_032653.1,83653525,86753076,86753077,T,TA,1
NC_037331.1,NC_032653.1,83686396,86786720,86786721,C,CS,1
NC_037331.1,NC_032653.1,83691570,86791917,86791918,T,TG,1
NC_037331.1,NC_032653.1,84093504,86969758,86969766,a,aaNNNNNNN,8
NC_037331.1,NC_032653.1,84106770,86983064,86983067,a,aaat,3
NC_037331.1,NC_032653.1,84156800,87033030,87033031,t,tc,1
NC_037331.1,NC_032653.1,84161246,87037490,87037496,G,GCGTAGT,6
NC_037331.1,NC_032653.1,84164288,87040538,87040546,c,cttaTGCTT,8
NC_037331.1,NC_032653.1,84165094,87041353,87041355,t,tga,2
NC_037331.1,NC_032653.1,84186294,87062563,87062566,a,aaag,3
NC_037331.1,NC_032653.1,84280410,87157325,87157327,C,CAS,2
NC_037331.1,NC_032653.1,84282183,87159099,87159102,t,tctc,3
NC_037331.1,NC_032653.1,84295288,87172223,87172227,a,acaac,4
NC_037331.1,NC_032653.1,84307084,87184025,87184026,t,tg,1
NC_037331.1,NC_032653.1,84309857,87186797,87186800,C,CAMA,3
NC_037331.1,NC_032653.1,84347944,87225898,87225899,A,AW,1
NC_037331.1,NC_032653.1,84366512,87248270,87248271,c,cN,1
NC_037331.1,NC_032653.1,84373265,87255024,87255026,a,aat,2
NC_037331.1,NC_032653.1,84407718,87289502,87289506,a,aNNNN,4
NC_037331.1,NC_032653.1,84414078,87295869,87295870,c,ct,1
NC_037331.1,NC_032653.1,84416758,87298550,87298551,a,at,1
NC_037331.1,NC_032653.1,84417324,87299117,87299118,C,CY,1
NC_037331.1,NC_032653.1,84420414,87302837,87302838,t,tc,1
NC_037331.1,NC_032653.1,84434374,87316801,87316802,a,ag,1
NC_037331.1,NC_032653.1,84436477,87318905,87318910,t,taaatg,5
NC_037331.1,NC_032653.1,84438012,87320445,87320446,A,AC,1
NC_037331.1,NC_032653.1,84505282,87387237,87387238,G,GT,1
NC_037331.1,NC_032653.1,84513370,87395324,87395325,T,TA,1
NC_037331.1,NC_032653.1,84516924,87398615,87398616,t,tc,1
NC_037331.1,NC_032653.1,84552636,87434764,87434765,g,ga,1
NC_037331.1,NC_032653.1,84589102,87473556,87473557,T,TK,1
NC_037331.1,NC_032653.1,84714268,87666359,87666367,a,atagatgtt,8
NC_037331.1,NC_032653.1,84767265,87719371,87719376,g,gctgta,5
NC_037331.1,NC_032653.1,84817548,87766225,87766230,A,AAGTAT,5
NC_037331.1,NC_032653.1,84868610,87817270,87817280,A,ACCCTGTACAG,10
NC_037331.1,NC_032653.1,84877318,87825988,87825989,C,CT,1
NC_037331.1,NC_032653.1,84882595,87831262,87831263,a,at,1
NC_037331.1,NC_032653.1,84900509,87849901,87849902,G,GA,1
NC_037331.1,NC_032653.1,84900583,87849976,87849977,C,CA,1
NC_037331.1,NC_032653.1,84937453,87893013,87893016,G,GTCA,3
NC_037331.1,NC_032653.1,84962032,87917597,87917598,t,ta,1
NC_037331.1,NC_032653.1,85025563,87990725,87990726,g,gc,1
NC_037331.1,NC_032653.1,85165932,88131327,88131328,C,CG,1
NC_037331.1,NC_032653.1,85182442,88147852,88147853,G,GR,1
NC_037331.1,NC_032653.1,85230203,88195622,88195623,T,TA,1
NC_037331.1,NC_032653.1,85256343,88221764,88221776,c,ccaatatataaga,12
NC_037331.1,NC_032653.1,85304155,88269641,88269642,T,TC,1
NC_037331.1,NC_032653.1,85321262,88286764,88286765,T,TC,1
NC_037331.1,NC_032653.1,85359474,88324988,88324989,t,tg,1
NC_037331.1,NC_032653.1,85390996,88356331,88356333,g,gac,2
NC_037331.1,NC_032653.1,85460417,88423044,88423046,c,cag,2
NC_037331.1,NC_032653.1,85477746,88440335,88440336,a,at,1
NC_037331.1,NC_032653.1,85511825,88474420,88474441,A,ACAACTGCATATCAAGCAAATG,21
NC_037331.1,NC_032653.1,85512827,88475444,88475445,a,at,1
NC_037331.1,NC_032653.1,85513010,88475628,88475629,a,ag,1
NC_037331.1,NC_032653.1,85515023,88477642,88477643,A,AC,1
NC_037331.1,NC_032653.1,85522815,88485433,88485434,t,ta,1
NC_037331.1,NC_032653.1,85523769,88486388,88486389,g,gc,1
NC_037331.1,NC_032653.1,85523793,88486413,88486414,a,ag,1
NC_037331.1,NC_032653.1,85536970,88499451,88499452,T,TA,1
NC_037331.1,NC_032653.1,85605461,88567941,88567945,a,aaatg,4
NC_037331.1,NC_032653.1,85611587,88574071,88574073,C,CAA,2
NC_037331.1,NC_032653.1,85627664,88590168,88590170,c,caa,2
NC_037331.1,NC_032653.1,85631355,88593861,88593862,a,ac,1
NC_037331.1,NC_032653.1,85695279,88649839,88649840,T,TC,1
NC_037331.1,NC_032653.1,85696959,88651517,88651524,g,gggttttt,7
NC_037331.1,NC_032653.1,85704977,88659540,88659541,A,AR,1
NC_037331.1,NC_032653.1,85705236,88659800,88659801,t,tc,1
NC_037331.1,NC_032653.1,85706324,88660889,88660890,a,ag,1
NC_037331.1,NC_032653.1,85710191,88664556,88664557,A,AC,1
NC_037331.1,NC_032653.1,85730293,88684649,88684651,C,CWA,2
NC_037331.1,NC_032653.1,85738912,88692966,88692967,C,CT,1
NC_037331.1,NC_032653.1,85742674,88696732,88696734,A,AAG,2
NC_037331.1,NC_032653.1,85766562,88720614,88720618,t,tNNNN,4
NC_037331.1,NC_032653.1,85782419,88736477,88736478,G,GC,1
NC_037331.1,NC_032653.1,85890149,88870002,88870004,T,TKA,2
NC_037331.1,NC_032653.1,85943381,88922840,88922841,g,gt,1
NC_037331.1,NC_032653.1,85964479,88944019,88944021,a,aNN,2
NC_037331.1,NC_032653.1,85966999,88946543,88946544,T,TC,1
NC_037331.1,NC_032653.1,85983162,88963467,88963468,a,ac,1
NC_037331.1,NC_032653.1,85986316,88966622,88966623,t,ta,1
NC_037331.1,NC_032653.1,85994526,88974833,88974836,A,AAGG,3
NC_037331.1,NC_032653.1,86099934,89080286,89080287,c,ct,1
NC_037331.1,NC_032653.1,86100847,89081200,89081201,g,gt,1
NC_037331.1,NC_032653.1,86100854,89081208,89081209,g,gt,1
NC_037331.1,NC_032653.1,86100869,89081224,89081225,g,gc,1
NC_037331.1,NC_032653.1,86100949,89081305,89081306,t,tc,1
NC_037331.1,NC_032653.1,86100984,89081341,89081342,c,ct,1
NC_037331.1,NC_032653.1,86101126,89081484,89081485,t,tc,1
NC_037331.1,NC_032653.1,86103462,89083821,89083822,a,at,1
NC_037331.1,NC_032653.1,86108901,89089261,89089265,C,CACTT,4
NC_037331.1,NC_032653.1,86109061,89089425,89089426,A,AT,1
NC_037331.1,NC_032653.1,86115780,89096144,89096145,g,gc,1
NC_037331.1,NC_032653.1,86116779,89097145,89097166,a,attcatctgctgatgggcatct,21
NC_037331.1,NC_032653.1,86117712,89098098,89098099,c,ct,1
NC_037331.1,NC_032653.1,86118324,89098711,89098714,a,actt,3
NC_037331.1,NC_032653.1,86118829,89099219,89099220,t,tg,1
NC_037331.1,NC_032653.1,86119018,89099409,89099410,t,tg,1
NC_037331.1,NC_032653.1,86119192,89099584,89099585,g,gt,1
NC_037331.1,NC_032653.1,86120699,89101092,89101099,t,ttttgttg,7
NC_037331.1,NC_032653.1,86192913,89172889,89172890,T,TY,1
NC_037331.1,NC_032653.1,86194017,89173994,89173995,c,ct,1
NC_037331.1,NC_032653.1,86262042,89241902,89241904,t,tag,2
NC_037331.1,NC_032653.1,86281925,89261779,89261786,g,gctcaaca,7
NC_037331.1,NC_032653.1,86302131,89281892,89281894,t,taa,2
NC_037331.1,NC_032653.1,86304455,89284218,89284285,g,gaatctgcctgcaatgtNNNNNNNNNNNNNNNNNNNNNNNNNNNNNNNNNNNNNNNNNNNNNNNNNNN,67
NC_037331.1,NC_032653.1,86396544,89374714,89374715,t,tc,1
NC_037331.1,NC_032653.1,86437767,89415921,89415922,t,tN,1
NC_037331.1,NC_032653.1,86539141,89517324,89517326,t,taa,2
NC_037331.1,NC_032653.1,86569529,89548014,89548015,c,ca,1
NC_037331.1,NC_032653.1,86579519,89558214,89558216,A,AAT,2
NC_037331.1,NC_032653.1,86636821,89615524,89615526,C,CAA,2
NC_037331.1,NC_032653.1,86731161,89709824,89709825,G,GT,1
NC_037331.1,NC_032653.1,86837244,89815797,89815799,C,CAT,2
NC_037331.1,NC_032653.1,86878339,89856931,89856933,C,CTT,2
NC_037331.1,NC_032653.1,86887104,89865701,89865704,A,AAAT,3
NC_037331.1,NC_032653.1,86893933,89872537,89872539,A,AAG,2
NC_037331.1,NC_032653.1,86917635,89896231,89896233,A,AAC,2
NC_037331.1,NC_032653.1,86927571,89906169,89906171,C,CAg,2
NC_037331.1,NC_032653.1,86959175,89937781,89937782,A,AG,1
NC_037331.1,NC_032653.1,86977126,89955736,89955740,A,AAGAT,4
NC_037331.1,NC_032653.1,86991380,89970003,89970004,a,at,1
NC_037331.1,NC_032653.1,86992034,89970658,89970661,A,ACTC,3
NC_037331.1,NC_032653.1,87060807,90039763,90039765,a,atc,2
NC_037331.1,NC_032653.1,87163322,90142265,90142266,c,ca,1
NC_037331.1,NC_032653.1,87274708,90253664,90253665,a,ag,1
NC_037331.1,NC_032653.1,87274937,90253894,90253899,c,cacagg,5
NC_037331.1,NC_032653.1,87275601,90254562,90254563,t,tg,1
NC_037331.1,NC_032653.1,87281267,90260229,90260230,g,gc,1
NC_037331.1,NC_032653.1,87281466,90260429,90260431,c,cca,2
NC_037331.1,NC_032653.1,87373875,90352851,90352854,t,tatc,3
NC_037331.1,NC_032653.1,87434049,90413079,90413080,g,gc,1
NC_037331.1,NC_032653.1,87456402,90435432,90435433,t,ta,1
NC_037331.1,NC_032653.1,87460359,90439386,90439388,g,gca,2
NC_037331.1,NC_032653.1,87477912,90456938,90456939,t,ta,1
NC_037331.1,NC_032653.1,87517419,90496450,90496454,a,aNNNN,4
NC_037331.1,NC_032653.1,87766882,90746123,90746124,c,ca,1
NC_037331.1,NC_032653.1,87794952,90777709,90777721,g,gaaaactagtcaa,12
NC_037331.1,NC_032653.1,87877550,90836349,90836350,A,AT,1
NC_037331.1,NC_032653.1,88126452,91085183,91085184,a,ag,1
NC_037331.1,NC_032653.1,88183778,91142513,91142514,c,ca,1
NC_037331.1,NC_032653.1,88473400,91433733,91433737,g,gggac,4
NC_037331.1,NC_032653.1,88481586,91442039,91442042,t,tctc,3
NC_037331.1,NC_032653.1,88491293,91451749,91451750,A,AG,1
NC_037331.1,NC_032653.1,88495855,91456325,91456328,A,AAKW,3
NC_037331.1,NC_032653.1,88497751,91458224,91458227,C,CTAG,3
NC_037331.1,NC_032653.1,88499171,91459645,91459646,t,ta,1
NC_037331.1,NC_032653.1,88502322,91462800,91462801,c,ct,1
NC_037331.1,NC_032653.1,88506326,91466796,91466797,t,tc,1
NC_037331.1,NC_032653.1,88517163,91477840,91477841,C,CY,1
NC_037331.1,NC_032653.1,88565681,91526656,91526658,a,act,2
NC_037331.1,NC_032653.1,88569883,91530860,91530863,C,CCCT,3
NC_037331.1,NC_032653.1,88623884,91582191,91582193,a,aNN,2
NC_037331.1,NC_032653.1,88639287,91597595,91597596,a,at,1
NC_037331.1,NC_032653.1,88643205,91601514,91601515,a,ag,1
NC_037331.1,NC_032653.1,88688001,91642852,91642854,A,AGT,2
NC_037331.1,NC_032653.1,88893492,91852614,91852616,g,gaa,2
NC_037331.1,NC_032653.1,88893492,91948800,91948802,g,gaa,2
NC_037331.1,NC_032653.1,88961043,92016948,92016949,A,AT,1
NC_037331.1,NC_032653.1,88994007,92049914,92049916,t,tNN,2
NC_037331.1,NC_032653.1,89077719,92132994,92132996,g,ggt,2
NC_037331.1,NC_032653.1,89078183,92133460,92133461,A,AG,1
NC_037331.1,NC_032653.1,89081136,92136412,92136426,T,TATATAAAAAATTTG,14
NC_037331.1,NC_032653.1,89084474,92139669,92139672,T,TATC,3
NC_037331.1,NC_032653.1,89104233,92159443,92159445,T,TGA,2
NC_037331.1,NC_032653.1,89114056,92169272,92169273,t,tc,1
NC_037331.1,NC_032653.1,89114746,92169963,92169964,C,CA,1
NC_037331.1,NC_032653.1,89134192,92189354,92189355,t,ta,1
NC_037331.1,NC_032653.1,89134762,92189926,92189929,G,GAAT,3
NC_037331.1,NC_032653.1,89136500,92191670,92191673,c,caaa,3
NC_037331.1,NC_032653.1,89161182,92216339,92216341,a,atc,2
NC_037331.1,NC_032653.1,89174564,92229599,92229604,T,TCAAAA,5
NC_037331.1,NC_032653.1,89209357,92259521,92259523,a,aNN,2
NC_037331.1,NC_032653.1,89231392,92281558,92281559,A,AC,1
NC_037331.1,NC_032653.1,89286985,92345833,92345834,C,CM,1
NC_037331.1,NC_032653.1,89305789,92364069,92364070,T,TG,1
NC_037331.1,NC_032653.1,89325098,92383365,92383367,C,CAT,2
NC_037331.1,NC_032653.1,89325700,92383967,92383968,T,TC,1
NC_037331.1,NC_032653.1,89399332,92457800,92457801,A,AW,1
NC_037331.1,NC_032653.1,89419291,92477714,92477715,G,GT,1
NC_037331.1,NC_032653.1,89423916,92482100,92482101,c,ca,1
NC_037331.1,NC_032653.1,89426394,92484578,92484579,G,GS,1
NC_037331.1,NC_032653.1,89443601,92501136,92501139,C,CYGT,3
NC_037331.1,NC_032653.1,89460040,92517549,92517550,c,ca,1
NC_037331.1,NC_032653.1,89460599,92518109,92518112,c,cttt,3
NC_037331.1,NC_032653.1,89465542,92523055,92523056,c,ca,1
NC_037331.1,NC_032653.1,89488670,92546183,92546184,A,AG,1
NC_037331.1,NC_032653.1,89495526,92553037,92553038,T,TK,1
NC_037331.1,NC_032653.1,89495894,92553406,92553407,T,TC,1
NC_037331.1,NC_032653.1,89500937,92558430,92558436,c,cagcagt,6
NC_037331.1,NC_032653.1,89512883,92575440,92575441,C,CA,1
NC_037331.1,NC_032653.1,89514865,92577423,92577424,t,ta,1
NC_037331.1,NC_032653.1,89518330,92580886,92580893,c,cctgtctg,7
NC_037331.1,NC_032653.1,89524502,92587061,92587063,C,CAG,2
NC_037331.1,NC_032653.1,89534494,92597282,92597285,C,CTCA,3
NC_037331.1,NC_032653.1,89550532,92612909,92612911,G,GGR,2
NC_037331.1,NC_032653.1,89560425,92622803,92622807,g,gtttt,4
NC_037331.1,NC_032653.1,89563191,92625563,92625564,C,CA,1
NC_037331.1,NC_032653.1,89569817,92632188,92632192,a,atgat,4
NC_037331.1,NC_032653.1,89570101,92632475,92632476,A,AT,1
NC_037331.1,NC_032653.1,89573732,92636279,92636280,t,ta,1
NC_037331.1,NC_032653.1,89573820,92636368,92636369,G,GC,1
NC_037331.1,NC_032653.1,89581068,92643617,92643618,T,TA,1
NC_037331.1,NC_032653.1,89596052,92658602,92658603,A,AR,1
NC_037331.1,NC_032653.1,89605248,92667794,92667860,G,GGGCTCAAACAACTCTCANNNNNNNNNNNNNNNNNNNNNNNNNNNNNNNNNNNNNNNNNTGTGGGAS,66
NC_037331.1,NC_032653.1,89624457,92687074,92687075,g,gt,1
NC_037331.1,NC_032653.1,89627552,92690170,92690171,a,ag,1
NC_037331.1,NC_032653.1,89629021,92691631,92691632,T,TG,1
NC_037331.1,NC_032653.1,89629659,92692270,92692271,t,ta,1
NC_037331.1,NC_032653.1,89631411,92694017,92694018,t,tg,1
NC_037331.1,NC_032653.1,89651803,92718370,92718371,a,ac,1
NC_037331.1,NC_032653.1,89703993,92769324,92769328,g,gcttt,4
NC_037331.1,NC_032653.1,89704123,92769458,92769464,a,atcttct,6
NC_037331.1,NC_032653.1,89704312,92769653,92769654,a,at,1
NC_037331.1,NC_032653.1,89705348,92770691,92770693,c,caa,2
NC_037331.1,NC_032653.1,89716593,92781938,92781939,a,ac,1
NC_037331.1,NC_032653.1,89774477,92839810,92839811,g,gc,1
NC_037331.1,NC_032653.1,89774973,92840307,92840310,a,acat,3
NC_037331.1,NC_032653.1,89777522,92842960,92842961,C,CA,1
NC_037331.1,NC_032653.1,89788484,92853913,92853917,C,CATCA,4
NC_037331.1,NC_032653.1,89805615,92871043,92871044,a,at,1
NC_037331.1,NC_032653.1,89809584,92875022,92875023,t,tg,1
NC_037331.1,NC_032653.1,89809908,92875345,92875346,a,at,1
NC_037331.1,NC_032653.1,89814215,92879654,92879655,T,TC,1
NC_037331.1,NC_032653.1,89818856,92884299,92884300,t,tc,1
NC_037331.1,NC_032653.1,89819211,92884655,92884656,g,gt,1
NC_037331.1,NC_032653.1,89820071,92885516,92885518,c,cca,2
NC_037331.1,NC_032653.1,89834309,92899738,92899739,t,tc,1
NC_037331.1,NC_032653.1,89839545,92904975,92904976,a,at,1
NC_037331.1,NC_032653.1,89853204,92918649,92918652,c,ctgt,3
NC_037331.1,NC_032653.1,89857538,92922984,92922985,T,TA,1
NC_037331.1,NC_032653.1,89857882,92923329,92923335,a,aaaagtg,6
NC_037331.1,NC_032653.1,89872618,92938068,92938069,a,at,1
NC_037331.1,NC_032653.1,89907534,92972994,92972995,T,TA,1
NC_037331.1,NC_032653.1,89947651,93013639,93013640,a,at,1
NC_037331.1,NC_032653.1,89970979,93036973,93036974,t,tc,1
NC_037331.1,NC_032653.1,89972114,93038109,93038110,t,tg,1
NC_037331.1,NC_032653.1,90086635,93157623,93157624,a,ag,1
NC_037331.1,NC_032653.1,90103825,93175441,93175457,a,aatatatatatatatat,16
NC_037331.1,NC_032653.1,90105080,93176709,93176719,G,GAGCACATATT,10
NC_037331.1,NC_032653.1,90106164,93177808,93177809,G,GT,1
NC_037331.1,NC_032653.1,90108575,93180638,93180639,A,AR,1
NC_037331.1,NC_032653.1,90109873,93181939,93181945,a,aaaaaat,6
NC_037331.1,NC_032653.1,90114669,93186740,93186741,T,TG,1
NC_037331.1,NC_032653.1,90119190,93191090,93191091,A,AG,1
NC_037331.1,NC_032653.1,90124231,93196151,93196155,T,TCTTC,4
NC_037331.1,NC_032653.1,90126056,93197980,93197981,t,tg,1
NC_037331.1,NC_032653.1,90126384,93198309,93198310,T,TW,1
NC_037331.1,NC_032653.1,90131246,93202979,93202980,T,TA,1
NC_037331.1,NC_032653.1,90131511,93203245,93203246,A,AT,1
NC_037331.1,NC_032653.1,90178385,93250148,93250152,t,ttgtg,4
NC_037331.1,NC_032653.1,90178717,93250484,93250488,a,aNNNN,4
NC_037331.1,NC_032653.1,90180657,93252428,93252430,g,gca,2
NC_037331.1,NC_032653.1,90209097,93280577,93280578,g,ga,1
NC_037331.1,NC_032653.1,90225258,93296740,93296741,t,tN,1
NC_037331.1,NC_032653.1,90247575,93319057,93319058,t,ta,1
NC_037331.1,NC_032653.1,90253827,93325307,93325308,G,GC,1
NC_037331.1,NC_032653.1,90260639,93332121,93332122,A,AT,1
NC_037331.1,NC_032653.1,90262000,93333483,93333484,T,TC,1
NC_037331.1,NC_032653.1,90304779,93376277,93376278,a,at,1
NC_037331.1,NC_032653.1,90334287,93405773,93405774,g,ga,1
NC_037331.1,NC_032653.1,90336804,93408295,93408296,t,tg,1
NC_037331.1,NC_032653.1,90342581,93414110,93414112,C,CTA,2
NC_037331.1,NC_032653.1,90350426,93423040,93423045,T,TTTATG,5
NC_037331.1,NC_032653.1,90362423,93435062,93435068,C,CTAATAG,6
NC_037331.1,NC_032653.1,90375965,93448610,93448611,t,ta,1
NC_037331.1,NC_032653.1,90397125,93469944,93469965,c,cctggaCGTCGAGANNNNNNNN,21
NC_037331.1,NC_032653.1,90403124,93475966,93475967,g,gc,1
NC_037331.1,NC_032653.1,90406768,93479776,93479777,G,GN,1
NC_037331.1,NC_032653.1,90406923,93479932,93479933,A,AC,1
NC_037331.1,NC_032653.1,90407994,93480999,93481000,G,GM,1
NC_037331.1,NC_032653.1,90408752,93481757,93481758,a,ag,1
NC_037331.1,NC_032653.1,90409858,93482861,93482862,a,ag,1
NC_037331.1,NC_032653.1,90413772,93486781,93486783,a,aag,2
NC_037331.1,NC_032653.1,90439153,93513017,93513018,g,gt,1
NC_037331.1,NC_032653.1,90444421,93518281,93518282,c,ca,1
NC_037331.1,NC_032653.1,90448096,93522953,93522955,t,taN,2
NC_037331.1,NC_032653.1,90453107,93527968,93527969,t,tg,1
NC_037331.1,NC_032653.1,90460862,93535723,93535727,t,tNNNN,4
NC_037331.1,NC_032653.1,90479473,93554326,93554327,a,ag,1
NC_037331.1,NC_032653.1,90479912,93554766,93554767,t,tg,1
NC_037331.1,NC_032653.1,90479912,93558732,93558733,t,tg,1
NC_037331.1,NC_032653.1,90480153,93555008,93555009,a,ag,1
NC_037331.1,NC_032653.1,90484698,93563516,93563518,A,AAT,2
NC_037331.1,NC_032653.1,90487262,93566086,93566087,c,ca,1
NC_037331.1,NC_032653.1,90497288,93576112,93576113,T,TW,1
NC_037331.1,NC_032653.1,90516730,93596180,93596181,t,tc,1
NC_037331.1,NC_032653.1,90525689,93604886,93604887,G,GA,1
NC_037331.1,NC_032653.1,90555782,93634128,93634129,g,ga,1
NC_037331.1,NC_032653.1,90584621,93689920,93689921,g,gt,1
NC_037331.1,NC_032653.1,90588666,93693968,93693969,c,ct,1
NC_037331.1,NC_032653.1,90614177,93719484,93719486,t,tgg,2
NC_037331.1,NC_032653.1,90623992,93731856,93731858,g,gca,2
NC_037331.1,NC_032653.1,90643493,93751346,93751349,A,AAGG,3
NC_037331.1,NC_032653.1,90722950,93830815,93830818,a,atat,3
NC_037331.1,NC_032653.1,90754025,93914637,93914638,a,aN,1
NC_037331.1,NC_032653.1,90765699,93926304,93926305,g,gc,1
NC_037331.1,NC_032653.1,90767323,93875192,93875197,a,atatat,5
NC_037331.1,NC_032653.1,90768367,93876241,93876242,c,ct,1
NC_037331.1,NC_032653.1,90815320,93975825,93975826,t,tg,1
NC_037331.1,NC_032653.1,90822633,93983140,93983143,a,aagg,3
NC_037331.1,NC_032653.1,90824394,93984901,93984909,A,ACATGAATT,8
NC_037331.1,NC_032653.1,90824457,93984972,93984973,t,ta,1
NC_037331.1,NC_032653.1,90902328,94062812,94062813,g,ga,1
NC_037331.1,NC_032653.1,91024810,94185186,94185187,a,ag,1
NC_037331.1,NC_032653.1,91065585,94225939,94225940,A,AW,1
NC_037331.1,NC_032653.1,91065693,94226048,94226050,C,CAT,2
NC_037331.1,NC_032653.1,91066600,94226954,94226955,c,ca,1
NC_037331.1,NC_032653.1,91066616,94226971,94226973,a,aac,2
NC_037331.1,NC_032653.1,91069931,94230285,94230286,T,TW,1
NC_037331.1,NC_032653.1,91093061,94253420,94253421,g,gc,1
NC_037331.1,NC_032653.1,91094881,94255282,94255283,t,tg,1
NC_037331.1,NC_032653.1,91098953,94259357,94259358,A,AR,1
NC_037331.1,NC_032653.1,91131419,94291827,94291828,T,TG,1
NC_037331.1,NC_032653.1,91133029,94293438,94293441,G,GCTT,3
NC_037331.1,NC_032653.1,91148093,94308568,94308569,t,ta,1
NC_037331.1,NC_032653.1,91148438,94308914,94308931,A,AWGTGTACAAGTGTACAC,17
NC_037331.1,NC_032653.1,91149081,94309574,94309575,C,CT,1
NC_037331.1,NC_032653.1,91152888,94313381,94313382,G,GR,1
NC_037331.1,NC_032653.1,91154570,94315064,94315065,A,AW,1
NC_037331.1,NC_032653.1,91223011,94384860,94384863,a,aaat,3
NC_037331.1,NC_032653.1,91325201,94487046,94487048,g,ggt,2
NC_037331.1,NC_032653.1,91326091,94487938,94487939,T,TC,1
NC_037331.1,NC_032653.1,91330281,94492128,94492129,g,gc,1
NC_037331.1,NC_032653.1,91331725,94493573,94493575,G,GYR,2
NC_037331.1,NC_032653.1,91347498,94509350,94509351,T,TC,1
NC_037331.1,NC_032653.1,91369646,94530770,94530771,C,CM,1
NC_037331.1,NC_032653.1,91417922,94579050,94579051,t,ta,1
NC_037331.1,NC_032653.1,91419244,94580373,94580374,t,tc,1
NC_037331.1,NC_032653.1,91456457,94618064,94618067,t,tagc,3
NC_037331.1,NC_032653.1,91476028,94638108,94638115,G,GTCTCCCA,7
NC_037331.1,NC_032653.1,91481221,94643317,94643323,g,gcgcaca,6
NC_037331.1,NC_032653.1,91501837,94663938,94663939,t,tN,1
NC_037331.1,NC_032653.1,91522901,94684991,94684993,g,ggc,2
NC_037331.1,NC_032653.1,91553530,94715669,94715671,C,CAT,2
NC_037331.1,NC_032653.1,91571809,94733941,94733942,a,ag,1
NC_037331.1,NC_032653.1,91583875,94746007,94746008,a,at,1
NC_037331.1,NC_032653.1,91708576,94911789,94911790,a,ag,1
NC_037331.1,NC_032653.1,91833567,95036844,95036845,c,ca,1
NC_037331.1,NC_032653.1,91892817,95096071,95096072,T,TG,1
NC_037331.1,NC_032653.1,91914570,95117783,95117784,T,TC,1
NC_037331.1,NC_032653.1,91914653,95117867,95117868,t,tg,1
NC_037331.1,NC_032653.1,91926733,95129948,95129949,c,ct,1
NC_037331.1,NC_032653.1,91943913,95147129,95147131,g,gca,2
NC_037331.1,NC_032653.1,91953820,95157040,95157041,a,ac,1
NC_037331.1,NC_032653.1,91967183,95169271,95169272,G,GC,1
NC_037331.1,NC_032653.1,91968295,95170384,95170385,A,AT,1
NC_037331.1,NC_032653.1,92028701,95230484,95230487,G,GAGA,3
NC_037331.1,NC_032653.1,92034752,95236538,95236548,T,TGCANNNNNNN,10
NC_037331.1,NC_032653.1,92164608,95375040,95375041,G,GT,1
NC_037331.1,NC_032653.1,92210852,95429103,95429104,G,GS,1
NC_037331.1,NC_032653.1,92280452,95498343,95498360,T,TGAAAGGGTCACGGGGGG,17
NC_037331.1,NC_032653.1,92280464,95498372,95498374,A,AAG,2
NC_037331.1,NC_032653.1,92287930,95505788,95505789,A,AC,1
NC_037331.1,NC_032653.1,92298079,95515715,95515716,a,ac,1
NC_037331.1,NC_032653.1,92313374,95531007,95531009,C,CCT,2
NC_037331.1,NC_032653.1,92313750,95531386,95531387,G,GC,1
NC_037331.1,NC_032653.1,92314567,95532202,95532204,A,ATG,2
NC_037331.1,NC_032653.1,92340239,95559531,95559532,t,tg,1
NC_037331.1,NC_032653.1,92344624,95563263,95563264,C,CY,1
NC_037331.1,NC_032653.1,92360255,95578895,95578896,c,ct,1
NC_037331.1,NC_032653.1,92360269,95578910,95578911,t,ta,1
NC_037331.1,NC_032653.1,92368024,95586667,95586669,G,GTT,2
NC_037331.1,NC_032653.1,92384536,95603181,95603182,g,ga,1
NC_037331.1,NC_032653.1,92406807,95625198,95625203,C,CCCTGY,5
NC_037331.1,NC_032653.1,92406903,95625299,95625300,T,TC,1
NC_037331.1,NC_032653.1,92410415,95628898,95628900,C,CCT,2
NC_037331.1,NC_032653.1,92430336,95649458,95649459,C,CA,1
NC_037331.1,NC_032653.1,92431696,95650819,95650820,g,gc,1
NC_037331.1,NC_032653.1,92445454,95664449,95664452,t,ttga,3
NC_037331.1,NC_032653.1,92467527,95686634,95686635,G,GA,1
NC_037331.1,NC_032653.1,92515459,95734372,95734373,t,ta,1
NC_037331.1,NC_032653.1,92516331,95735245,95735331,A,ATACTTTAGCCCTTCCAGGCAGCAAAACAGCAGCTANNNNNNNNNNNNNNNNNNNNNNNNNNNNNTAGTCGCCCGTGACTGAGTACC,86
NC_037331.1,NC_032653.1,92522662,95741663,95741664,a,at,1
NC_037331.1,NC_032653.1,92556600,95774142,95774143,C,CT,1
NC_037331.1,NC_032653.1,92582449,95800002,95800003,C,CA,1
NC_037331.1,NC_032653.1,92582508,95800066,95800067,G,GA,1
NC_037331.1,NC_032653.1,92613279,95830836,95830841,g,gggggc,5
NC_037331.1,NC_032653.1,92659995,95877578,95877580,g,gat,2
NC_037331.1,NC_032653.1,92677359,95894942,95894944,a,act,2
NC_037331.1,NC_032653.1,92685505,95903089,95903091,C,CCG,2
NC_037331.1,NC_032653.1,92687774,95905357,95905358,a,ac,1
NC_037331.1,NC_032653.1,92691649,95909236,95909244,T,TACCCAGGA,8
NC_037331.1,NC_032653.1,92732104,95949768,95949769,g,gc,1
NC_037331.1,NC_032653.1,93025346,96241736,96241740,t,tNNNN,4
NC_037331.1,NC_032653.1,93032971,96249365,96249367,A,AGG,2
NC_037331.1,NC_032653.1,93102829,96319441,96319449,t,tNNNNNNNN,8
NC_037331.1,NC_032653.1,93227134,96443730,96443732,T,TAA,2
NC_037331.1,NC_032653.1,93227174,96443772,96443773,T,TA,1
NC_037331.1,NC_032653.1,93324194,96541033,96541034,T,TA,1
NC_037331.1,NC_032653.1,93370845,96587693,96587705,c,cgcagcagcagca,12
NC_037331.1,NC_032653.1,93389830,96606778,96606780,c,ctt,2
NC_037331.1,NC_032653.1,93397875,96614824,96614828,A,AAGAT,4
NC_037331.1,NC_032653.1,93400679,96617646,96617647,A,AC,1
NC_037331.1,NC_032653.1,93404863,96621835,96621837,c,cat,2
NC_037331.1,NC_032653.1,93406444,96623869,96623878,g,gaaacagtgt,9
NC_037331.1,NC_032653.1,93406453,96623887,96623889,a,act,2
NC_037331.1,NC_032653.1,93411546,96628982,96628983,A,AT,1
NC_037331.1,NC_032653.1,93413658,96631094,96631095,G,GC,1
NC_037331.1,NC_032653.1,93417618,96635058,96635059,A,AG,1
NC_037331.1,NC_032653.1,93421132,96638575,96638578,A,AAAG,3
NC_037331.1,NC_032653.1,93438674,96656136,96656137,c,ca,1
NC_037331.1,NC_032653.1,93438690,96656153,96656154,g,ga,1
NC_037331.1,NC_032653.1,93443187,96660662,96660663,T,TG,1
NC_037331.1,NC_032653.1,93516767,96734570,96734571,A,AG,1
NC_037331.1,NC_032653.1,93520800,96738603,96738604,A,AR,1
NC_037331.1,NC_032653.1,93574556,96792365,96792366,G,GC,1
NC_037331.1,NC_032653.1,93595626,96813428,96813429,C,CN,1
NC_037331.1,NC_032653.1,93742637,96960221,96960222,G,GT,1
NC_037331.1,NC_032653.1,93778821,96993098,96993104,a,aNNNNNN,6
NC_037331.1,NC_032653.1,93970075,97186928,97186929,C,CM,1
NC_037331.1,NC_032653.1,94036785,97253661,97253662,T,TC,1
NC_037331.1,NC_032653.1,94165403,97382298,97382299,G,GC,1
NC_037331.1,NC_032653.1,94165438,97382334,97382335,G,GR,1
NC_037331.1,NC_032653.1,94179507,97396407,97396417,a,aNNNNNNNNNN,10
NC_037331.1,NC_032653.1,94223298,97440000,97440004,c,ctgtg,4
NC_037331.1,NC_032653.1,94604698,97773065,97773076,A,AGCCCTATCTGG,11
NC_037331.1,NC_032653.1,94708734,97877122,97877123,a,ac,1
NC_037331.1,NC_032653.1,94722880,97891274,97891282,t,tatgtgtgc,8
NC_037331.1,NC_032653.1,94906800,98075312,98075313,t,tc,1
NC_037331.1,NC_032653.1,94906809,98075322,98075323,T,TA,1
NC_037331.1,NC_032653.1,94906820,98075334,98075335,G,GT,1
NC_037331.1,NC_032653.1,94906859,98075374,98075376,A,ARG,2
NC_037331.1,NC_032653.1,94906868,98075385,98075386,G,GT,1
NC_037331.1,NC_032653.1,95249076,98418552,98418553,C,CT,1
NC_037331.1,NC_032653.1,95263120,98432366,98432367,A,AG,1
NC_037331.1,NC_032653.1,95270463,98439652,98439653,A,AG,1
NC_037331.1,NC_032653.1,95378876,98547783,98547787,G,GAGGK,4
NC_037331.1,NC_032653.1,95422821,98598944,98598945,t,ta,1
NC_037331.1,NC_032653.1,95473546,98649668,98649670,C,CTA,2
NC_037331.1,NC_032653.1,95489159,98665282,98665285,g,ggaT,3
NC_037331.1,NC_032653.1,95510969,98687089,98687090,T,TA,1
NC_037331.1,NC_032653.1,95515033,98690990,98690991,T,TA,1
NC_037331.1,NC_032653.1,95573520,98749484,98749485,g,gt,1
NC_037331.1,NC_032653.1,95652507,98828417,98828418,t,tg,1
NC_037331.1,NC_032653.1,95677048,98852961,98852963,g,gta,2
NC_037331.1,NC_032653.1,95678741,98854657,98854658,C,CY,1
NC_037331.1,NC_032653.1,95681183,98857098,98857105,g,gaaaaaaa,7
NC_037331.1,NC_032653.1,95717174,98893129,98893130,C,CT,1
NC_037331.1,NC_032653.1,95720470,98896426,98896427,a,ag,1
NC_037331.1,NC_032653.1,95747931,98923902,98923904,G,GGC,2
NC_037331.1,NC_032653.1,95771318,98947307,98947308,T,TA,1
NC_037331.1,NC_032653.1,95777169,98953154,98953156,G,GGT,2
NC_037331.1,NC_032653.1,95787768,98963740,98963742,G,GCC,2
NC_037331.1,NC_032653.1,95787768,99055180,99055182,G,GCC,2
NC_037331.1,NC_032653.1,95796824,99064252,99064253,G,GT,1
NC_037331.1,NC_032653.1,95811863,99079297,99079298,C,CA,1
NC_037331.1,NC_032653.1,95861844,99129321,99129327,t,tagcagc,6
NC_037331.1,NC_032653.1,95865386,99132867,99132872,C,CAGTAT,5
NC_037331.1,NC_032653.1,95878359,99145838,99145839,A,AC,1
NC_037331.1,NC_032653.1,95882509,99149989,99149990,a,aW,1
NC_037331.1,NC_032653.1,95882780,99150263,99150264,T,TG,1
NC_037331.1,NC_032653.1,95886385,99153869,99153873,G,GAGGA,4
NC_037331.1,NC_032653.1,95909531,99176935,99176936,G,GC,1
NC_037331.1,NC_032653.1,95914454,99181860,99181868,G,GGCTCCATT,8
NC_037331.1,NC_032653.1,95942163,99209569,99209570,T,TG,1
NC_037331.1,NC_032653.1,95942343,99209750,99209752,a,aag,2
NC_037331.1,NC_032653.1,95946003,99216008,99216009,a,at,1
NC_037331.1,NC_032653.1,96099126,99369127,99369128,C,CA,1
NC_037331.1,NC_032653.1,96211648,99519468,99519470,G,GCA,2
NC_037331.1,NC_032653.1,96282682,99590779,99590780,T,TA,1
NC_037331.1,NC_032653.1,96303633,99621582,99621583,G,GS,1
NC_037331.1,NC_032653.1,96303662,99621612,99621613,C,CT,1
NC_037331.1,NC_032653.1,96303665,99621616,99621617,C,CT,1
NC_037331.1,NC_032653.1,96303705,99621658,99621659,T,TA,1
NC_037331.1,NC_032653.1,96384274,99701937,99701938,G,GR,1
NC_037331.1,NC_032653.1,96610774,99928612,99928613,G,GA,1
NC_037331.1,NC_032653.1,96629894,99947733,99947734,c,ca,1
NC_037331.1,NC_032653.1,96686247,100004090,100004091,T,TW,1
NC_037331.1,NC_032653.1,96686539,100004383,100004384,C,CM,1
NC_037331.1,NC_032653.1,96714744,100032715,100032716,C,CA,1
NC_037331.1,NC_032653.1,96721713,100039480,100039481,C,CM,1
NC_037331.1,NC_032653.1,96729536,100070971,100070972,c,ca,1
NC_037331.1,NC_032653.1,96729724,100071160,100071161,t,tg,1
NC_037331.1,NC_032653.1,97098461,100546778,100546779,t,tc,1
NC_037331.1,NC_032653.1,97192068,100642098,100642100,a,aNN,2
NC_037331.1,NC_032653.1,97271559,100720788,100720790,t,tta,2
NC_037331.1,NC_032653.1,97288567,100808269,100808272,a,aaag,3
NC_037331.1,NC_032653.1,97423759,100943277,100943278,C,CA,1
NC_037331.1,NC_032653.1,97697762,101340656,101340657,g,gc,1
NC_037331.1,NC_032653.1,97775603,101378144,101378145,a,at,1
NC_037331.1,NC_032653.1,98239780,101790388,101790389,T,TN,1
NC_037331.1,NC_032653.1,98319393,101870001,101870002,c,ct,1
NC_037331.1,NC_032653.1,98319393,102003647,102003648,c,ct,1
NC_037331.1,NC_032653.1,98372121,102057150,102057151,c,ct,1
NC_037331.1,NC_032653.1,98472306,102157270,102157274,T,TGACA,4
NC_037331.1,NC_032653.1,98688177,102371312,102371313,t,tc,1
NC_037331.1,NC_032653.1,98709963,102393097,102393098,c,ca,1
NC_037331.1,NC_032653.1,98879033,102555789,102555793,t,ttttc,4
NC_037331.1,NC_032653.1,98879171,102555931,102555933,T,TGG,2
NC_037331.1,NC_032653.1,98879498,102556260,102556267,C,CTCTGGGG,7
NC_037331.1,NC_032653.1,98880017,102556794,102556795,A,AG,1
NC_037331.1,NC_032653.1,98882625,102559403,102559404,C,CA,1
NC_037331.1,NC_032653.1,98884369,102561148,102561149,a,ac,1
NC_037331.1,NC_032653.1,98884854,102561634,102561635,G,GA,1
NC_037331.1,NC_032653.1,98932792,102655118,102655119,t,ta,1
NC_037331.1,NC_032653.1,99060610,102633268,102633269,a,at,1
NC_037331.1,NC_032653.1,99062698,102635356,102635358,a,act,2
NC_037331.1,NC_032653.1,99103740,102581887,102581888,t,tc,1
NC_037331.1,NC_032653.1,99108989,102586898,102586914,A,ACATTGTTTGTGTCTCC,16
NC_037331.1,NC_032653.1,99559843,103118082,103118084,c,ctt,2
NC_037331.1,NC_032653.1,99832104,103390939,103390940,G,GC,1
NC_037331.1,NC_032653.1,99834511,103393347,103393355,a,actcacgtc,8
NC_037331.1,NC_032653.1,99888162,103448767,103448768,g,gc,1
NC_037331.1,NC_032653.1,99888164,103448770,103448771,a,at,1
NC_037331.1,NC_032653.1,99894548,103455155,103455156,a,at,1
NC_037331.1,NC_032653.1,100005042,103571404,103571405,G,GT,1
NC_037331.1,NC_032653.1,100093663,103659710,103659711,T,TW,1
NC_037331.1,NC_032653.1,100097882,103663920,103663921,c,cT,1
NC_037331.1,NC_032653.1,100354349,103920526,103920528,c,ctt,2
NC_037331.1,NC_032653.1,100632351,104222041,104222043,a,aNN,2
NC_037331.1,NC_032653.1,100683632,104273326,104273328,c,cat,2
NC_037331.1,NC_032653.1,100852604,104442203,104442204,G,GS,1
NC_037331.1,NC_032653.1,101144528,104739459,104739460,t,tc,1
NC_037331.1,NC_032653.1,101231248,104826201,104826202,a,aN,1
NC_037331.1,NC_032653.1,101464977,105062602,105062603,g,gc,1
NC_037331.1,NC_032653.1,102063828,105692235,105692236,c,ct,1
NC_037331.1,NC_032653.1,102114113,105742441,105742442,c,ct,1
NC_037331.1,NC_032653.1,102226563,105855148,105855153,t,taaatg,5
NC_037331.1,NC_032653.1,102258657,105886521,105886522,C,CM,1
NC_037331.1,NC_032653.1,102262449,105890318,105890319,t,tg,1
NC_037331.1,NC_032653.1,102262467,105890337,105890338,t,tK,1
NC_037331.1,NC_032653.1,102363350,105991477,105991479,a,aNN,2
NC_037331.1,NC_032653.1,102595462,106226021,106226022,G,GR,1
NC_037331.1,NC_032653.1,102608247,106238805,106238806,a,ag,1
NC_037331.1,NC_032653.1,103044266,106705953,106705954,A,AR,1
NC_037331.1,NC_032653.1,103066390,106728077,106728078,g,gt,1
NC_037331.1,NC_032653.1,103069830,106731466,106731467,C,CM,1
NC_037331.1,NC_032653.1,103107123,106768920,106768921,A,AG,1
NC_037331.1,NC_032653.1,103171764,106833222,106833224,A,ATT,2
NC_037331.1,NC_032653.1,103234127,106895607,106895608,C,CG,1
NC_037331.1,NC_032653.1,103370898,107031561,107031562,A,AM,1
NC_037331.1,NC_032653.1,103385516,107046180,107046181,a,at,1
NC_037331.1,NC_032653.1,103518588,107179259,107179260,G,GA,1
NC_037331.1,NC_032653.1,103544980,107205544,107205545,t,tg,1
NC_037331.1,NC_032653.1,103854308,107528572,107528573,g,gc,1
NC_037331.1,NC_032653.1,103867147,107541413,107541414,C,CY,1
NC_037331.1,NC_032653.1,104070086,107744354,107744355,T,TK,1
NC_037331.1,NC_032653.1,104100878,107775052,107775053,A,AR,1
NC_037331.1,NC_032653.1,104110560,107784735,107784736,A,AT,1
NC_037331.1,NC_032653.1,104177641,107829030,107829031,c,ct,1
NC_037331.1,NC_032653.1,104177682,107829072,107829073,t,tg,1
NC_037331.1,NC_032653.1,104648518,108327618,108327620,C,CTA,2
NC_037331.1,NC_032653.1,104710285,108389380,108389382,t,taa,2
NC_037331.1,NC_032653.1,104776380,108455184,108455185,T,TY,1
NC_037331.1,NC_032653.1,104792314,108471067,108471068,C,CY,1
NC_037331.1,NC_032653.1,104888142,108570607,108570609,a,aNN,2
NC_037331.1,NC_032653.1,105255153,108937373,108937377,a,aacag,4
NC_037331.1,NC_032653.1,105570689,109295283,109295284,G,GA,1
NC_037331.1,NC_032653.1,105574867,109299461,109299462,T,TC,1
NC_037331.1,NC_032653.1,105578735,109303331,109303332,C,CA,1
NC_037331.1,NC_032653.1,105581219,109305816,109305819,A,ARAC,3
NC_037331.1,NC_032653.1,105585946,109310447,109310448,c,ct,1
NC_037331.1,NC_032653.1,105605905,109335764,109335765,G,GC,1
NC_037331.1,NC_032653.1,105606736,109336597,109336598,G,GR,1
NC_037331.1,NC_032653.1,105606766,109336628,109336631,A,ACTG,3
NC_037331.1,NC_032653.1,105608364,109338228,109338229,A,AG,1
NC_037331.1,NC_032653.1,105609325,109339164,109339165,T,TW,1
NC_037331.1,NC_032653.1,105610780,109340619,109340620,c,ca,1
NC_037331.1,NC_032653.1,105610841,109340681,109340682,T,TG,1
NC_037331.1,NC_032653.1,105610859,109340700,109340701,C,CG,1
NC_037331.1,NC_032653.1,105611268,109341107,109341108,G,GA,1
NC_037331.1,NC_032653.1,105611588,109341428,109341429,C,CT,1
NC_037331.1,NC_032653.1,105611952,109341793,109341794,A,AG,1
NC_037331.1,NC_032653.1,105623863,109349252,109349253,C,CT,1
NC_037331.1,NC_032653.1,105646271,109423681,109423682,A,AW,1
NC_037331.1,NC_032653.1,105657704,109435115,109435116,G,GN,1
NC_037331.1,NC_032653.1,105662682,109440094,109440095,C,CA,1
NC_037331.1,NC_032653.1,105662831,109440244,109440245,A,AT,1
NC_037331.1,NC_032653.1,105665801,109436264,109436265,A,AT,1
NC_037331.1,NC_032653.1,105665817,109436281,109436282,A,AG,1
NC_037331.1,NC_032653.1,105666186,109436648,109436649,A,AG,1
NC_037331.1,NC_032653.1,105666645,109437106,109437107,a,aT,1
NC_037331.1,NC_032653.1,105685939,109471657,109471658,G,GC,1
NC_037331.1,NC_032653.1,105685991,109471710,109471711,G,GN,1
NC_037331.1,NC_032653.1,105686584,109457032,109457041,t,tcagcagcag,9
NC_037331.1,NC_032653.1,105689325,109475045,109475047,t,ttg,2
NC_037331.1,NC_032653.1,105689325,109459783,109459791,t,ttgtgtgtg,8
NC_037331.1,NC_032653.1,105833444,109629977,109629985,c,cccATTGGg,8
NC_037331.1,NC_032653.1,105833963,109630502,109630503,a,ac,1
NC_037331.1,NC_032653.1,105872239,109669264,109669265,C,CY,1
NC_037331.1,NC_032653.1,105960940,109757792,109757793,C,CT,1
NC_037331.1,NC_032653.1,105961133,109757986,109757987,T,TC,1
NC_037331.1,NC_032653.1,105965994,109762848,109762849,a,aW,1
NC_037331.1,NC_032653.1,105966195,109763050,109763051,a,aN,1
NC_037331.1,NC_032653.1,105987994,109749207,109749208,a,at,1
NC_037331.1,NC_032653.1,105994592,109755805,109755806,a,ac,1
NC_037331.1,NC_032653.1,106008624,109798791,109798792,T,TG,1
NC_037331.1,NC_032653.1,106414451,110361089,110361092,t,tata,3
NC_037331.1,NC_032653.1,106414463,110361104,110361106,t,tta,2
NC_037331.1,NC_032653.1,106447136,110429453,110429454,T,TG,1
NC_037331.1,NC_032653.1,106669537,110702161,110702162,A,AC,1
NC_037331.1,NC_032653.1,106943464,110974392,110974393,T,TK,1
NC_037331.1,NC_032653.1,106982280,111109243,111109244,A,AC,1
NC_037331.1,NC_032653.1,107051077,111178070,111178072,c,cca,2
NC_037331.1,NC_032653.1,107184175,111323705,111323726,t,tNNNNNNNNNNNNNNNNNNNNN,21
NC_037331.1,NC_032653.1,107194305,111333856,111333861,t,tgtata,5
NC_037331.1,NC_032653.1,107195850,111338871,111338872,G,GS,1
NC_037331.1,NC_032653.1,107389754,111534464,111534465,A,AW,1
NC_037331.1,NC_032653.1,107832069,111977577,111977578,a,ac,1
NC_037331.1,NC_032653.1,107866322,112011829,112011834,a,aagctc,5
NC_037331.1,NC_032653.1,108013790,112159327,112159328,A,AR,1
NC_037331.1,NC_032653.1,108377218,112518696,112518697,T,TC,1
NC_037331.1,NC_032653.1,108422955,112564435,112564436,a,at,1
NC_037331.1,NC_032653.1,108688388,112841955,112841957,a,acc,2
NC_037331.1,NC_032653.1,108688392,112841961,112841963,t,taa,2
NC_037331.1,NC_032653.1,108720011,112873329,112873330,t,tc,1
NC_037331.1,NC_032653.1,108720017,112873336,112873337,t,ta,1
NC_037331.1,NC_032653.1,108724456,112877772,112877773,t,tc,1
NC_037331.1,NC_032653.1,108727639,112880957,112880958,g,ga,1
NC_037331.1,NC_032653.1,108734187,112887505,112887506,a,at,1
NC_037331.1,NC_032653.1,108735918,112889238,112889239,t,ta,1
NC_037331.1,NC_032653.1,108735934,112889255,112889256,c,ct,1
NC_037331.1,NC_032653.1,109066435,113221550,113221551,c,ct,1
NC_037331.1,NC_032653.1,109086457,113241570,113241573,a,aggc,3
NC_037331.1,NC_032653.1,109089399,113244513,113244514,t,tc,1
NC_037331.1,NC_032653.1,109089413,113244528,113244529,c,ct,1
NC_037331.1,NC_032653.1,109110117,113265233,113265235,a,att,2
NC_037331.1,NC_032653.1,109223621,113442967,113442970,c,ctgg,3
NC_037331.1,NC_032653.1,109223623,113442972,113442974,t,tgg,2
NC_037331.1,NC_032653.1,109425821,113637320,113637321,c,ct,1
NC_037331.1,NC_032653.1,109507452,113738984,113738990,t,tgttata,6
NC_037331.1,NC_032653.1,109583605,113816067,113816068,t,ta,1
NC_037331.1,NC_032653.1,109583942,113816406,113816407,t,ta,1
NC_037331.1,NC_032653.1,109584017,113816482,113816483,T,TC,1
NC_037331.1,NC_032653.1,109588457,113820923,113820924,c,cG,1
NC_037331.1,NC_032653.1,109632863,113865165,113865167,t,tta,2
NC_037331.1,NC_032653.1,109688765,113921061,113921063,C,CAA,2
NC_037331.1,NC_032653.1,109936430,114168325,114168326,A,AC,1
NC_037331.1,NC_032653.1,109951933,114183879,114183884,T,TGAAAA,5
NC_037331.1,NC_032653.1,110016811,114248800,114248801,A,AC,1
NC_037331.1,NC_032653.1,110022792,114254777,114254781,C,CCTAA,4
NC_037331.1,NC_032653.1,110049697,114281686,114281689,A,AGAC,3
NC_037331.1,NC_032653.1,110051945,114283937,114283940,T,TTTA,3
NC_037331.1,NC_032653.1,110077023,114309037,114309040,t,tttc,3
NC_037331.1,NC_032653.1,110077247,114309270,114309273,T,TGAG,3
NC_037331.1,NC_032653.1,110078013,114310039,114310040,c,ca,1
NC_037331.1,NC_032653.1,110078080,114310107,114310108,T,TG,1
NC_037331.1,NC_032653.1,110085774,114317814,114317816,c,ctt,2
NC_037331.1,NC_032653.1,110106215,114338266,114338267,c,ct,1
NC_037331.1,NC_032653.1,110113745,114345799,114345800,g,ga,1
NC_037331.1,NC_032653.1,110114309,114346365,114346368,a,aaat,3
NC_037331.1,NC_032653.1,110116896,114348953,114348954,A,AT,1
NC_037331.1,NC_032653.1,110245437,114445623,114445627,g,gatat,4
NC_037331.1,NC_032653.1,110246037,114446225,114446226,A,AW,1
NC_037331.1,NC_032653.1,110250101,114450011,114450012,a,ag,1
NC_037331.1,NC_032653.1,110250103,114450014,114450015,c,ca,1
NC_037331.1,NC_032653.1,110257833,114457746,114457747,c,ct,1
NC_037331.1,NC_032653.1,110267802,114467078,114467079,c,ct,1
NC_037331.1,NC_032653.1,110270881,114470159,114470161,c,ctt,2
NC_037331.1,NC_032653.1,110273675,114472955,114472966,t,tgttttgttttg,11
NC_037331.1,NC_032653.1,110293803,114493093,114493095,A,AAG,2
NC_037331.1,NC_032653.1,110295458,114494749,114494750,T,TG,1
NC_037331.1,NC_032653.1,110309578,114509195,114509196,T,TG,1
NC_037331.1,NC_032653.1,110343974,114543590,114543591,C,CY,1
NC_037331.1,NC_032653.1,110347429,114547050,114547051,G,GR,1
NC_037331.1,NC_032653.1,110351202,114550824,114550825,t,tY,1
NC_037331.1,NC_032653.1,110351302,114550924,114550925,G,GA,1
NC_037331.1,NC_032653.1,110364528,114564147,114564150,G,GAGA,3
NC_037331.1,NC_032653.1,110398331,114597950,114597951,T,TM,1
NC_037331.1,NC_032653.1,110426283,114624370,114624371,G,GR,1
NC_037331.1,NC_032653.1,110450436,114648541,114648549,c,cacacacat,8
NC_037331.1,NC_032653.1,110457050,114655165,114655166,a,ac,1
NC_037331.1,NC_032653.1,110489065,114687184,114687207,C,CTAACAGAGAAATATATATCTTAR,23
NC_037331.1,NC_032653.1,110530115,114728909,114728910,t,ta,1
NC_037331.1,NC_032653.1,110530739,114729539,114729540,c,ct,1
NC_037331.1,NC_032653.1,110634642,114833500,114833502,t,tNN,2
NC_037331.1,NC_032653.1,110767696,114959159,114959160,a,at,1
NC_037331.1,NC_032653.1,110887374,115089820,115089823,C,CAGG,3
NC_037331.1,NC_032653.1,110893311,115095763,115095764,C,CG,1
NC_037331.1,NC_032653.1,110911182,115113733,115113737,a,aNNNN,4
NC_037331.1,NC_032653.1,110941423,115144617,115144620,T,TAAG,3
NC_037331.1,NC_032653.1,110944901,115148099,115148100,T,TC,1
NC_037331.1,NC_032653.1,110955361,115158562,115158569,T,TCTTACTG,7
NC_037331.1,NC_032653.1,110986359,115190687,115190688,T,TC,1
NC_037331.1,NC_032653.1,110993900,115198128,115198131,T,TAAK,3
NC_037331.1,NC_032653.1,111115134,115318603,115318605,T,TTC,2
NC_037331.1,NC_032653.1,111115631,115319102,115319104,t,tac,2
NC_037331.1,NC_032653.1,111175957,115392619,115392623,T,TAAAA,4
NC_037331.1,NC_032653.1,111236886,115453486,115453490,t,ttggg,4
NC_037331.1,NC_032653.1,111242140,115458522,115458526,T,TAGAC,4
NC_037331.1,NC_032653.1,111269096,115504076,115504078,G,GGT,2
NC_037331.1,NC_032653.1,111269477,115504459,115504460,G,GN,1
NC_037331.1,NC_032653.1,111278487,115513455,115513456,g,ga,1
NC_037331.1,NC_032653.1,111287085,115522052,115522053,G,GN,1
NC_037331.1,NC_032653.1,111325183,115560222,115560225,g,gtgt,3
NC_037331.1,NC_032653.1,111361503,115596559,115596560,g,gt,1
NC_037331.1,NC_032653.1,111361810,115596867,115596868,c,ct,1
NC_037331.1,NC_032653.1,111364255,115599312,115599313,g,ga,1
NC_037331.1,NC_032653.1,111365234,115600292,115600293,g,gt,1
NC_037331.1,NC_032653.1,111390611,115625671,115625672,c,cg,1
NC_037331.1,NC_032653.1,111399456,115634518,115634519,T,TG,1
NC_037331.1,NC_032653.1,111418654,115654927,115654929,g,gca,2
NC_037331.1,NC_032653.1,111438480,115674822,115674823,c,ca,1
NC_037331.1,NC_032653.1,111460651,115696989,115696990,a,ag,1
NC_037331.1,NC_032653.1,111460998,115697337,115697338,c,ca,1
NC_037331.1,NC_032653.1,111461748,115698103,115698104,a,ag,1
NC_037331.1,NC_032653.1,111464629,115700984,115700985,g,gt,1
NC_037331.1,NC_032653.1,111465648,115702012,115702013,T,TY,1
NC_037331.1,NC_032653.1,111465747,115702112,115702113,a,aR,1
NC_037331.1,NC_032653.1,111466673,115703031,115703032,c,ct,1
NC_037331.1,NC_032653.1,111468318,115704677,115704678,a,ac,1
NC_037331.1,NC_032653.1,111468323,115704683,115704687,c,caaaa,4
NC_037331.1,NC_032653.1,111474474,115710852,115710858,C,CTTGACT,6
NC_037331.1,NC_032653.1,111476515,115712900,115712901,G,GR,1
NC_037331.1,NC_032653.1,111477406,115713793,115713794,c,ca,1
NC_037331.1,NC_032653.1,111483609,115719999,115720000,A,AM,1
NC_037331.1,NC_032653.1,111502287,115738679,115738680,T,TK,1
NC_037331.1,NC_032653.1,111505054,115741447,115741448,a,ac,1
NC_037331.1,NC_032653.1,111506282,115742676,115742677,A,AR,1
NC_037331.1,NC_032653.1,111553322,115801906,115801909,t,ttca,3
NC_037331.1,NC_032653.1,111560507,115809095,115809096,t,ta,1
NC_037331.1,NC_032653.1,111601430,115850022,115850023,a,ac,1
NC_037331.1,NC_032653.1,111620878,115869471,115869474,C,CATT,3
NC_037331.1,NC_032653.1,111630066,115878666,115878667,T,TY,1
NC_037331.1,NC_032653.1,111632084,115880685,115880686,t,ta,1
NC_037331.1,NC_032653.1,111633739,115882341,115882345,g,gaaaa,4
NC_037331.1,NC_032653.1,111635152,115886850,115886851,T,TA,1
NC_037331.1,NC_032653.1,111635286,115886986,115886987,T,TA,1
NC_037331.1,NC_032653.1,111969371,116223297,116223298,A,AG,1
NC_037331.1,NC_032653.1,111969482,116223409,116223410,G,GA,1
NC_037331.1,NC_032653.1,111969492,116223420,116223421,A,AG,1
NC_037331.1,NC_032653.1,112106059,116359879,116359881,a,aNN,2
NC_037331.1,NC_032653.1,112220539,116504619,116504621,c,cag,2
NC_037331.1,NC_032653.1,112246717,116530830,116530835,g,ggtttt,5
NC_037331.1,NC_032653.1,112258062,116542184,116542185,g,gt,1
NC_037331.1,NC_032653.1,112292706,116576772,116576773,G,GA,1
NC_037331.1,NC_032653.1,112305005,116589073,116589074,T,TA,1
NC_037331.1,NC_032653.1,112319426,116602883,116602885,c,ctg,2
NC_037331.1,NC_032653.1,112352574,116635679,116635680,A,AR,1
NC_037331.1,NC_032653.1,112366267,116649365,116649366,T,TA,1
NC_037331.1,NC_032653.1,112490277,116773175,116773176,a,ag,1
NC_037331.1,NC_032653.1,112565271,116848187,116848200,A,AGATATGTAGGTCC,13
NC_037331.1,NC_032653.1,112594113,116877037,116877039,a,aNN,2
NC_037331.1,NC_032653.1,112609671,116892597,116892602,t,ttgttg,5
NC_037331.1,NC_032653.1,112629242,116912188,116912189,G,GA,1
NC_037331.1,NC_032653.1,112647694,116931207,116931208,C,CT,1
NC_037331.1,NC_032653.1,112734743,117019068,117019069,g,gt,1
NC_037331.1,NC_032653.1,112742841,117027169,117027190,A,ACTTGAGCNNNNNNNNNNNNNN,21
NC_037331.1,NC_032653.1,112749614,117033593,117033594,C,CA,1
NC_037331.1,NC_032653.1,112847055,117129017,117129018,C,CA,1
NC_037331.1,NC_032653.1,112880403,117164963,117164964,A,AG,1
NC_037331.1,NC_032653.1,112887798,117172369,117172370,c,ca,1
NC_037331.1,NC_032653.1,112892942,117177513,117177522,G,GGCNNNCCCT,9
NC_037331.1,NC_032653.1,112907290,117191870,117191871,A,AC,1
NC_037331.1,NC_032653.1,112907427,117192008,117192012,C,CAACT,4
NC_037331.1,NC_032653.1,112948205,117232802,117232805,a,aaag,3
NC_037331.1,NC_032653.1,112978051,117262622,117262623,c,ct,1
NC_037331.1,NC_032653.1,112981133,117265702,117265703,g,gt,1
NC_037331.1,NC_032653.1,112985592,117270192,117270196,a,accat,4
NC_037331.1,NC_032653.1,112985975,117270582,117270586,t,tctaa,4
NC_037331.1,NC_032653.1,113077218,117323713,117323714,A,AC,1
NC_037331.1,NC_032653.1,113078009,117324505,117324511,t,tcctggc,6
NC_037331.1,NC_032653.1,113078345,117324853,117324855,c,ctt,2
NC_037331.1,NC_032653.1,113082705,117329215,117329216,a,ag,1
NC_037331.1,NC_032653.1,113083161,117329672,117329673,c,ca,1
NC_037331.1,NC_032653.1,113120030,117366551,117366555,a,ataac,4
NC_037331.1,NC_032653.1,113126046,117372571,117372572,a,at,1
NC_037331.1,NC_032653.1,113126048,117372574,117372575,g,gc,1
NC_037331.1,NC_032653.1,113126344,117372871,117372872,T,TY,1
NC_037331.1,NC_032653.1,113126373,117372901,117372902,A,AG,1
NC_037331.1,NC_032653.1,113127050,117373580,117373581,a,ag,1
NC_037331.1,NC_032653.1,113138743,117385316,117385317,A,AR,1
NC_037331.1,NC_032653.1,113139495,117386069,117386070,T,TK,1
NC_037331.1,NC_032653.1,113140258,117386831,117386832,t,tc,1
NC_037331.1,NC_032653.1,113144683,117391257,117391258,t,ta,1
NC_037331.1,NC_032653.1,113146721,117393314,117393316,g,gat,2
NC_037331.1,NC_032653.1,113271463,117539715,117539717,t,tcc,2
NC_037331.1,NC_032653.1,113271483,117539737,117539738,c,ct,1
NC_037331.1,NC_032653.1,113285805,117554062,117554063,G,GR,1
NC_037331.1,NC_032653.1,113348250,117616799,117616800,G,GA,1
NC_037331.1,NC_032653.1,113405494,117663239,117663240,C,CT,1
NC_037331.1,NC_032653.1,113417806,117676306,117676307,t,tg,1
NC_037331.1,NC_032653.1,113419534,117678035,117678038,a,attc,3
NC_037331.1,NC_032653.1,113439119,117697623,117697624,c,ct,1
NC_037331.1,NC_032653.1,113439146,117697651,117697652,a,at,1
NC_037331.1,NC_032653.1,113484363,117742868,117742869,C,CA,1
NC_037331.1,NC_032653.1,113496557,117755063,117755064,C,CM,1
NC_037331.1,NC_032653.1,113509639,117768148,117768162,C,CTTTTAAAAACGCCT,14
NC_037331.1,NC_032653.1,113518678,117777192,117777198,g,gaagaat,6
NC_037331.1,NC_032653.1,113524121,117782642,117782652,a,acactctctct,10
NC_037331.1,NC_032653.1,113537963,117795548,117795549,A,AC,1
NC_037331.1,NC_032653.1,113553766,117811315,117811320,A,AAAGAG,5
NC_037331.1,NC_032653.1,113559181,117816734,117816735,C,CA,1
NC_037331.1,NC_032653.1,113565003,117821453,117821455,G,GGC,2
NC_037331.1,NC_032653.1,113588342,117844877,117844878,A,AC,1
NC_037331.1,NC_032653.1,113651420,117907818,117907819,C,CM,1
NC_037331.1,NC_032653.1,113654372,117910772,117910773,t,tg,1
NC_037331.1,NC_032653.1,113693309,117949543,117949544,G,GA,1
NC_037331.1,NC_032653.1,113715899,117971805,117971806,a,ac,1
NC_037331.1,NC_032653.1,113716173,117972080,117972081,G,GT,1
NC_037331.1,NC_032653.1,113716175,117972083,117972084,T,TA,1
NC_037331.1,NC_032653.1,113743337,117998706,117998707,C,CT,1
NC_037331.1,NC_032653.1,113769771,118025208,118025209,g,gc,1
NC_037331.1,NC_032653.1,113789917,118045401,118045402,T,TA,1
NC_037331.1,NC_032653.1,113817597,118084719,118084720,c,ca,1
NC_037331.1,NC_032653.1,113828886,118096008,118096009,G,GA,1
NC_037331.1,NC_032653.1,113869804,118141497,118141498,G,GR,1
NC_037331.1,NC_032653.1,113872365,118144060,118144061,c,ct,1
NC_037331.1,NC_032653.1,113898076,118170375,118170376,c,ct,1
NC_037331.1,NC_032653.1,113936983,118212878,118212879,C,CY,1
NC_037331.1,NC_032653.1,113943451,118219368,118219372,g,gggga,4
NC_037331.1,NC_032653.1,113964078,118240001,118240002,t,tc,1
NC_037331.1,NC_032653.1,114051860,118326805,118326806,a,aN,1
NC_037331.1,NC_032653.1,114154225,118428604,118428606,a,aNN,2
NC_037331.1,NC_032653.1,114190042,118464431,118464432,t,tW,1
NC_037331.1,NC_032653.1,114215670,118490094,118490096,a,aag,2
NC_037331.1,NC_032653.1,114265091,118510011,118510012,g,ga,1
NC_037331.1,NC_032653.1,114265116,118510037,118510038,c,cg,1
NC_037331.1,NC_032653.1,114265119,118510041,118510042,t,tc,1
NC_037331.1,NC_032653.1,114265184,118510106,118510107,c,ca,1
NC_037331.1,NC_032653.1,114265341,118510264,118510265,A,AG,1
NC_037331.1,NC_032653.1,114265351,118510275,118510276,A,AG,1
NC_037331.1,NC_032653.1,114265381,118510305,118510306,A,AG,1
NC_037331.1,NC_032653.1,114265411,118510336,118510337,G,GC,1
NC_037331.1,NC_032653.1,114265513,118510439,118510440,T,TG,1
NC_037331.1,NC_032653.1,114265725,118510652,118510653,T,TG,1
NC_037331.1,NC_032653.1,114265797,118510725,118510726,G,GT,1
NC_037331.1,NC_032653.1,114265820,118510749,118510750,G,GA,1
NC_037331.1,NC_032653.1,114265842,118510772,118510773,t,tg,1
NC_037331.1,NC_032653.1,114265873,118510804,118510805,T,TG,1
NC_037331.1,NC_032653.1,114265931,118510863,118510864,A,AG,1
NC_037331.1,NC_032653.1,114265950,118510883,118510884,A,AC,1
NC_037331.1,NC_032653.1,114265975,118510909,118510910,A,AG,1
NC_037331.1,NC_032653.1,114266045,118510980,118510982,C,CCG,2
NC_037331.1,NC_032653.1,114266329,118511266,118511267,A,AC,1
NC_037331.1,NC_032653.1,114266754,118511691,118511692,g,ga,1
NC_037331.1,NC_032653.1,114266771,118511709,118511710,c,ct,1
NC_037331.1,NC_032653.1,114266934,118511873,118511874,a,ag,1
NC_037331.1,NC_032653.1,114267121,118512061,118512062,G,GT,1
NC_037331.1,NC_032653.1,114267172,118512113,118512114,C,CG,1
NC_037331.1,NC_032653.1,114267223,118512165,118512167,T,TCA,2
NC_037331.1,NC_032653.1,114267242,118512186,118512187,T,TG,1
NC_037331.1,NC_032653.1,114267267,118512212,118512213,A,AG,1
NC_037331.1,NC_032653.1,114267288,118512234,118512235,G,GA,1
NC_037331.1,NC_032653.1,114267304,118512251,118512252,G,GA,1
NC_037331.1,NC_032653.1,114267335,118512283,118512284,c,cg,1
NC_037331.1,NC_032653.1,114267353,118512302,118512303,c,ca,1
NC_037331.1,NC_032653.1,114267838,118512789,118512790,a,ag,1
NC_037331.1,NC_032653.1,114267912,118512864,118512865,C,CG,1
NC_037331.1,NC_032653.1,114268178,118513130,118513131,t,tc,1
NC_037331.1,NC_032653.1,114268357,118513311,118513312,T,TG,1
NC_037331.1,NC_032653.1,114268584,118513538,118513539,C,CA,1
NC_037331.1,NC_032653.1,114268650,118513603,118513604,G,GC,1
NC_037331.1,NC_032653.1,114269759,118514701,118514702,c,ct,1
NC_037331.1,NC_032653.1,114269831,118514773,118514774,A,AG,1
NC_037331.1,NC_032653.1,114269935,118514876,118514877,T,TG,1
NC_037331.1,NC_032653.1,114270162,118515099,118515100,C,CA,1
NC_037331.1,NC_032653.1,114270242,118515180,118515181,g,gc,1
NC_037331.1,NC_032653.1,114270280,118515218,118515219,t,tg,1
NC_037331.1,NC_032653.1,114270288,118515227,118515228,a,at,1
NC_037331.1,NC_032653.1,114270754,118515691,118515692,G,GC,1
NC_037331.1,NC_032653.1,114270822,118515760,118515761,A,AT,1
NC_037331.1,NC_032653.1,114270930,118515868,118515869,T,TC,1
NC_037331.1,NC_032653.1,114271820,118516755,118516756,G,GT,1
NC_037331.1,NC_032653.1,114272027,118516963,118516964,G,GC,1
NC_037331.1,NC_032653.1,114273069,118518006,118518007,C,CA,1
NC_037331.1,NC_032653.1,114275478,118520415,118520417,g,gat,2
NC_037331.1,NC_032653.1,114282238,118527178,118527179,C,CT,1
NC_037331.1,NC_032653.1,114340858,118585798,118585799,T,TC,1
NC_037331.1,NC_032653.1,114358093,118603039,118603040,T,TC,1
NC_037331.1,NC_032653.1,114364425,118609367,118609369,a,aac,2
NC_037331.1,NC_032653.1,114368586,118613530,118613531,a,ac,1
NC_037331.1,NC_032653.1,114369675,118614620,118614622,C,CAA,2
NC_037331.1,NC_032653.1,114411600,118656342,118656343,G,GC,1
NC_037331.1,NC_032653.1,114430593,118675347,118675348,a,at,1
NC_037331.1,NC_032653.1,114433464,118678220,118678221,G,GA,1
NC_037331.1,NC_032653.1,114434217,118678973,118678974,G,GR,1
NC_037331.1,NC_032653.1,114438342,118683094,118683095,t,ta,1
NC_037331.1,NC_032653.1,114440346,118685099,118685100,G,GT,1
NC_037331.1,NC_032653.1,114441533,118686288,118686290,c,cct,2
NC_037331.1,NC_032653.1,114448771,118693540,118693542,t,tga,2
NC_037331.1,NC_032653.1,114633788,118855635,118855636,g,ga,1
NC_037331.1,NC_032653.1,114706389,118928826,118928827,A,AG,1
NC_037331.1,NC_032653.1,114723580,118946013,118946020,a,aaaaaaac,7
NC_037331.1,NC_032653.1,114730376,118952820,118952821,T,TG,1
NC_037331.1,NC_032653.1,114751377,118973767,118973774,t,tttattaa,7
NC_037331.1,NC_032653.1,114794763,119017165,119017166,C,CA,1
NC_037331.1,NC_032653.1,114794771,119017174,119017175,G,GC,1
NC_037331.1,NC_032653.1,114794837,119017242,119017243,G,GC,1
NC_037331.1,NC_032653.1,114798906,119021331,119021333,C,CAR,2
NC_037331.1,NC_032653.1,114803328,119025756,119025758,A,AGT,2
NC_037331.1,NC_032653.1,114858578,119080286,119080294,T,TCCTCATCW,8
NC_037331.1,NC_032653.1,114899459,119121143,119121147,t,tNNNN,4
NC_037331.1,NC_032653.1,114901052,119122740,119122742,t,tta,2
NC_037331.1,NC_032653.1,114923741,119145436,119145437,c,cg,1
NC_037331.1,NC_032653.1,114935921,119157634,119157640,C,CAGCCCT,6
NC_037331.1,NC_032653.1,114966344,119188089,119188090,t,tc,1
NC_037331.1,NC_032653.1,114976887,119198629,119198641,t,tcgtgtccgactc,12
NC_037331.1,NC_032653.1,114976889,119198643,119198645,t,tag,2
NC_037331.1,NC_032653.1,114976908,119198664,119198667,c,ccta,3
NC_037331.1,NC_032653.1,114976914,119198673,119198674,c,ct,1
NC_037331.1,NC_032653.1,115063899,119287073,119287074,T,TC,1
NC_037331.1,NC_032653.1,115066560,119289736,119289792,C,CAAANNNNNNNNNNNNNNNNNNNNNNNNNNNNNNNNNNNNNNNNNNNTAGCTCTCAG,56
NC_037331.1,NC_032653.1,115066673,119289905,119289906,c,ct,1
NC_037331.1,NC_032653.1,115069753,119292986,119292990,T,TAATA,4
NC_037331.1,NC_032653.1,115075492,119298743,119298744,t,ta,1
NC_037331.1,NC_032653.1,115081364,119304580,119304581,A,AG,1
NC_037331.1,NC_032653.1,115087441,119310652,119310653,g,ga,1
NC_037331.1,NC_032653.1,115099836,119323046,119323049,G,GCAA,3
NC_037331.1,NC_032653.1,115119481,119342674,119342679,G,GGGCRT,5
NC_037331.1,NC_032653.1,115199554,119422439,119422440,t,tg,1
NC_037331.1,NC_032653.1,115289539,119496780,119496783,A,ACAT,3
NC_037331.1,NC_032653.1,115311697,119520856,119520857,C,CG,1
NC_037331.1,NC_032653.1,115328759,119537920,119537921,g,gc,1
NC_037331.1,NC_032653.1,115390231,119600686,119600689,c,cttt,3
NC_037331.1,NC_032653.1,115390337,119600795,119600796,t,tc,1
NC_037331.1,NC_032653.1,115393637,119604095,119604096,c,ca,1
NC_037331.1,NC_032653.1,115398886,119609345,119609346,c,ca,1
NC_037331.1,NC_032653.1,115403876,119614336,119614337,C,CA,1
NC_037331.1,NC_032653.1,115406663,119617122,119617128,A,ATCTCGC,6
NC_037331.1,NC_032653.1,115412320,119622783,119622785,G,GGA,2
NC_037331.1,NC_032653.1,115443896,119663559,119663561,T,TTC,2
NC_037331.1,NC_032653.1,115444386,119664050,119664051,A,AG,1
NC_037331.1,NC_032653.1,115458809,119678460,119678462,C,CTN,2
NC_037331.1,NC_032653.1,115472616,119691991,119691992,C,CG,1
NC_037331.1,NC_032653.1,115517021,119736300,119736301,c,cM,1
NC_037331.1,NC_032653.1,115595988,119815071,119815079,t,tgtgtgtgc,8
NC_037331.1,NC_032653.1,115695627,119915220,119915224,t,tttac,4
NC_037331.1,NC_032653.1,115695786,119915383,119915384,c,ct,1
NC_037331.1,NC_032653.1,115698770,119918385,119918386,c,ct,1
NC_037331.1,NC_032653.1,115701611,119921228,119921229,c,ct,1
NC_037331.1,NC_032653.1,115904309,120132397,120132400,c,cact,3
NC_037331.1,NC_032653.1,115924287,120152182,120152183,c,ca,1
NC_037331.1,NC_032653.1,116014552,120241532,120241594,T,TCTGTGCCTTGACTGCGGGCTGCCNNNNNNNNNNNNNACAGTGGTTTTCACATTCCTCTCATC,62
NC_037331.1,NC_032653.1,116047467,120274573,120274574,G,GT,1
NC_037331.1,NC_032653.1,116207339,120444948,120444949,g,gt,1
NC_037331.1,NC_032653.1,116247763,120485375,120485376,t,tc,1
NC_037331.1,NC_032653.1,116260404,120498017,120498018,a,at,1
NC_037331.1,NC_032653.1,116286422,120524053,120524055,T,TSW,2
NC_037331.1,NC_032653.1,116314021,120551747,120551748,a,at,1
NC_037331.1,NC_032653.1,116370019,120578227,120578229,c,cct,2
NC_037331.1,NC_032653.1,116401273,120609486,120609488,g,gca,2
NC_037331.1,NC_032653.1,116407389,120615604,120615605,c,ca,1
NC_037331.1,NC_032653.1,116426212,120634426,120634427,C,CA,1
NC_037331.1,NC_032653.1,116427749,120635964,120635965,C,CY,1
NC_037331.1,NC_032653.1,116429501,120637713,120637715,t,ttc,2
NC_037331.1,NC_032653.1,116432839,120641052,120641053,A,AG,1
NC_037331.1,NC_032653.1,116436334,120644548,120644549,t,ta,1
NC_037331.1,NC_032653.1,116436403,120644618,120644619,C,CT,1
NC_037331.1,NC_032653.1,116436424,120644640,120644641,G,GA,1
NC_037331.1,NC_032653.1,116437881,120646098,120646099,T,TK,1
NC_037331.1,NC_032653.1,116437912,120646130,120646131,A,AC,1
NC_037331.1,NC_032653.1,116482011,120690230,120690231,G,GS,1
NC_037331.1,NC_032653.1,116484760,120692996,120692997,C,CG,1
NC_037331.1,NC_032653.1,116490459,120698701,120698703,t,tga,2
NC_037331.1,NC_032653.1,116490578,120698822,120698823,T,TY,1
NC_037331.1,NC_032653.1,116490672,120698917,120698918,T,TG,1
NC_037331.1,NC_032653.1,116514765,120723037,120723038,C,CT,1
NC_037331.1,NC_032653.1,116523368,120731704,120731705,G,GT,1
NC_037331.1,NC_032653.1,116533845,120742141,120742147,T,TTAGACA,6
NC_037331.1,NC_032653.1,116608947,120816709,120816710,c,ca,1
NC_037331.1,NC_032653.1,116612203,120819979,120819980,t,tg,1
NC_037331.1,NC_032653.1,116655757,120863520,120863521,c,ca,1
NC_037331.1,NC_032653.1,116664326,120872091,120872092,T,TY,1
NC_037331.1,NC_032653.1,116667797,120875563,120875564,A,AG,1
NC_037331.1,NC_032653.1,116692395,120900177,120900178,C,CA,1
NC_037331.1,NC_032653.1,116730492,120937450,120937451,C,CT,1
NC_037331.1,NC_032653.1,116741081,120948048,120948050,C,CNN,2
NC_037331.1,NC_032653.1,116752958,120959588,120959589,a,ac,1
NC_037331.1,NC_032653.1,116763594,120970226,120970227,G,GC,1
NC_037331.1,NC_032653.1,116774858,120981488,120981498,g,gactgaactga,10
NC_037331.1,NC_032653.1,116800371,121007006,121007007,T,TA,1
NC_037331.1,NC_032653.1,116801546,121008182,121008194,A,ACCCGCCACTGTT,12
NC_037331.1,NC_032653.1,116801946,121008594,121008600,c,ctttttt,6
NC_037331.1,NC_032653.1,116802124,121008778,121008796,G,GCAGGACAGGGGCAGAGCC,18
NC_037331.1,NC_032653.1,116802600,121009272,121009308,T,TCCCCCGCCCCGCACCGCGCCGCGGGCTCCCCTGTGG,36
NC_037331.1,NC_032653.1,116819300,121026004,121026005,t,tc,1
NC_037331.1,NC_032653.1,116839618,121046512,121046513,C,CA,1
NC_037331.1,NC_032653.1,116844717,121051614,121051615,g,gt,1
NC_037331.1,NC_032653.1,116866500,121073307,121073309,C,CAA,2
NC_037331.1,NC_032653.1,116866503,121073312,121073314,G,GGA,2
NC_037331.1,NC_032653.1,116866509,121073320,121073326,A,AGCCCTG,6
NC_037331.1,NC_032653.1,116890676,121097097,121097101,A,ATGCG,4
NC_037331.1,NC_032653.1,116896659,121103113,121103122,C,CCCAGTAGGY,9
NC_037331.1,NC_032653.1,116896937,121103400,121103402,C,CAA,2
NC_037331.1,NC_032653.1,116927132,121133504,121133506,t,taa,2
NC_037331.1,NC_032653.1,116961381,121190167,121190169,a,aac,2
NC_037331.1,NC_032653.1,116994005,121222796,121222798,T,TAC,2
NC_037331.1,NC_032653.1,117030769,121253834,121253836,t,tac,2
NC_037331.1,NC_032653.1,117045835,121268892,121268893,G,GR,1
NC_037331.1,NC_032653.1,117137781,121346826,121346827,C,CS,1
NC_037331.1,NC_032653.1,117178959,121388015,121388016,A,AR,1
NC_037331.1,NC_032653.1,117263903,121472014,121472015,T,TW,1
NC_037331.1,NC_032653.1,117264229,121472341,121472342,C,CM,1
NC_037331.1,NC_032653.1,117265322,121473435,121473436,G,GR,1
NC_037331.1,NC_032653.1,117293103,121501046,121501047,C,CY,1
NC_037331.1,NC_032653.1,117317793,121525617,121525618,c,ct,1
NC_037331.1,NC_032653.1,117317970,121525795,121525796,c,ct,1
NC_037331.1,NC_032653.1,117332160,121539938,121539939,C,CW,1
NC_037331.1,NC_032653.1,117332735,121540505,121540506,A,AG,1
NC_037331.1,NC_032653.1,117332964,121540742,121540743,C,CT,1
NC_037331.1,NC_032653.1,117333341,121541119,121541121,A,AYR,2
NC_037331.1,NC_032653.1,117338263,121546046,121546060,C,CCCGCGTGATGGTCA,14
NC_037331.1,NC_032653.1,117346280,121554078,121554079,t,ta,1
NC_037331.1,NC_032653.1,117430692,121638680,121638682,t,tta,2
NC_037331.1,NC_032653.1,117456048,121664061,121664062,T,TC,1
NC_037331.1,NC_032653.1,117564441,121770788,121770790,C,CTG,2
NC_037331.1,NC_032653.1,117568485,121774834,121774836,T,TTC,2
NC_037331.1,NC_032653.1,117573613,121779964,121779965,C,CT,1
NC_037331.1,NC_032653.1,117575846,121782199,121782200,C,CT,1
NC_037331.1,NC_032653.1,117576868,121783222,121783223,G,GC,1
NC_037331.1,NC_032653.1,117580500,121786972,121786973,C,CG,1
NC_037331.1,NC_032653.1,117598571,121805464,121805465,c,ct,1
NC_037331.1,NC_032653.1,117603072,121809985,121809986,G,GR,1
NC_037331.1,NC_032653.1,117630752,121837545,121837546,C,CA,1
NC_037331.1,NC_032653.1,117635363,121842157,121842158,G,GA,1
NC_037331.1,NC_032653.1,117655096,121861906,121862010,T,TGGGCTGGGCTTCCCCATGGCCCCGGGCACCTCCACTGTCCAGGTCCGGCTTCCTGTGGCCCCGGGCGCCTCCGCTGTCCAGGTCTGGCYTCACCTCCGCTGTGC,104
NC_037331.1,NC_032653.1,117678173,121885089,121885090,T,TY,1
NC_037331.1,NC_032653.1,117715385,17155071,17155079,g,gtccagacc,8
NC_037331.1,NC_032653.1,117717004,121909836,121909837,g,ga,1
NC_037331.1,NC_032653.1,117717523,121910356,121910357,c,ct,1
NC_037331.1,NC_032653.1,117735317,121931095,121931096,C,CA,1
NC_037331.1,NC_032653.1,117906903,122102748,122102770,T,TTCATTTCCGTTTGCATGGATTG,22
NC_037331.1,NC_032653.1,117929135,122125003,122125004,t,tg,1
NC_037331.1,NC_032653.1,117963481,122159349,122159350,t,ta,1
NC_037331.1,NC_032653.1,117973552,122169353,122169354,t,tc,1
NC_037331.1,NC_032653.1,117992074,122189829,122189830,a,ag,1
NC_037331.1,NC_032653.1,118017712,122257367,122257368,c,ct,1
NC_037331.1,NC_032653.1,118018582,122258238,122258239,t,tc,1
NC_037331.1,NC_032653.1,118050511,122289841,122289842,T,TA,1
NC_037331.1,NC_032653.1,118074387,122317508,122317509,T,TC,1
NC_037331.1,NC_032653.1,118078663,122321784,122321786,a,agt,2
NC_037331.1,NC_032653.1,118105349,122348443,122348444,a,ag,1
NC_037331.1,NC_032653.1,118106242,122349337,122349338,a,ag,1
NC_037331.1,NC_032653.1,118124244,122367228,122367229,T,TC,1
NC_037331.1,NC_032653.1,118135818,122379202,122379207,C,CTGCCG,5
NC_037331.1,NC_032653.1,118141465,122384854,122384855,G,GC,1
NC_037331.1,NC_032653.1,118141598,122384988,122384989,T,TN,1
NC_037331.1,NC_032653.1,118144875,122388267,122388268,G,GA,1
NC_037331.1,NC_032653.1,118145595,122388987,122388989,c,cta,2
NC_037331.1,NC_032653.1,118154319,122397795,122397796,t,ta,1
NC_037331.1,NC_032653.1,118235740,122479221,122479223,G,GGT,2
NC_037331.1,NC_032653.1,118260579,122504068,122504069,C,CM,1
NC_037331.1,NC_032653.1,118261409,122504899,122504900,T,TY,1
NC_037331.1,NC_032653.1,118305274,122548771,122548772,T,TA,1
NC_037331.1,NC_032653.1,118392666,122637294,122637295,G,GN,1
NC_037331.1,NC_032653.1,118397246,122641875,122641876,G,GS,1
NC_037331.1,NC_032653.1,118429316,122674562,122674572,c,cgtagCTGTGG,10
NC_037331.1,NC_032653.1,118442578,122687783,122687785,c,ctt,2
NC_037331.1,NC_032653.1,118452440,122697647,122697648,A,AT,1
NC_037331.1,NC_032653.1,118452481,122697689,122697690,A,AC,1
NC_037331.1,NC_032653.1,118633454,122878354,122878355,C,CS,1
NC_037331.1,NC_032653.1,118646358,122891259,122891260,g,gc,1
NC_037331.1,NC_032653.1,118673918,122918245,122918247,c,cca,2
NC_037331.1,NC_032653.1,118675031,122919376,122919377,G,GC,1
NC_037331.1,NC_032653.1,118692675,122937261,122937262,T,TC,1
NC_037331.1,NC_032653.1,118692933,122937520,122937524,C,CTGGG,4
NC_037331.1,NC_032653.1,118692938,122937529,122937532,G,GGGT,3
NC_037331.1,NC_032653.1,118693273,122937867,122937868,G,GK,1
NC_037331.1,NC_032653.1,118700701,122945296,122945306,C,CCGAGCCGAGY,10
NC_037331.1,NC_032653.1,118733654,122981394,122981395,G,GC,1
NC_037331.1,NC_032653.1,118748476,122996216,122996219,a,ataG,3
NC_037331.1,NC_032653.1,118748634,122996377,122996378,g,ga,1
NC_037331.1,NC_032653.1,118807875,123070629,123070630,G,GK,1
NC_037331.1,NC_032653.1,118847604,123110596,123110597,C,CG,1
NC_037331.1,NC_032653.1,118856549,123119215,123119216,G,GT,1
NC_037331.1,NC_032653.1,118858094,123120762,123120763,C,CA,1
NC_037331.1,NC_032653.1,118880288,123142961,123142962,t,tg,1
NC_037331.1,NC_032653.1,118880859,123143534,123143576,C,CAANNNNNNNNNNNNNNNNNNNNNNNNNNNNNNNNNNNNNNNN,42
NC_037331.1,NC_032653.1,118889910,123152640,123152641,G,GC,1
NC_037331.1,NC_032653.1,118924407,123187135,123187136,G,GC,1
NC_037331.1,NC_032653.1,118938291,123201020,123201021,g,gc,1
NC_037331.1,NC_032653.1,118949663,123212393,123212394,C,CK,1
NC_037331.1,NC_032653.1,118949855,123212586,123212587,G,GT,1
NC_037331.1,NC_032653.1,118949885,123212617,123212618,C,CT,1
NC_037331.1,NC_032653.1,118953384,123216117,123216118,C,CG,1
NC_037331.1,NC_032653.1,118971939,123234510,123234524,T,TGGTTAGCTGTGNNA,14
NC_037331.1,NC_032653.1,118974866,123237447,123237448,T,TG,1
NC_037331.1,NC_032653.1,119010737,123273356,123273361,a,aaagtg,5
NC_037331.1,NC_032653.1,119024100,123286673,123286674,C,CT,1
NC_037331.1,NC_032653.1,119034914,123297556,123297558,T,TTG,2
NC_037331.1,NC_032653.1,119034928,123297572,123297573,A,AG,1
NC_037331.1,NC_032653.1,119045095,123307743,123307744,t,tg,1
NC_037331.1,NC_032653.1,119165788,123439630,123439631,G,GA,1
NC_037331.1,NC_032653.1,119329672,123604130,123604144,G,GAACGTTTNNNNNNN,14
NC_037331.1,NC_032653.1,119507628,123782388,123782389,A,AR,1
NC_037331.1,NC_032653.1,119615974,123885971,123885972,A,AG,1
NC_037331.1,NC_032653.1,119623288,123893286,123893290,a,atcgt,4
NC_037331.1,NC_032653.1,119718686,123978152,123978153,t,tg,1
NC_037331.1,NC_032653.1,119849675,124109393,124109394,C,CT,1
NC_037331.1,NC_032653.1,119855140,124133645,124133646,G,GA,1
NC_037331.1,NC_032653.1,119870505,124149012,124149017,A,ANNNNN,5
NC_037331.1,NC_032653.1,119879723,124313473,124313474,A,AC,1
NC_037331.1,NC_032653.1,119881620,124311568,124311579,C,CACCCCCTCCGG,11
NC_037331.1,NC_032653.1,119895589,124282794,124282795,t,tg,1
NC_037331.1,NC_032653.1,119895944,124283140,124283145,G,GTACTC,5
NC_037331.1,NC_032653.1,119897393,124284593,124284594,T,TA,1
