Reference ID,Query ID,Reference POS,Query POS,Query END,REF,ALT,SVLEN
NC_037343.1,NC_032665.1,1044156,33212,33213,C,CT,1
NC_037343.1,NC_032665.1,1048465,37523,37524,c,ct,1
NC_037343.1,NC_032665.1,1051183,40243,40244,c,cY,1
NC_037343.1,NC_032665.1,1089475,78573,78574,a,at,1
NC_037343.1,NC_032665.1,1158623,147798,147799,C,CG,1
NC_037343.1,NC_032665.1,1181249,170427,170428,c,ca,1
NC_037343.1,NC_032665.1,1186950,176129,176133,C,CTMAS,4
NC_037343.1,NC_032665.1,1188124,177307,177312,g,gacttc,5
NC_037343.1,NC_032665.1,1192850,182038,182054,G,GANNNNNNNNNNNCCCC,16
NC_037343.1,NC_032665.1,1208825,198029,198030,g,ga,1
NC_037343.1,NC_032665.1,1208836,198041,198042,t,tg,1
NC_037343.1,NC_032665.1,1208853,198059,198060,c,ct,1
NC_037343.1,NC_032665.1,1245344,234556,234557,G,GT,1
NC_037343.1,NC_032665.1,1272227,263618,263619,G,GA,1
NC_037343.1,NC_032665.1,1289030,280234,280236,c,cca,2
NC_037343.1,NC_032665.1,1312154,303003,303004,G,GR,1
NC_037343.1,NC_032665.1,1333754,324604,324605,t,tg,1
NC_037343.1,NC_032665.1,1361545,352136,352145,c,catgtggcaa,9
NC_037343.1,NC_032665.1,1364266,354865,354866,A,AR,1
NC_037343.1,NC_032665.1,1371103,361705,361706,A,AC,1
NC_037343.1,NC_032665.1,1490147,479555,479557,T,TCC,2
NC_037343.1,NC_032665.1,1590063,579600,579615,T,TGCTTTTGTTCTCCTG,15
NC_037343.1,NC_032665.1,1651199,640998,640999,t,ta,1
NC_037343.1,NC_032665.1,1668347,658160,658161,a,at,1
NC_037343.1,NC_032665.1,1698022,687443,687444,c,ct,1
NC_037343.1,NC_032665.1,1699083,688505,688506,g,ga,1
NC_037343.1,NC_032665.1,1699809,689232,689235,G,GTGT,3
NC_037343.1,NC_032665.1,1710535,699960,699961,G,GR,1
NC_037343.1,NC_032665.1,1730694,728856,728857,t,ta,1
NC_037343.1,NC_032665.1,1731602,729765,729766,t,tc,1
NC_037343.1,NC_032665.1,1733318,731478,731486,a,acgtcaagg,8
NC_037343.1,NC_032665.1,1733622,731790,731791,t,tg,1
NC_037343.1,NC_032665.1,1733691,731860,731861,g,ga,1
NC_037343.1,NC_032665.1,1734399,732570,732572,A,AAG,2
NC_037343.1,NC_032665.1,1735974,734137,734141,t,tatgc,4
NC_037343.1,NC_032665.1,1758704,756873,756875,A,AAC,2
NC_037343.1,NC_032665.1,1763887,762047,762050,t,tagc,3
NC_037343.1,NC_032665.1,1785618,783781,783782,G,GC,1
NC_037343.1,NC_032665.1,1826718,824868,824878,t,tctagtcaaag,10
NC_037343.1,NC_032665.1,1853220,851118,851119,T,TC,1
NC_037343.1,NC_032665.1,1866870,864845,864846,T,TG,1
NC_037343.1,NC_032665.1,1866893,864869,864870,T,TG,1
NC_037343.1,NC_032665.1,1868551,866409,866439,a,aacacacacacacacacacacacacacacac,30
NC_037343.1,NC_032665.1,1903123,901014,901015,A,AT,1
NC_037343.1,NC_032665.1,1943454,941314,941315,G,GT,1
NC_037343.1,NC_032665.1,1994239,992124,992126,C,CCT,2
NC_037343.1,NC_032665.1,1994247,992134,992135,G,GA,1
NC_037343.1,NC_032665.1,1994774,992662,992664,T,TAG,2
NC_037343.1,NC_032665.1,2021666,1019556,1019557,G,GC,1
NC_037343.1,NC_032665.1,2095000,1092482,1092483,T,TG,1
NC_037343.1,NC_032665.1,2105101,1102585,1102586,T,TG,1
NC_037343.1,NC_032665.1,2117724,1115209,1115213,G,GTCTC,4
NC_037343.1,NC_032665.1,2148007,1151431,1151432,G,GR,1
NC_037343.1,NC_032665.1,2173927,1177352,1177363,c,catttttctttt,11
NC_037343.1,NC_032665.1,2173946,1177382,1177387,t,tttttY,5
NC_037343.1,NC_032665.1,2233136,1233030,1233031,t,tg,1
NC_037343.1,NC_032665.1,2316892,1317288,1317306,G,GTCGCATCTATTACATAAA,18
NC_037343.1,NC_032665.1,2483221,1471307,1471310,T,TTGC,3
NC_037343.1,NC_032665.1,2484071,1472160,1472161,C,CT,1
NC_037343.1,NC_032665.1,2557479,1545595,1545596,T,TY,1
NC_037343.1,NC_032665.1,2559034,1547133,1547134,C,CG,1
NC_037343.1,NC_032665.1,2560017,1548113,1548114,G,GS,1
NC_037343.1,NC_032665.1,2560181,1548278,1548279,C,CY,1
NC_037343.1,NC_032665.1,2566083,1554189,1554190,T,TY,1
NC_037343.1,NC_032665.1,2618407,1606211,1606212,G,GT,1
NC_037343.1,NC_032665.1,2636596,1624313,1624314,G,GS,1
NC_037343.1,NC_032665.1,2672638,1660357,1660358,g,ga,1
NC_037343.1,NC_032665.1,2672764,1660484,1660486,c,cct,2
NC_037343.1,NC_032665.1,2682067,1669791,1669792,A,AR,1
NC_037343.1,NC_032665.1,2684103,1671829,1671835,c,cgcgcct,6
NC_037343.1,NC_032665.1,2692904,1680633,1680634,G,GK,1
NC_037343.1,NC_032665.1,2699345,1687069,1687070,a,ac,1
NC_037343.1,NC_032665.1,2701729,1689455,1689457,t,tca,2
NC_037343.1,NC_032665.1,2703112,1690838,1690839,G,GR,1
NC_037343.1,NC_032665.1,2831231,1802965,1802966,C,CS,1
NC_037343.1,NC_032665.1,2855086,1871778,1871780,C,CCG,2
NC_037343.1,NC_032665.1,2925505,1942205,1942208,C,CGAG,3
NC_037343.1,NC_032665.1,2954019,1970720,1970721,c,ct,1
NC_037343.1,NC_032665.1,2979093,1995794,1995809,g,gtcaCTGGTGGTGACT,15
NC_037343.1,NC_032665.1,3056150,2072687,2072688,t,ta,1
NC_037343.1,NC_032665.1,3057226,2073765,2073766,a,aW,1
NC_037343.1,NC_032665.1,3098525,2114666,2114667,T,TG,1
NC_037343.1,NC_032665.1,3105944,2122086,2122087,C,CT,1
NC_037343.1,NC_032665.1,3134297,2150437,2150438,T,TC,1
NC_037343.1,NC_032665.1,3158086,2174230,2174233,g,ggat,3
NC_037343.1,NC_032665.1,3169098,2185246,2185247,C,CY,1
NC_037343.1,NC_032665.1,3176636,2191556,2191557,a,ac,1
NC_037343.1,NC_032665.1,3187630,2202552,2202553,T,TG,1
NC_037343.1,NC_032665.1,3198809,2213748,2213749,A,AC,1
NC_037343.1,NC_032665.1,3211726,2226898,2226900,C,CAA,2
NC_037343.1,NC_032665.1,3216824,2231995,2232000,T,TTCTTA,5
NC_037343.1,NC_032665.1,3353719,2369007,2369011,g,gtccc,4
NC_037343.1,NC_032665.1,3363958,2379266,2379267,C,CT,1
NC_037343.1,NC_032665.1,3392374,2407618,2407619,C,CY,1
NC_037343.1,NC_032665.1,3409603,2424850,2424851,C,CM,1
NC_037343.1,NC_032665.1,3417853,2433103,2433104,G,GR,1
NC_037343.1,NC_032665.1,3465162,2480528,2480529,C,CM,1
NC_037343.1,NC_032665.1,3566555,2582101,2582107,a,aNNNNNN,6
NC_037343.1,NC_032665.1,3691361,2706561,2706562,C,CA,1
NC_037343.1,NC_032665.1,3728819,2744319,2744349,T,TGACCGTCTTGGAACTTTGCTCAGCGTGACC,30
NC_037343.1,NC_032665.1,3731336,2746859,2746873,A,ACCAGCTTTCTGTGT,14
NC_037343.1,NC_032665.1,3732414,2747949,2747991,c,caTATATAYatatatatatatatatatatatatatatatatat,42
NC_037343.1,NC_032665.1,3751976,2767563,2767564,A,AW,1
NC_037343.1,NC_032665.1,3755405,2770993,2771012,G,GGCTCTTCCCATATCCTCCC,19
NC_037343.1,NC_032665.1,3929065,2936561,2936565,t,ttttc,4
NC_037343.1,NC_032665.1,3929151,2936651,2936652,a,at,1
NC_037343.1,NC_032665.1,3930417,2937909,2937910,c,ct,1
NC_037343.1,NC_032665.1,3944924,2952441,2952443,c,cca,2
NC_037343.1,NC_032665.1,3945182,2952701,2952702,t,ta,1
NC_037343.1,NC_032665.1,3957267,2964790,2964792,t,tNN,2
NC_037343.1,NC_032665.1,4128108,3135663,3135664,T,TA,1
NC_037343.1,NC_032665.1,4205005,3220604,3220605,G,GR,1
NC_037343.1,NC_032665.1,4225422,3241018,3241019,T,TW,1
NC_037343.1,NC_032665.1,4225548,3241146,3241147,T,TY,1
NC_037343.1,NC_032665.1,4227356,3242954,3242955,T,TG,1
NC_037343.1,NC_032665.1,4256959,3272559,3272583,C,CACACCGAATGGATGAGAACGGTCM,24
NC_037343.1,NC_032665.1,4261806,3277426,3277428,t,tca,2
NC_037343.1,NC_032665.1,4275646,3291352,3291362,t,tgtgtgtgtga,10
NC_037343.1,NC_032665.1,4286190,3301908,3301909,C,CA,1
NC_037343.1,NC_032665.1,4305621,3321272,3321285,T,TGGGGAAGGGAAAC,13
NC_037343.1,NC_032665.1,4305724,3321387,3321410,a,aggTGGAAAGGGNNNGAAAAAGCT,23
NC_037343.1,NC_032665.1,4317196,3332902,3332920,G,GTTCCAGGCAGAGTTCACC,18
NC_037343.1,NC_032665.1,4383940,3399475,3399476,T,TK,1
NC_037343.1,NC_032665.1,4466191,3482382,3482383,C,CR,1
NC_037343.1,NC_032665.1,4555127,3572021,3572023,G,GAA,2
NC_037343.1,NC_032665.1,4590018,3606922,3606924,a,aNN,2
NC_037343.1,NC_032665.1,4612344,3629249,3629250,a,ag,1
NC_037343.1,NC_032665.1,4618108,3635014,3635042,T,TAACANNNNNNNNNNNNNNNNNNNCTGAA,28
NC_037343.1,NC_032665.1,4634147,3651085,3651088,t,ttaa,3
NC_037343.1,NC_032665.1,4677137,3694090,3694091,T,TC,1
NC_037343.1,NC_032665.1,4695391,3712284,3712288,c,ctgta,4
NC_037343.1,NC_032665.1,4696529,3713424,3713425,c,ct,1
NC_037343.1,NC_032665.1,4700791,3717685,3717690,G,GATAGA,5
NC_037343.1,NC_032665.1,4701411,3718310,3718316,c,cttcact,6
NC_037343.1,NC_032665.1,4703889,3720793,3720794,a,ac,1
NC_037343.1,NC_032665.1,4726394,3743302,3743303,T,TG,1
NC_037343.1,NC_032665.1,4731274,3748183,3748187,T,TAGAG,4
NC_037343.1,NC_032665.1,4732290,3749203,3749221,G,GGTGGGCCTCTGAGTGGGC,18
NC_037343.1,NC_032665.1,4732423,3749354,3749361,C,CTCCTTGT,7
NC_037343.1,NC_032665.1,4733263,3750201,3750202,C,CT,1
NC_037343.1,NC_032665.1,4747887,3764826,3764827,t,tg,1
NC_037343.1,NC_032665.1,4813744,3830691,3830692,a,ac,1
NC_037343.1,NC_032665.1,4814648,3831596,3831598,c,cta,2
NC_037343.1,NC_032665.1,6090075,4100643,4100647,a,atttt,4
NC_037343.1,NC_032665.1,6092463,4102968,4102970,c,cat,2
NC_037343.1,NC_032665.1,6093134,4103630,4103631,t,tc,1
NC_037343.1,NC_032665.1,6094143,4104635,4104636,G,GA,1
NC_037343.1,NC_032665.1,6094368,4104860,4104861,C,CA,1
NC_037343.1,NC_032665.1,6096013,4106504,4106505,T,TC,1
NC_037343.1,NC_032665.1,6096016,4106508,4106512,T,TGCCC,4
NC_037343.1,NC_032665.1,6113416,4123273,4123274,a,at,1
NC_037343.1,NC_032665.1,6115110,4124968,4124972,c,cagaa,4
NC_037343.1,NC_032665.1,6117034,4126896,4126897,g,ga,1
NC_037343.1,NC_032665.1,6134946,4143991,4143993,T,TCA,2
NC_037343.1,NC_032665.1,6137115,4146161,4146162,A,AC,1
NC_037343.1,NC_032665.1,6149201,4158231,4158233,g,ggt,2
NC_037343.1,NC_032665.1,6149776,4158809,4158810,t,ta,1
NC_037343.1,NC_032665.1,6155961,4164987,4164989,t,tca,2
NC_037343.1,NC_032665.1,6157022,4166050,4166051,c,ca,1
NC_037343.1,NC_032665.1,6157542,4166571,4166572,G,GA,1
NC_037343.1,NC_032665.1,6161087,4170115,4170155,A,ANNNNNNNNNNNNNNNNNNNNNNNNNNNNNNNNNNNNNNNN,40
NC_037343.1,NC_032665.1,6168736,4177927,4177928,a,at,1
NC_037343.1,NC_032665.1,6169868,4179059,4179061,a,att,2
NC_037343.1,NC_032665.1,6180475,4189525,4189526,t,tc,1
NC_037343.1,NC_032665.1,6182694,4191743,4191757,g,gagagagagagagaa,14
NC_037343.1,NC_032665.1,6183863,4192926,4192927,t,tc,1
NC_037343.1,NC_032665.1,6185177,4194245,4194251,t,tcttttc,6
NC_037343.1,NC_032665.1,6185694,4195566,4195567,C,CY,1
NC_037343.1,NC_032665.1,6189974,4200206,4200207,c,ct,1
NC_037343.1,NC_032665.1,6204233,4214423,4214425,a,aag,2
NC_037343.1,NC_032665.1,6209051,4219243,4219244,c,ca,1
NC_037343.1,NC_032665.1,6215488,4226160,4226161,T,TA,1
NC_037343.1,NC_032665.1,6222066,4232733,4232734,a,at,1
NC_037343.1,NC_032665.1,6314235,4260001,4260003,c,ctt,2
NC_037343.1,NC_032665.1,6321287,4267051,4267052,t,ta,1
NC_037343.1,NC_032665.1,6327836,4273603,4273604,t,ta,1
NC_037343.1,NC_032665.1,6374323,4320492,4320495,c,cttt,3
NC_037343.1,NC_032665.1,6377299,4323470,4323471,a,ac,1
NC_037343.1,NC_032665.1,6388594,4334774,4334775,T,TA,1
NC_037343.1,NC_032665.1,6392349,4338529,4338530,T,TK,1
NC_037343.1,NC_032665.1,6477352,4412994,4412995,t,ta,1
NC_037343.1,NC_032665.1,6492178,4428076,4428078,g,gaa,2
NC_037343.1,NC_032665.1,6536006,4473716,4473717,T,TA,1
NC_037343.1,NC_032665.1,6542018,4479729,4479730,g,gt,1
NC_037343.1,NC_032665.1,6585248,4523364,4523365,A,AN,1
NC_037343.1,NC_032665.1,6699778,4637697,4637698,A,AG,1
NC_037343.1,NC_032665.1,6703912,4641832,4641833,t,ta,1
NC_037343.1,NC_032665.1,6718806,4656059,4656060,A,AG,1
NC_037343.1,NC_032665.1,6720381,4657635,4657638,C,CCTT,3
NC_037343.1,NC_032665.1,6731029,4668286,4668288,T,TTG,2
NC_037343.1,NC_032665.1,6777141,4714338,4714342,t,tNNNN,4
NC_037343.1,NC_032665.1,6782476,4719677,4719678,a,at,1
NC_037343.1,NC_032665.1,6807889,4745355,4745356,A,AW,1
NC_037343.1,NC_032665.1,6810378,4747845,4747847,t,ttg,2
NC_037343.1,NC_032665.1,6820461,4758109,4758110,t,tc,1
NC_037343.1,NC_032665.1,6827971,4765622,4765623,A,AR,1
NC_037343.1,NC_032665.1,6836981,4774616,4774617,C,CT,1
NC_037343.1,NC_032665.1,6846652,4784288,4784289,A,AG,1
NC_037343.1,NC_032665.1,6847486,4785123,4785124,A,AG,1
NC_037343.1,NC_032665.1,6988222,5236191,5236192,A,AT,1
NC_037343.1,NC_032665.1,6988529,5236499,5236504,a,aactgg,5
NC_037343.1,NC_032665.1,6989101,5237081,5237083,T,TAG,2
NC_037343.1,NC_032665.1,6990524,5238506,5238507,g,ga,1
NC_037343.1,NC_032665.1,6991723,4962621,4962625,G,GTTCA,4
NC_037343.1,NC_032665.1,6993688,5241676,5241678,t,tag,2
NC_037343.1,NC_032665.1,7005165,5254878,5254879,a,at,1
NC_037343.1,NC_032665.1,7006614,5256306,5256312,c,cattatt,6
NC_037343.1,NC_032665.1,7008486,5258181,5258206,a,atatatatatNNNNNNNNNNNNNNNN,25
NC_037343.1,NC_032665.1,7008511,5258231,5258232,c,ct,1
NC_037343.1,NC_032665.1,7009292,5265455,5265458,a,aagg,3
NC_037343.1,NC_032665.1,7010370,5266541,5266545,C,CTTCA,4
NC_037343.1,NC_032665.1,7010768,5266943,5266944,T,TC,1
NC_037343.1,NC_032665.1,7011045,4980827,4980828,T,TC,1
NC_037343.1,NC_032665.1,7011045,5267221,5267222,T,TC,1
NC_037343.1,NC_032665.1,7020366,5276543,5276551,G,GCCCAGCCT,8
NC_037343.1,NC_032665.1,7063540,5296830,5296831,T,TC,1
NC_037343.1,NC_032665.1,7063814,5297105,5297106,C,CG,1
NC_037343.1,NC_032665.1,7064018,5297311,5297312,T,TG,1
NC_037343.1,NC_032665.1,7064214,5297528,5297532,T,TGACA,4
NC_037343.1,NC_032665.1,7065091,5298411,5298412,t,ta,1
NC_037343.1,NC_032665.1,7065567,5298892,5298893,G,GA,1
NC_037343.1,NC_032665.1,7066076,5299402,5299403,T,TC,1
NC_037343.1,NC_032665.1,7069781,5303108,5303124,c,cttttgttggcaaagta,16
NC_037343.1,NC_032665.1,7073570,5306916,5306917,a,at,1
NC_037343.1,NC_032665.1,7168773,5515411,5515415,g,gtatt,4
NC_037343.1,NC_032665.1,7168773,5117107,5117111,g,gtatt,4
NC_037343.1,NC_032665.1,7173651,5520298,5520304,a,aattttt,6
NC_037343.1,NC_032665.1,7182500,5103370,5103371,T,TC,1
NC_037343.1,NC_032665.1,7182500,5537612,5537613,T,TC,1
NC_037343.1,NC_032665.1,7183760,5538876,5538881,g,gaaaaa,5
NC_037343.1,NC_032665.1,7188851,5543978,5543979,T,TG,1
NC_037343.1,NC_032665.1,7190291,5545410,5545419,c,cactgtttct,9
NC_037343.1,NC_032665.1,7191357,5546326,5546327,G,GT,1
NC_037343.1,NC_032665.1,7191779,5546749,5546753,A,AGTCC,4
NC_037343.1,NC_032665.1,7197281,5552254,5552255,C,CT,1
NC_037343.1,NC_032665.1,7201459,5556886,5556887,A,AC,1
NC_037343.1,NC_032665.1,7201739,5557166,5557174,A,AAAAGAGAC,8
NC_037343.1,NC_032665.1,7201895,5557329,5557330,C,CA,1
NC_037343.1,NC_032665.1,7213385,5568818,5568819,C,CY,1
NC_037343.1,NC_032665.1,7229060,5584590,5584591,t,ta,1
NC_037343.1,NC_032665.1,7233016,5588436,5588438,A,AAC,2
NC_037343.1,NC_032665.1,7373650,5714934,5714935,C,CT,1
NC_037343.1,NC_032665.1,7386515,5728227,5728228,a,at,1
NC_037343.1,NC_032665.1,7439164,5781042,5781043,t,tg,1
NC_037343.1,NC_032665.1,7447566,5789447,5789449,a,aNN,2
NC_037343.1,NC_032665.1,7463330,5805237,5805238,T,TG,1
NC_037343.1,NC_032665.1,7482602,5824513,5824518,t,taaaaa,5
NC_037343.1,NC_032665.1,7488439,5830356,5830357,g,ga,1
NC_037343.1,NC_032665.1,7503483,5845403,5845409,t,tagcagc,6
NC_037343.1,NC_032665.1,7545429,5887351,5887352,A,AM,1
NC_037343.1,NC_032665.1,7548524,5890450,5890454,g,ggaaa,4
NC_037343.1,NC_032665.1,7563652,5905582,5905583,t,ta,1
NC_037343.1,NC_032665.1,7618289,5960238,5960239,T,TG,1
NC_037343.1,NC_032665.1,7618838,5960787,5960803,a,aaaacaaacaaacaaac,16
NC_037343.1,NC_032665.1,7664264,6007906,6007909,t,tccN,3
NC_037343.1,NC_032665.1,7721051,6065169,6065170,G,GC,1
NC_037343.1,NC_032665.1,7745852,6090003,6090004,t,tY,1
NC_037343.1,NC_032665.1,7762777,6106927,6106928,g,ga,1
NC_037343.1,NC_032665.1,7765922,6110073,6110074,a,aN,1
NC_037343.1,NC_032665.1,7819738,6214725,6214726,g,gt,1
NC_037343.1,NC_032665.1,7826228,6222299,6222300,G,GA,1
NC_037343.1,NC_032665.1,7880769,6276841,6276842,c,ca,1
NC_037343.1,NC_032665.1,7884631,6281539,6281541,g,gaa,2
NC_037343.1,NC_032665.1,7893348,6290291,6290293,c,ctt,2
NC_037343.1,NC_032665.1,7900395,6297344,6297345,c,ca,1
NC_037343.1,NC_032665.1,7948021,6345262,6345263,c,ct,1
NC_037343.1,NC_032665.1,7948861,6346103,6346105,t,ttg,2
NC_037343.1,NC_032665.1,7948951,6346195,6346196,c,ct,1
NC_037343.1,NC_032665.1,7949142,6346387,6346391,t,tttaa,4
NC_037343.1,NC_032665.1,7949374,6346623,6346624,a,at,1
NC_037343.1,NC_032665.1,7950835,6348083,6348085,a,agg,2
NC_037343.1,NC_032665.1,7951173,6348417,6348418,g,ga,1
NC_037343.1,NC_032665.1,7951173,6444983,6444984,g,ga,1
NC_037343.1,NC_032665.1,7951211,6348456,6348458,t,tgc,2
NC_037343.1,NC_032665.1,7988094,6372497,6372498,a,aR,1
NC_037343.1,NC_032665.1,8088414,6511236,6511238,t,tca,2
NC_037343.1,NC_032665.1,8106332,6528987,6528988,T,TC,1
NC_037343.1,NC_032665.1,8114553,6537209,6537211,a,aNN,2
NC_037343.1,NC_032665.1,8172828,6596042,6596043,a,ag,1
NC_037343.1,NC_032665.1,8223910,6646873,6646874,t,ta,1
NC_037343.1,NC_032665.1,8238105,6661082,6661083,a,at,1
NC_037343.1,NC_032665.1,8238821,6661799,6661800,a,ag,1
NC_037343.1,NC_032665.1,8313170,6736032,6736034,t,ttg,2
NC_037343.1,NC_032665.1,8314306,6737162,6737163,t,tg,1
NC_037343.1,NC_032665.1,8322469,6745329,6745330,T,TC,1
NC_037343.1,NC_032665.1,8331839,6754703,6754709,c,catAAGT,6
NC_037343.1,NC_032665.1,8349057,6771914,6771916,g,gtc,2
NC_037343.1,NC_032665.1,8351409,6774212,6774213,t,ta,1
NC_037343.1,NC_032665.1,8353062,6775904,6775910,t,tNNNNNN,6
NC_037343.1,NC_032665.1,8372434,6795288,6795289,a,at,1
NC_037343.1,NC_032665.1,8384011,6806618,6806619,a,aN,1
NC_037343.1,NC_032665.1,8395753,6818367,6818368,g,gt,1
NC_037343.1,NC_032665.1,8419616,6842234,6842235,a,at,1
NC_037343.1,NC_032665.1,8447765,6870386,6870387,A,AT,1
NC_037343.1,NC_032665.1,8465782,6888405,6888406,C,CY,1
NC_037343.1,NC_032665.1,8518712,6940870,6940871,T,TC,1
NC_037343.1,NC_032665.1,8552699,6974867,6974868,a,ag,1
NC_037343.1,NC_032665.1,8620675,7035857,7035858,c,ct,1
NC_037343.1,NC_032665.1,8640102,7055090,7055091,t,ta,1
NC_037343.1,NC_032665.1,8663634,7078613,7078614,t,tg,1
NC_037343.1,NC_032665.1,8701645,7116629,7116630,g,ga,1
NC_037343.1,NC_032665.1,8721098,7136094,7136096,c,caa,2
NC_037343.1,NC_032665.1,8722406,7137404,7137406,T,TTC,2
NC_037343.1,NC_032665.1,8782182,7212741,7212742,a,at,1
NC_037343.1,NC_032665.1,8787824,7218377,7218381,g,gtgta,4
NC_037343.1,NC_032665.1,8799552,7230111,7230115,a,aaatg,4
NC_037343.1,NC_032665.1,8826679,7259634,7259635,t,tc,1
NC_037343.1,NC_032665.1,8826710,7259666,7259667,t,ta,1
NC_037343.1,NC_032665.1,8838446,7271399,7271419,A,AAAAANNNNNNNNNNNNNNNN,20
NC_037343.1,NC_032665.1,8857635,7290619,7290625,g,gattcaa,6
NC_037343.1,NC_032665.1,8862379,7295371,7295373,a,atg,2
NC_037343.1,NC_032665.1,8885735,7318805,7318806,A,AY,1
NC_037343.1,NC_032665.1,9016873,7449488,7449489,c,ct,1
NC_037343.1,NC_032665.1,9132390,7565724,7565725,g,gt,1
NC_037343.1,NC_032665.1,9198047,7631418,7631419,c,ct,1
NC_037343.1,NC_032665.1,9206384,7639754,7639755,A,AM,1
NC_037343.1,NC_032665.1,9256485,7689856,7689857,a,ac,1
NC_037343.1,NC_032665.1,9257206,7690572,7690575,c,cctt,3
NC_037343.1,NC_032665.1,9258088,7691456,7691457,t,ta,1
NC_037343.1,NC_032665.1,9283702,7717102,7717103,T,TK,1
NC_037343.1,NC_032665.1,9284544,7717945,7717951,a,aNNNNNN,6
NC_037343.1,NC_032665.1,9290004,7723406,7723407,t,ta,1
NC_037343.1,NC_032665.1,9334372,7780917,7780918,C,CA,1
NC_037343.1,NC_032665.1,9348499,7795153,7795154,A,AG,1
NC_037343.1,NC_032665.1,9356088,7802743,7802745,a,aaM,2
NC_037343.1,NC_032665.1,9370918,7817574,7817575,g,ga,1
NC_037343.1,NC_032665.1,9385607,7832248,7832251,C,CCTT,3
NC_037343.1,NC_032665.1,9390243,7836749,7836766,t,tattttatctgatatgag,17
NC_037343.1,NC_032665.1,9390243,7842638,7842655,t,tattttatctgatatgag,17
NC_037343.1,NC_032665.1,9420945,7872646,7872648,g,gaa,2
NC_037343.1,NC_032665.1,9425888,7877592,7877611,A,ATGAACATCACGAGATGTTC,19
NC_037343.1,NC_032665.1,9426009,7877732,7877734,g,gaa,2
NC_037343.1,NC_032665.1,9428435,7880158,7880160,C,CCA,2
NC_037343.1,NC_032665.1,9431103,7882826,7882827,c,ca,1
NC_037343.1,NC_032665.1,9433910,7885634,7885635,A,AG,1
NC_037343.1,NC_032665.1,9434609,7886421,7886423,c,caa,2
NC_037343.1,NC_032665.1,9436490,7888305,7888306,t,tY,1
NC_037343.1,NC_032665.1,9438905,7890516,7890517,A,AC,1
NC_037343.1,NC_032665.1,9442179,7893790,7893794,T,TCTAA,4
NC_037343.1,NC_032665.1,9453650,7907131,7907134,t,tctc,3
NC_037343.1,NC_032665.1,9488523,7947412,7947413,A,AC,1
NC_037343.1,NC_032665.1,9532510,7990864,7990865,g,ga,1
NC_037343.1,NC_032665.1,9544296,8002653,8002654,t,tc,1
NC_037343.1,NC_032665.1,9606001,8064508,8064509,a,at,1
NC_037343.1,NC_032665.1,9606576,8065084,8065086,c,cgt,2
NC_037343.1,NC_032665.1,9619993,8078485,8078513,G,GGTTCCAGAACCTGAGGGACCCCAGACTT,28
NC_037343.1,NC_032665.1,9626955,8086255,8086258,g,ggga,3
NC_037343.1,NC_032665.1,9643483,8102756,8102758,c,cag,2
NC_037343.1,NC_032665.1,9655366,8114639,8114641,c,cag,2
NC_037343.1,NC_032665.1,9681489,8140788,8140792,t,tNNNN,4
NC_037343.1,NC_032665.1,9684188,8143492,8143493,G,GC,1
NC_037343.1,NC_032665.1,9686432,8145737,8145738,c,ct,1
NC_037343.1,NC_032665.1,9760567,8221830,8221831,a,at,1
NC_037343.1,NC_032665.1,9764755,8226013,8226014,C,CT,1
NC_037343.1,NC_032665.1,9769786,8231052,8231053,C,CA,1
NC_037343.1,NC_032665.1,9777852,8239150,8239153,c,ctgg,3
NC_037343.1,NC_032665.1,9787573,8248874,8248876,c,caa,2
NC_037343.1,NC_032665.1,9793226,8254534,8254535,g,gN,1
NC_037343.1,NC_032665.1,9875328,8336593,8336597,c,ctttt,4
NC_037343.1,NC_032665.1,9875361,8336630,8336633,c,cgtt,3
NC_037343.1,NC_032665.1,9877396,8338673,8338677,g,gaaaa,4
NC_037343.1,NC_032665.1,9878629,8339881,8339882,c,ca,1
NC_037343.1,NC_032665.1,9880453,8341792,8341793,a,ac,1
NC_037343.1,NC_032665.1,9916104,8377495,8377496,T,TC,1
NC_037343.1,NC_032665.1,9918192,8379584,8379585,A,AW,1
NC_037343.1,NC_032665.1,9924322,8385705,8385706,A,AR,1
NC_037343.1,NC_032665.1,9936231,8397630,8397631,t,tc,1
NC_037343.1,NC_032665.1,9942791,8404189,8404190,A,AC,1
NC_037343.1,NC_032665.1,10033940,8495272,8495273,c,cg,1
NC_037343.1,NC_032665.1,10089344,8554230,8554231,g,gt,1
NC_037343.1,NC_032665.1,10105613,8570506,8570507,c,ct,1
NC_037343.1,NC_032665.1,10107500,8572392,8572393,G,GN,1
NC_037343.1,NC_032665.1,10125512,8590394,8590405,c,caggtggccaag,11
NC_037343.1,NC_032665.1,10125631,8590524,8590525,c,ca,1
NC_037343.1,NC_032665.1,10158563,8623448,8623449,a,ac,1
NC_037343.1,NC_032665.1,10168517,8633400,8633403,a,aaac,3
NC_037343.1,NC_032665.1,10169031,8633915,8633916,t,ta,1
NC_037343.1,NC_032665.1,10172754,8637638,8637659,t,ttagtagtagtagtagtagtag,21
NC_037343.1,NC_032665.1,10201857,8666765,8666767,t,ttg,2
NC_037343.1,NC_032665.1,10215379,8680270,8680271,a,ag,1
NC_037343.1,NC_032665.1,10232112,8682191,8682195,c,ctctt,4
NC_037343.1,NC_032665.1,10255278,8705369,8705383,T,TCAGGCTGGGTTGCG,14
NC_037343.1,NC_032665.1,10266196,8716304,8716305,g,ga,1
NC_037343.1,NC_032665.1,10276693,8726806,8726808,a,aNN,2
NC_037343.1,NC_032665.1,10311088,8761207,8761209,c,cat,2
NC_037343.1,NC_032665.1,10324512,8774635,8774639,t,tNNNN,4
NC_037343.1,NC_032665.1,10328563,8779408,8779409,t,ta,1
NC_037343.1,NC_032665.1,10328603,8779449,8779462,t,tgttgtctgttgtg,13
NC_037343.1,NC_032665.1,10347755,8798605,8798606,C,CA,1
NC_037343.1,NC_032665.1,10358021,8808878,8808882,C,CAGAG,4
NC_037343.1,NC_032665.1,10366371,8817237,8817238,t,tc,1
NC_037343.1,NC_032665.1,10366386,8817253,8817254,t,ta,1
NC_037343.1,NC_032665.1,10374355,8825222,8825223,c,ca,1
NC_037343.1,NC_032665.1,10467560,8948577,8948578,g,ga,1
NC_037343.1,NC_032665.1,10468151,8949169,8949182,a,acATTAATAGGTNN,13
NC_037343.1,NC_032665.1,10471398,8952895,8952896,T,TA,1
NC_037343.1,NC_032665.1,10486138,8967647,8967648,t,tN,1
NC_037343.1,NC_032665.1,10493648,8975156,8975368,c,cacaaagaataggacacaactgagctactgaactgaactgaactgaaactctatgTAGATCAAAGTAAGAAAAAGGTGGTTAAATAATAAAGTTTATATGTAATAAAAGTTCAATGAAATGAAGACTCAATGTTCACCaaagtgaaataagaaaatatttccataaRAACtggaagaatttaatttttttatcttattttgagGTTTATGGTT,212
NC_037343.1,NC_032665.1,10538691,9020229,9020231,t,tag,2
NC_037343.1,NC_032665.1,10543295,9024838,9024839,a,ag,1
NC_037343.1,NC_032665.1,10562194,9043732,9043733,t,tc,1
NC_037343.1,NC_032665.1,10562203,9043742,9043743,t,tg,1
NC_037343.1,NC_032665.1,10580690,9062349,9062350,A,AR,1
NC_037343.1,NC_032665.1,10612816,9097366,9097367,a,aW,1
NC_037343.1,NC_032665.1,10788506,9285428,9285431,A,ATTC,3
NC_037343.1,NC_032665.1,10789113,9286033,9286034,c,ca,1
NC_037343.1,NC_032665.1,10791387,9288312,9288317,g,gactga,5
NC_037343.1,NC_032665.1,10847536,9344482,9344486,C,CGGTG,4
NC_037343.1,NC_032665.1,10874201,9371192,9371195,t,ttaa,3
NC_037343.1,NC_032665.1,10925561,9422263,9422269,t,tagagag,6
NC_037343.1,NC_032665.1,10930720,9427430,9427431,A,AG,1
NC_037343.1,NC_032665.1,10948215,9444927,9444931,a,aNNNN,4
NC_037343.1,NC_032665.1,11023425,9519752,9519753,t,tc,1
NC_037343.1,NC_032665.1,11023578,9519906,9519911,t,ttaaaa,5
NC_037343.1,NC_032665.1,11042947,9531365,9531366,T,TW,1
NC_037343.1,NC_032665.1,11044522,9532941,9532942,C,CY,1
NC_037343.1,NC_032665.1,11088107,9577014,9577016,a,act,2
NC_037343.1,NC_032665.1,11096189,9585095,9585097,T,TCA,2
NC_037343.1,NC_032665.1,11106095,9594920,9594921,a,ag,1
NC_037343.1,NC_032665.1,11109050,9597881,9597882,t,tc,1
NC_037343.1,NC_032665.1,11109203,9598035,9598036,a,at,1
NC_037343.1,NC_032665.1,11109224,9598057,9598058,t,ta,1
NC_037343.1,NC_032665.1,11109571,9598405,9598406,a,at,1
NC_037343.1,NC_032665.1,11134268,9623102,9623104,g,gga,2
NC_037343.1,NC_032665.1,11206436,9702357,9702359,g,gtt,2
NC_037343.1,NC_032665.1,11213684,9709606,9709607,c,ca,1
NC_037343.1,NC_032665.1,11215019,9710942,9710945,t,tttg,3
NC_037343.1,NC_032665.1,11216919,9712849,9712850,A,AC,1
NC_037343.1,NC_032665.1,11256001,9752011,9752012,t,tg,1
NC_037343.1,NC_032665.1,11273903,9769926,9769927,c,ct,1
NC_037343.1,NC_032665.1,11281742,9777776,9777777,a,ag,1
NC_037343.1,NC_032665.1,11283962,9779997,9780010,c,cataaatataaata,13
NC_037343.1,NC_032665.1,11288586,9784633,9784636,A,AGAT,3
NC_037343.1,NC_032665.1,11306720,9802809,9802810,a,aN,1
NC_037343.1,NC_032665.1,11311479,9807569,9807570,g,ga,1
NC_037343.1,NC_032665.1,11312052,9808143,9808144,a,aC,1
NC_037343.1,NC_032665.1,11312411,9808503,9808504,g,ga,1
NC_037343.1,NC_032665.1,11313555,9809652,9809653,t,tc,1
NC_037343.1,NC_032665.1,11313560,9809658,9809659,g,ga,1
NC_037343.1,NC_032665.1,11313751,9809850,9809851,a,ag,1
NC_037343.1,NC_032665.1,11315427,9811527,9811528,c,ca,1
NC_037343.1,NC_032665.1,11363226,9861224,9861225,c,ca,1
NC_037343.1,NC_032665.1,11374052,9868498,9868499,t,tc,1
NC_037343.1,NC_032665.1,11471239,10054572,10054573,t,ta,1
NC_037343.1,NC_032665.1,11471543,10054877,10054881,g,gaaat,4
NC_037343.1,NC_032665.1,11498526,10081916,10081917,t,ta,1
NC_037343.1,NC_032665.1,11498590,10081980,10081981,t,tg,1
NC_037343.1,NC_032665.1,11595992,10179386,10179387,t,tc,1
NC_037343.1,NC_032665.1,11818768,10459456,10459459,T,TCTC,3
NC_037343.1,NC_032665.1,11821359,10462050,10462051,t,tg,1
NC_037343.1,NC_032665.1,11824637,10465329,10465331,G,GGR,2
NC_037343.1,NC_032665.1,11836044,10476744,10476745,a,ac,1
NC_037343.1,NC_032665.1,11846499,10487210,10487211,c,ca,1
NC_037343.1,NC_032665.1,11865181,10506460,10506465,a,acttcR,5
NC_037343.1,NC_032665.1,11891004,10532286,10532287,G,GR,1
NC_037343.1,NC_032665.1,11925910,10567039,10567040,T,TG,1
NC_037343.1,NC_032665.1,11933599,10574730,10574731,c,ca,1
NC_037343.1,NC_032665.1,11946910,10589237,10589239,A,ATW,2
NC_037343.1,NC_032665.1,11980615,10623041,10623046,c,ctatat,5
NC_037343.1,NC_032665.1,12628116,11290400,11290422,C,CTCTGTTCCTCTATTGGCTGTCT,22
NC_037343.1,NC_032665.1,12691110,11353415,11353416,C,CT,1
NC_037343.1,NC_032665.1,12708783,11371088,11371090,C,CAT,2
NC_037343.1,NC_032665.1,12905358,11599021,11599022,G,GA,1
NC_037343.1,NC_032665.1,12988078,11681752,11681753,t,tY,1
NC_037343.1,NC_032665.1,13173741,11873326,11873331,a,aaaaac,5
NC_037343.1,NC_032665.1,13193277,11892868,11892870,T,TAA,2
NC_037343.1,NC_032665.1,13253298,11952894,11952895,t,tc,1
NC_037343.1,NC_032665.1,13413413,12110479,12110480,t,ta,1
NC_037343.1,NC_032665.1,13434475,12131546,12131552,C,CATATTA,6
NC_037343.1,NC_032665.1,13498459,12195541,12195544,t,tctc,3
NC_037343.1,NC_032665.1,13503272,12200357,12200359,g,gaa,2
NC_037343.1,NC_032665.1,13655963,12351168,12351169,g,ga,1
NC_037343.1,NC_032665.1,13656031,12351237,12351238,a,at,1
NC_037343.1,NC_032665.1,13683920,12379228,12379229,t,ta,1
NC_037343.1,NC_032665.1,13702538,12397847,12397849,t,tNN,2
NC_037343.1,NC_032665.1,13798018,12493184,12493185,g,gt,1
NC_037343.1,NC_032665.1,14012777,12700407,12700408,g,ga,1
NC_037343.1,NC_032665.1,14152246,13176612,13176613,a,ag,1
NC_037343.1,NC_032665.1,14295201,13064145,13064147,a,aNN,2
NC_037343.1,NC_032665.1,14332653,13101624,13101625,g,gt,1
NC_037343.1,NC_032665.1,14332658,13101630,13101631,c,ct,1
NC_037343.1,NC_032665.1,14526217,13334832,13334833,G,GA,1
NC_037343.1,NC_032665.1,14689673,13498006,13498008,a,aNN,2
NC_037343.1,NC_032665.1,14721560,13532015,13532017,C,CTG,2
NC_037343.1,NC_032665.1,14722646,13533103,13533104,t,ta,1
NC_037343.1,NC_032665.1,14756866,13567062,13567064,a,aNN,2
NC_037343.1,NC_032665.1,14776881,13587071,13587072,A,AG,1
NC_037343.1,NC_032665.1,14788928,13599096,13599108,t,tcagcagcagcag,12
NC_037343.1,NC_032665.1,14789131,13599311,13599321,g,gatatatatat,10
NC_037343.1,NC_032665.1,15016116,13822897,13822898,A,AC,1
NC_037343.1,NC_032665.1,15041842,13848527,13848528,c,ct,1
NC_037343.1,NC_032665.1,15167875,13974548,13974549,A,AT,1
NC_037343.1,NC_032665.1,15178693,13985367,13985369,a,aNN,2
NC_037343.1,NC_032665.1,15187102,13993780,13993781,T,TY,1
NC_037343.1,NC_032665.1,15273331,14079811,14079812,G,GC,1
NC_037343.1,NC_032665.1,15399198,14207059,14207060,t,tc,1
NC_037343.1,NC_032665.1,15400525,14208390,14208396,t,ttttttc,6
NC_037343.1,NC_032665.1,15450628,14258568,14258569,C,CY,1
NC_037343.1,NC_032665.1,15585282,14392933,14392941,A,ATCTGCATG,8
NC_037343.1,NC_032665.1,15642117,14449801,14449802,t,tc,1
NC_037343.1,NC_032665.1,15645750,14453436,14453437,T,TC,1
NC_037343.1,NC_032665.1,15653930,14461602,14461604,T,TAG,2
NC_037343.1,NC_032665.1,15813169,14621170,14621171,t,ta,1
NC_037343.1,NC_032665.1,15851905,14659908,14659912,a,aNNNN,4
NC_037343.1,NC_032665.1,15955354,14763367,14763368,g,ga,1
NC_037343.1,NC_032665.1,15956020,14764034,14764052,a,atgagtttgagtttgagtt,18
NC_037343.1,NC_032665.1,15961975,14770003,14770004,g,ga,1
NC_037343.1,NC_032665.1,15966239,14774270,14774271,g,ga,1
NC_037343.1,NC_032665.1,16169287,14976952,14976954,a,aNN,2
NC_037343.1,NC_032665.1,16177943,14985611,14985617,a,aaaaaac,6
NC_037343.1,NC_032665.1,16192908,15000587,15000588,T,TA,1
NC_037343.1,NC_032665.1,16244097,15051438,15051439,t,tg,1
NC_037343.1,NC_032665.1,16275238,15082454,15082456,c,ctt,2
NC_037343.1,NC_032665.1,16277279,15115326,15115327,c,ct,1
NC_037343.1,NC_032665.1,16306235,15144374,15144375,c,ct,1
NC_037343.1,NC_032665.1,16587645,15430071,15430072,t,ta,1
NC_037343.1,NC_032665.1,16766621,15609055,15609057,t,tNN,2
NC_037343.1,NC_032665.1,16776900,15619337,15619338,c,ca,1
NC_037343.1,NC_032665.1,16808596,15651036,15651037,G,GW,1
NC_037343.1,NC_032665.1,16808641,15651083,15651084,C,CA,1
NC_037343.1,NC_032665.1,16818298,15660741,15660742,a,ag,1
NC_037343.1,NC_032665.1,16915962,15758876,15758877,T,TC,1
NC_037343.1,NC_032665.1,16959488,15802461,15802462,t,ta,1
NC_037343.1,NC_032665.1,16963455,15806434,15806435,g,ga,1
NC_037343.1,NC_032665.1,16964102,15807082,15807083,a,ac,1
NC_037343.1,NC_032665.1,16978213,15821478,15821479,c,ca,1
NC_037343.1,NC_032665.1,16986904,15830176,15830178,t,tta,2
NC_037343.1,NC_032665.1,16993338,15836612,15836613,A,AG,1
NC_037343.1,NC_032665.1,17061124,15904416,15904417,a,at,1
NC_037343.1,NC_032665.1,17070540,15913834,15913837,g,gtct,3
NC_037343.1,NC_032665.1,17096135,15939433,15939434,C,CG,1
NC_037343.1,NC_032665.1,17254267,16052161,16052162,T,TA,1
NC_037343.1,NC_032665.1,17254307,16052202,16052203,t,ta,1
NC_037343.1,NC_032665.1,17385131,16184079,16184101,g,ggtatgcagataacaccacgctt,22
NC_037343.1,NC_032665.1,17460794,16259780,16259796,c,cgcacacatgcacataY,16
NC_037343.1,NC_032665.1,17511397,16310369,16310370,t,tc,1
NC_037343.1,NC_032665.1,17514549,16313516,16313517,C,CY,1
NC_037343.1,NC_032665.1,17528093,16327033,16327034,c,ct,1
NC_037343.1,NC_032665.1,17788009,16661604,16661605,T,TA,1
NC_037343.1,NC_032665.1,17981686,16857154,16857155,G,GR,1
NC_037343.1,NC_032665.1,18089372,16964827,16964828,t,ta,1
NC_037343.1,NC_032665.1,18103234,16978686,16978687,g,gt,1
NC_037343.1,NC_032665.1,18137160,17023021,17023023,t,tNN,2
NC_037343.1,NC_032665.1,18482160,17392451,17392452,C,CT,1
NC_037343.1,NC_032665.1,18547379,17457701,17457703,c,ctt,2
NC_037343.1,NC_032665.1,18581675,17491939,17491940,c,cS,1
NC_037343.1,NC_032665.1,18648876,17565458,17565459,T,TK,1
NC_037343.1,NC_032665.1,18793899,17710489,17710502,g,gggaaacatGAGAC,13
NC_037343.1,NC_032665.1,19060480,17978936,17978937,a,ac,1
NC_037343.1,NC_032665.1,19060657,17979114,17979115,T,TC,1
NC_037343.1,NC_032665.1,19082011,18000486,18000488,A,ATC,2
NC_037343.1,NC_032665.1,19101690,18030886,18030887,G,GR,1
NC_037343.1,NC_032665.1,19230962,18183798,18183799,c,ct,1
NC_037343.1,NC_032665.1,19291306,18243968,18243969,a,ag,1
NC_037343.1,NC_032665.1,19291731,18244381,18244382,T,TN,1
NC_037343.1,NC_032665.1,19447190,18402450,18402451,G,GS,1
NC_037343.1,NC_032665.1,19619644,18574724,18574725,a,at,1
NC_037343.1,NC_032665.1,19656316,18613959,18613971,a,attttgatttcat,12
NC_037343.1,NC_032665.1,19685324,18642980,18642981,T,TA,1
NC_037343.1,NC_032665.1,19696931,18654570,18654581,t,taaaaaaagata,11
NC_037343.1,NC_032665.1,19773665,18731317,18731318,C,CT,1
NC_037343.1,NC_032665.1,19778037,18735656,18735657,g,ga,1
NC_037343.1,NC_032665.1,19778985,18736605,18736606,t,tg,1
NC_037343.1,NC_032665.1,19783172,18740613,18740615,C,CAT,2
NC_037343.1,NC_032665.1,19797130,18754577,18754578,C,CS,1
NC_037343.1,NC_032665.1,19797497,18754947,18754952,C,CAAGTT,5
NC_037343.1,NC_032665.1,19839409,18796871,18796874,t,tagc,3
NC_037343.1,NC_032665.1,19844550,18802016,18802018,t,ttg,2
NC_037343.1,NC_032665.1,19924965,18882466,18882467,C,CY,1
NC_037343.1,NC_032665.1,19993357,18950846,18950847,T,TA,1
NC_037343.1,NC_032665.1,20013808,18971299,18971300,A,AG,1
NC_037343.1,NC_032665.1,20017019,18974511,18974512,C,CY,1
NC_037343.1,NC_032665.1,20079593,19037084,19037085,C,CY,1
NC_037343.1,NC_032665.1,20095253,19052746,19052747,A,AG,1
NC_037343.1,NC_032665.1,20098465,19055955,19055960,T,TGACAA,5
NC_037343.1,NC_032665.1,20118768,19076270,19076271,g,ga,1
NC_037343.1,NC_032665.1,20190386,19147910,19147914,T,TCAAA,4
NC_037343.1,NC_032665.1,20205129,19162659,19162660,C,CS,1
NC_037343.1,NC_032665.1,20220832,19178588,19178589,A,AG,1
NC_037343.1,NC_032665.1,20237798,19195582,19195584,C,CTA,2
NC_037343.1,NC_032665.1,20265479,19223273,19223274,T,TY,1
NC_037343.1,NC_032665.1,20285928,19243723,19243724,A,AT,1
NC_037343.1,NC_032665.1,20338367,19296378,19296381,t,tata,3
NC_037343.1,NC_032665.1,20458127,19416113,19416114,a,at,1
NC_037343.1,NC_032665.1,20485415,19443402,19443403,A,AR,1
NC_037343.1,NC_032665.1,20513813,19472045,19472061,a,agaaaagcttttctctt,16
NC_037343.1,NC_032665.1,20533924,19492190,19492192,t,tNN,2
NC_037343.1,NC_032665.1,20556123,19514759,19514760,C,CT,1
NC_037343.1,NC_032665.1,20567879,19525543,19525546,A,AGGT,3
NC_037343.1,NC_032665.1,20569570,19527237,19527238,t,tc,1
NC_037343.1,NC_032665.1,20605912,19563090,19563092,G,GAT,2
NC_037343.1,NC_032665.1,20691326,19658916,19658917,t,tg,1
NC_037343.1,NC_032665.1,20734443,19701854,19701855,G,GS,1
NC_037343.1,NC_032665.1,20740682,19708094,19708095,g,gc,1
NC_037343.1,NC_032665.1,20740690,19708103,19708104,t,tg,1
NC_037343.1,NC_032665.1,20759494,19726893,19726894,a,ac,1
NC_037343.1,NC_032665.1,20764307,19731713,19731714,g,ga,1
NC_037343.1,NC_032665.1,20796010,19763426,19763428,t,tRg,2
NC_037343.1,NC_032665.1,20806143,19773617,19773618,c,ca,1
NC_037343.1,NC_032665.1,20865729,19833374,19833382,C,CAATCCAGT,8
NC_037343.1,NC_032665.1,20884917,19852162,19852166,g,gtttt,4
NC_037343.1,NC_032665.1,20885136,19852385,19852403,a,aatactggagtaggctgcc,18
NC_037343.1,NC_032665.1,20888054,19855323,19855324,a,at,1
NC_037343.1,NC_032665.1,20894561,19861833,19861843,t,ttaaaaaaaaa,10
NC_037343.1,NC_032665.1,20896390,19863677,19863678,a,ag,1
NC_037343.1,NC_032665.1,20898456,19865742,19865743,c,ca,1
NC_037343.1,NC_032665.1,20933464,19909408,19909409,C,CY,1
NC_037343.1,NC_032665.1,20940885,19916830,19916834,a,atatg,4
NC_037343.1,NC_032665.1,20942615,19918564,19918565,T,TC,1
NC_037343.1,NC_032665.1,20966941,19942751,19942752,A,AT,1
NC_037343.1,NC_032665.1,20974827,19950641,19950642,G,GR,1
NC_037343.1,NC_032665.1,20978805,19954625,19954626,G,GA,1
NC_037343.1,NC_032665.1,20999854,19975631,19975635,c,ccaaa,4
NC_037343.1,NC_032665.1,21001224,19977005,19977006,T,TK,1
NC_037343.1,NC_032665.1,21020082,19998627,19998630,A,AAGT,3
NC_037343.1,NC_032665.1,21033875,20016242,20016243,a,ac,1
NC_037343.1,NC_032665.1,21038444,20020812,20020813,A,AC,1
NC_037343.1,NC_032665.1,21094081,20076458,20076459,G,GA,1
NC_037343.1,NC_032665.1,21120564,20102985,20102986,a,ac,1
NC_037343.1,NC_032665.1,21128155,20110594,20110604,c,cctgggagaaS,10
NC_037343.1,NC_032665.1,21128376,20110827,20110831,c,ctttt,4
NC_037343.1,NC_032665.1,21135112,20117570,20117571,g,ga,1
NC_037343.1,NC_032665.1,21141464,20123147,20123148,a,ac,1
NC_037343.1,NC_032665.1,21148914,20130596,20130597,T,TR,1
NC_037343.1,NC_032665.1,21274324,20252680,20252681,g,gt,1
NC_037343.1,NC_032665.1,21418768,20396711,20396712,T,TK,1
NC_037343.1,NC_032665.1,21436078,20414026,20414033,G,GTGGAAAA,7
NC_037343.1,NC_032665.1,21442430,20420386,20420390,A,AGGGT,4
NC_037343.1,NC_032665.1,21454662,20432623,20432625,a,aNN,2
NC_037343.1,NC_032665.1,21492539,20470513,20470514,G,GC,1
NC_037343.1,NC_032665.1,21588242,20619521,20619522,A,AG,1
NC_037343.1,NC_032665.1,21588566,20619846,20619847,c,cM,1
NC_037343.1,NC_032665.1,21590460,20621740,20621741,c,ca,1
NC_037343.1,NC_032665.1,21641089,20672015,20672016,c,ca,1
NC_037343.1,NC_032665.1,21871170,20902251,20902253,t,tNN,2
NC_037343.1,NC_032665.1,21903661,20934781,20934782,A,AG,1
NC_037343.1,NC_032665.1,21988425,21019482,21019483,g,gc,1
NC_037343.1,NC_032665.1,21988495,21019554,21019555,g,gc,1
NC_037343.1,NC_032665.1,21990756,21021813,21021814,c,ca,1
NC_037343.1,NC_032665.1,22136282,21210471,21210472,a,at,1
NC_037343.1,NC_032665.1,22278362,21352836,21352838,a,aNN,2
NC_037343.1,NC_032665.1,22335847,21410118,21410119,c,ca,1
NC_037343.1,NC_032665.1,22335865,21410137,21410138,g,gc,1
NC_037343.1,NC_032665.1,22342103,21416378,21416379,T,TY,1
NC_037343.1,NC_032665.1,22418676,21493238,21493240,t,tNN,2
NC_037343.1,NC_032665.1,22492824,21567400,21567404,A,AATAG,4
NC_037343.1,NC_032665.1,22506849,21581429,21581433,G,GTACA,4
NC_037343.1,NC_032665.1,22530445,21605017,21605025,G,GCCAAACNN,8
NC_037343.1,NC_032665.1,22590610,21739150,21739153,t,tttg,3
NC_037343.1,NC_032665.1,22738672,21886419,21886420,T,TA,1
NC_037343.1,NC_032665.1,22820275,21969056,21969057,g,gc,1
NC_037343.1,NC_032665.1,22847165,21996997,21997001,a,aatgc,4
NC_037343.1,NC_032665.1,25329498,22323595,22323596,t,tg,1
NC_037343.1,NC_032665.1,25354622,22349049,22349050,c,ct,1
NC_037343.1,NC_032665.1,25474828,22487888,22487889,G,GS,1
NC_037343.1,NC_032665.1,25481782,22494843,22494855,a,acATGTAATTCTC,12
NC_037343.1,NC_032665.1,25651472,22624241,22624251,c,cagcaaaagag,10
NC_037343.1,NC_032665.1,25651475,22624254,22624256,a,aag,2
NC_037343.1,NC_032665.1,26005826,22980736,22980738,A,ANN,2
NC_037343.1,NC_032665.1,26356760,23376356,23376357,A,AC,1
NC_037343.1,NC_032665.1,26667317,23688483,23688485,g,gaa,2
NC_037343.1,NC_032665.1,26760691,23780861,23780862,G,GC,1
NC_037343.1,NC_032665.1,26838185,23858357,23858358,G,GR,1
NC_037343.1,NC_032665.1,26968882,23988954,23988956,a,aNN,2
NC_037343.1,NC_032665.1,27051096,24070661,24070682,C,CCCCTACATTANNNNNNNNNNN,21
NC_037343.1,NC_032665.1,27215324,24243105,24243106,t,tg,1
NC_037343.1,NC_032665.1,27611302,24638466,24638467,C,CM,1
NC_037343.1,NC_032665.1,27762238,24789410,24789411,G,GA,1
NC_037343.1,NC_032665.1,27843454,24865002,24865003,A,AC,1
NC_037343.1,NC_032665.1,27948924,24970477,24970478,c,ct,1
NC_037343.1,NC_032665.1,28025330,25046891,25046892,c,ca,1
NC_037343.1,NC_032665.1,28031759,25053760,25053761,t,ta,1
NC_037343.1,NC_032665.1,28125328,25147334,25147336,c,cca,2
NC_037343.1,NC_032665.1,28218163,25240130,25240134,g,ggtgt,4
NC_037343.1,NC_032665.1,28220092,25242063,25242064,g,gt,1
NC_037343.1,NC_032665.1,28232111,25254083,25254084,t,tg,1
NC_037343.1,NC_032665.1,28253284,25275259,25275260,g,gc,1
NC_037343.1,NC_032665.1,28507979,25529238,25529239,T,TC,1
NC_037343.1,NC_032665.1,28598045,25619300,25619301,g,gc,1
NC_037343.1,NC_032665.1,28776652,25802547,25802548,t,tc,1
NC_037343.1,NC_032665.1,28820955,25846853,25846854,C,CA,1
NC_037343.1,NC_032665.1,28831971,25857872,25857878,C,CTCAARA,6
NC_037343.1,NC_032665.1,28925915,25952485,25952495,T,TCAGAGGTTGC,10
NC_037343.1,NC_032665.1,28964057,25990640,25990641,G,GC,1
NC_037343.1,NC_032665.1,29145792,26171896,26171898,g,gaa,2
NC_037343.1,NC_032665.1,29353636,26379706,26379708,C,CTT,2
NC_037343.1,NC_032665.1,29435749,26461715,26461716,G,GT,1
NC_037343.1,NC_032665.1,29440430,26466397,26466398,C,CK,1
NC_037343.1,NC_032665.1,29540262,26572738,26572739,C,CA,1
NC_037343.1,NC_032665.1,29638607,26671581,26671582,C,CN,1
NC_037343.1,NC_032665.1,29806267,26839183,26839186,C,CCWG,3
NC_037343.1,NC_032665.1,29810111,26843089,26843090,T,TC,1
NC_037343.1,NC_032665.1,29810182,26843161,26843162,T,TA,1
NC_037343.1,NC_032665.1,29814182,26847162,26847163,G,GT,1
NC_037343.1,NC_032665.1,29820029,26853012,26853014,T,TAC,2
NC_037343.1,NC_032665.1,29824957,26857944,26857945,A,AC,1
NC_037343.1,NC_032665.1,29868916,26901410,26901411,G,GK,1
NC_037343.1,NC_032665.1,29869977,26902471,26902472,T,TC,1
NC_037343.1,NC_032665.1,29877381,26909907,26909911,A,AAGTC,4
NC_037343.1,NC_032665.1,29884236,26916764,26916767,t,ttaa,3
NC_037343.1,NC_032665.1,29884236,26935978,26935981,t,ttaa,3
NC_037343.1,NC_032665.1,29897873,26949614,26949615,t,ta,1
NC_037343.1,NC_032665.1,29940816,26992560,26992561,g,gt,1
NC_037343.1,NC_032665.1,30038744,27089263,27089264,C,CT,1
NC_037343.1,NC_032665.1,30048323,27098843,27098844,c,ct,1
NC_037343.1,NC_032665.1,30095884,27146415,27146446,C,CCNNNNNNNNNNNNNNNNNNNNNNNNNNNNNN,31
NC_037343.1,NC_032665.1,30102360,27152925,27152926,a,ac,1
NC_037343.1,NC_032665.1,30149177,27201048,27201050,A,AAG,2
NC_037343.1,NC_032665.1,30156654,27208524,27208525,c,ct,1
NC_037343.1,NC_032665.1,30165133,27217005,27217006,A,AC,1
NC_037343.1,NC_032665.1,30168465,27220339,27220341,a,atg,2
NC_037343.1,NC_032665.1,30185013,27236922,27236942,c,cataaaaaggTTTCCAGTTAG,20
NC_037343.1,NC_032665.1,30185582,27237511,27237512,T,TW,1
NC_037343.1,NC_032665.1,30195653,27247583,27247584,t,ta,1
NC_037343.1,NC_032665.1,30232990,27284885,27284886,C,CT,1
NC_037343.1,NC_032665.1,30331803,27383738,27383739,g,ga,1
NC_037343.1,NC_032665.1,30501698,27553323,27553329,G,GAAGGTA,6
NC_037343.1,NC_032665.1,30503677,27555315,27555316,c,ca,1
NC_037343.1,NC_032665.1,30505880,27557520,27557522,t,tta,2
NC_037343.1,NC_032665.1,30511080,27562722,27562724,T,TTA,2
NC_037343.1,NC_032665.1,30590925,27649297,27649298,T,TK,1
NC_037343.1,NC_032665.1,30607522,27665894,27665895,A,AG,1
NC_037343.1,NC_032665.1,30632192,27690567,27690568,a,at,1
NC_037343.1,NC_032665.1,30632217,27690593,27690594,c,ca,1
NC_037343.1,NC_032665.1,30632231,27690608,27690609,G,GA,1
NC_037343.1,NC_032665.1,30632239,27690617,27690618,A,AW,1
NC_037343.1,NC_032665.1,30638330,27696711,27696712,C,CA,1
NC_037343.1,NC_032665.1,30642490,27700877,27700878,c,ct,1
NC_037343.1,NC_032665.1,30645560,27703944,27703945,C,CR,1
NC_037343.1,NC_032665.1,30649599,27707974,27707975,A,AM,1
NC_037343.1,NC_032665.1,30651192,27709558,27709559,A,AR,1
NC_037343.1,NC_032665.1,30651634,27710002,27710004,A,AAC,2
NC_037343.1,NC_032665.1,30653341,27711699,27711700,A,AR,1
NC_037343.1,NC_032665.1,30682976,27744674,27744675,A,AC,1
NC_037343.1,NC_032665.1,30717106,27778809,27778811,C,CAG,2
NC_037343.1,NC_032665.1,30718815,27780520,27780521,t,ta,1
NC_037343.1,NC_032665.1,30730044,27791750,27791751,T,TA,1
NC_037343.1,NC_032665.1,30742175,27803885,27803886,T,TW,1
NC_037343.1,NC_032665.1,30772570,27834278,27834280,G,GTR,2
NC_037343.1,NC_032665.1,30867843,27929067,27929068,T,TA,1
NC_037343.1,NC_032665.1,30869836,27931060,27931061,G,GC,1
NC_037343.1,NC_032665.1,30872065,27933286,27933289,a,agag,3
NC_037343.1,NC_032665.1,30898768,27959986,27959993,a,agaaaact,7
NC_037343.1,NC_032665.1,30898771,27959996,27959997,g,ga,1
NC_037343.1,NC_032665.1,30903520,27964750,27964752,c,ctg,2
NC_037343.1,NC_032665.1,30949214,28027674,28027676,c,cca,2
NC_037343.1,NC_032665.1,30957735,28036126,28036127,A,AG,1
NC_037343.1,NC_032665.1,31020367,28088610,28088611,g,gt,1
NC_037343.1,NC_032665.1,31022396,28090640,28090641,g,gc,1
NC_037343.1,NC_032665.1,31055514,28127694,28127695,g,gt,1
NC_037343.1,NC_032665.1,31118387,28192701,28192705,a,acccc,4
NC_037343.1,NC_032665.1,31220213,28333054,28333056,c,cat,2
NC_037343.1,NC_032665.1,31238411,28351273,28351274,G,GA,1
NC_037343.1,NC_032665.1,31252627,28365497,28365498,C,CS,1
NC_037343.1,NC_032665.1,31268632,28381505,28381506,G,GA,1
NC_037343.1,NC_032665.1,31270412,28383286,28383292,A,AAGAGAT,6
NC_037343.1,NC_032665.1,31272179,28385060,28385061,A,AW,1
NC_037343.1,NC_032665.1,31280938,28393875,28393876,a,at,1
NC_037343.1,NC_032665.1,31287134,28400075,28400076,A,AT,1
NC_037343.1,NC_032665.1,31290304,28403250,28403252,T,TGA,2
NC_037343.1,NC_032665.1,31317089,28430217,28430218,g,gR,1
NC_037343.1,NC_032665.1,31321326,28434454,28434456,g,gca,2
NC_037343.1,NC_032665.1,31385722,28498823,28498824,c,ct,1
NC_037343.1,NC_032665.1,31391030,28504133,28504134,a,at,1
NC_037343.1,NC_032665.1,31400849,28513952,28513956,a,acacc,4
NC_037343.1,NC_032665.1,31464054,28611950,28611956,c,cgaacct,6
NC_037343.1,NC_032665.1,31479416,28627311,28627313,g,gaa,2
NC_037343.1,NC_032665.1,31481395,28629292,28629294,A,AAG,2
NC_037343.1,NC_032665.1,31524038,28673277,28673278,G,GN,1
NC_037343.1,NC_032665.1,31659071,28807536,28807546,c,catgatgtatg,10
NC_037343.1,NC_032665.1,31659749,28808223,28808224,a,at,1
NC_037343.1,NC_032665.1,31659895,28808370,28808373,a,agtc,3
NC_037343.1,NC_032665.1,31663014,28811490,28811491,a,ac,1
NC_037343.1,NC_032665.1,31663203,28811680,28811681,A,AG,1
NC_037343.1,NC_032665.1,31676112,29212342,29212343,T,TW,1
NC_037343.1,NC_032665.1,31711605,29248021,29248022,G,GR,1
NC_037343.1,NC_032665.1,31713630,29250049,29250052,A,AGTC,3
NC_037343.1,NC_032665.1,31756887,28907443,28907444,A,AC,1
NC_037343.1,NC_032665.1,31815950,28966570,28966571,G,GT,1
NC_037343.1,NC_032665.1,31855364,29006423,29006426,t,ttaa,3
NC_037343.1,NC_032665.1,31890733,29041799,29041802,a,aagt,3
NC_037343.1,NC_032665.1,31925298,29076374,29076375,A,AG,1
NC_037343.1,NC_032665.1,32038222,29317257,29317260,T,TAAG,3
NC_037343.1,NC_032665.1,32196453,29478216,29478217,t,ta,1
NC_037343.1,NC_032665.1,32319729,29604225,29604228,t,tagc,3
NC_037343.1,NC_032665.1,32347793,29632282,29632284,a,aag,2
NC_037343.1,NC_032665.1,32428504,29713490,29713491,C,CT,1
NC_037343.1,NC_032665.1,32658220,29959849,29959850,C,CT,1
NC_037343.1,NC_032665.1,32708496,30010174,30010178,a,aaaac,4
NC_037343.1,NC_032665.1,32744152,30067124,30067125,t,ta,1
NC_037343.1,NC_032665.1,32745010,30067983,30067984,A,AC,1
NC_037343.1,NC_032665.1,32747266,30070229,30070231,T,TCY,2
NC_037343.1,NC_032665.1,32749308,30072277,30072278,a,at,1
NC_037343.1,NC_032665.1,32755006,30077791,30077792,T,TG,1
NC_037343.1,NC_032665.1,32810555,30133522,30133523,C,CY,1
NC_037343.1,NC_032665.1,32811556,30134520,30134521,T,TY,1
NC_037343.1,NC_032665.1,32812124,30135089,30135090,G,GR,1
NC_037343.1,NC_032665.1,32826014,30148979,30148980,G,GR,1
NC_037343.1,NC_032665.1,32826592,30149558,30149560,C,CAT,2
NC_037343.1,NC_032665.1,32875688,30198658,30198659,A,AG,1
NC_037343.1,NC_032665.1,32876907,30199878,30199882,a,accat,4
NC_037343.1,NC_032665.1,32876928,30199903,30199904,a,at,1
NC_037343.1,NC_032665.1,32877278,30200253,30200254,c,cg,1
NC_037343.1,NC_032665.1,32877296,30200272,30200273,a,at,1
NC_037343.1,NC_032665.1,32893278,30216237,30216265,A,ACACAGCATACTTTGTGAGAACACAGCTG,28
NC_037343.1,NC_032665.1,32896778,30219764,30219776,g,ggttttttttttt,12
NC_037343.1,NC_032665.1,32909394,30232397,30232400,A,ATAS,3
NC_037343.1,NC_032665.1,32921881,30244887,30244888,a,ac,1
NC_037343.1,NC_032665.1,32930356,30253364,30253381,C,CACTTCATTCCAGCGAAT,17
NC_037343.1,NC_032665.1,32949061,30272503,30272504,c,ct,1
NC_037343.1,NC_032665.1,32956586,30280029,30280031,C,CAG,2
NC_037343.1,NC_032665.1,32966536,30289982,30289984,g,gtt,2
NC_037343.1,NC_032665.1,33058354,30382498,30382502,T,TACTC,4
NC_037343.1,NC_032665.1,33138240,30462579,30462583,C,CACTT,4
NC_037343.1,NC_032665.1,33150005,30474173,30474174,t,ta,1
NC_037343.1,NC_032665.1,33242398,30566349,30566355,c,ccaggca,6
NC_037343.1,NC_032665.1,33260650,30584605,30584606,a,ag,1
NC_037343.1,NC_032665.1,33263066,30587020,30587021,A,AC,1
NC_037343.1,NC_032665.1,33263068,30587023,30587025,C,CAG,2
NC_037343.1,NC_032665.1,33341181,30660673,30660674,g,gt,1
NC_037343.1,NC_032665.1,33356360,30675859,30675860,a,ac,1
NC_037343.1,NC_032665.1,33372088,30691492,30691493,t,ta,1
NC_037343.1,NC_032665.1,33376359,30695759,30695760,T,TC,1
NC_037343.1,NC_032665.1,33404295,30723701,30723702,T,TY,1
NC_037343.1,NC_032665.1,33474547,30793958,30793960,c,cct,2
NC_037343.1,NC_032665.1,33478235,30797648,30797649,t,tY,1
NC_037343.1,NC_032665.1,33481675,30801093,30801095,g,gtt,2
NC_037343.1,NC_032665.1,33485194,30804618,30804619,a,ag,1
NC_037343.1,NC_032665.1,33510565,30830013,30830014,c,ca,1
NC_037343.1,NC_032665.1,33566000,30885014,30885018,a,aaaag,4
NC_037343.1,NC_032665.1,33569224,30888243,30888249,c,ctcttta,6
NC_037343.1,NC_032665.1,33569889,30888916,30888917,T,TG,1
NC_037343.1,NC_032665.1,33576257,30895105,30895106,A,AW,1
NC_037343.1,NC_032665.1,33598047,30916889,30916890,g,ga,1
NC_037343.1,NC_032665.1,33603250,30922093,30922094,G,GA,1
NC_037343.1,NC_032665.1,33618524,30937372,30937375,t,tatc,3
NC_037343.1,NC_032665.1,33619764,30938615,30938617,T,TTC,2
NC_037343.1,NC_032665.1,33619787,30938640,30938641,A,AT,1
NC_037343.1,NC_032665.1,33652605,30971425,30971428,T,TAAG,3
NC_037343.1,NC_032665.1,33652963,30971785,30971788,T,TTTG,3
NC_037343.1,NC_032665.1,33654773,30973598,30973602,G,GGAGT,4
NC_037343.1,NC_032665.1,33665860,30984609,30984611,t,ttc,2
NC_037343.1,NC_032665.1,33678411,30997164,30997165,C,CY,1
NC_037343.1,NC_032665.1,33699077,31018257,31018258,A,AG,1
NC_037343.1,NC_032665.1,33708876,31028061,31028062,a,ag,1
NC_037343.1,NC_032665.1,33708990,31028176,31028177,t,ta,1
NC_037343.1,NC_032665.1,33761958,31081153,31081154,a,ac,1
NC_037343.1,NC_032665.1,33786536,31105736,31105737,t,tc,1
NC_037343.1,NC_032665.1,33816086,31135296,31135297,T,TK,1
NC_037343.1,NC_032665.1,33821492,31143290,31143293,a,atat,3
NC_037343.1,NC_032665.1,33872047,31197246,31197248,A,AAC,2
NC_037343.1,NC_032665.1,33911740,31236952,31236953,c,ct,1
NC_037343.1,NC_032665.1,34014832,31340338,31340339,A,AG,1
NC_037343.1,NC_032665.1,34045406,31370912,31370923,a,aatcaaatcgct,11
NC_037343.1,NC_032665.1,34121429,31392444,31392445,g,gc,1
NC_037343.1,NC_032665.1,34163895,31434761,31434763,A,ACT,2
NC_037343.1,NC_032665.1,34167043,31437918,31437920,G,GGA,2
NC_037343.1,NC_032665.1,34171592,31445608,31445609,G,GC,1
NC_037343.1,NC_032665.1,34190822,31464890,31464891,G,GC,1
NC_037343.1,NC_032665.1,34201746,31475821,31475823,c,ctt,2
NC_037343.1,NC_032665.1,34223032,31496948,31496949,C,CA,1
NC_037343.1,NC_032665.1,34237611,31511538,31511539,a,ag,1
NC_037343.1,NC_032665.1,34248563,31522495,31522497,c,caa,2
NC_037343.1,NC_032665.1,34389665,31663625,31663631,A,AATGAAC,6
NC_037343.1,NC_032665.1,34391817,31665783,31665785,a,aNN,2
NC_037343.1,NC_032665.1,34411503,31685510,31685511,G,GA,1
NC_037343.1,NC_032665.1,34415745,31689650,31689651,G,GC,1
NC_037343.1,NC_032665.1,34418033,31691937,31691938,T,TY,1
NC_037343.1,NC_032665.1,34419354,31693259,31693264,C,CTGGAA,5
NC_037343.1,NC_032665.1,34420868,31694779,31694780,C,CY,1
NC_037343.1,NC_032665.1,34424841,31698751,31698754,A,AAAG,3
NC_037343.1,NC_032665.1,34435997,31709226,31709230,a,aaaac,4
NC_037343.1,NC_032665.1,34460159,31733395,31733397,t,ttc,2
NC_037343.1,NC_032665.1,34468844,31742082,31742083,t,ta,1
NC_037343.1,NC_032665.1,34511047,31790315,31790316,C,CM,1
NC_037343.1,NC_032665.1,34515304,31794735,31794737,T,TSW,2
NC_037343.1,NC_032665.1,34528237,31807761,31807771,t,tacatgaccac,10
NC_037343.1,NC_032665.1,34585276,31860871,31860872,A,AG,1
NC_037343.1,NC_032665.1,34602843,31878550,31878551,c,ct,1
NC_037343.1,NC_032665.1,34674830,31986714,31986715,c,ca,1
NC_037343.1,NC_032665.1,34674851,31986736,31986737,c,ct,1
NC_037343.1,NC_032665.1,34674866,31986752,31986753,g,ga,1
NC_037343.1,NC_032665.1,34688163,32000053,32000054,t,tg,1
NC_037343.1,NC_032665.1,34926638,32271560,32271562,T,TTG,2
NC_037343.1,NC_032665.1,34935753,32280672,32280673,a,ag,1
NC_037343.1,NC_032665.1,34942926,32287870,32287873,g,ggaa,3
NC_037343.1,NC_032665.1,34982307,32327258,32327259,A,AT,1
NC_037343.1,NC_032665.1,34983351,32328303,32328304,a,ag,1
NC_037343.1,NC_032665.1,34983355,32328308,32328309,a,ag,1
NC_037343.1,NC_032665.1,35011859,32356851,32356855,c,caaaa,4
NC_037343.1,NC_032665.1,35014406,32359392,32359394,a,aag,2
NC_037343.1,NC_032665.1,35015305,32360288,32360301,t,tcttgcgtctcctg,13
NC_037343.1,NC_032665.1,35026651,32371663,32371664,t,tc,1
NC_037343.1,NC_032665.1,35045407,32390423,32390424,A,AG,1
NC_037343.1,NC_032665.1,35072820,32417848,32417862,C,CGTAAGAAGTCTTAA,14
NC_037343.1,NC_032665.1,35074267,32419313,32419315,g,gat,2
NC_037343.1,NC_032665.1,35077290,32422338,32422339,c,ct,1
NC_037343.1,NC_032665.1,35083845,32428823,32428824,g,gt,1
NC_037343.1,NC_032665.1,35084388,32429367,32429368,T,TA,1
NC_037343.1,NC_032665.1,35106270,32451245,32451246,A,AC,1
NC_037343.1,NC_032665.1,35186574,32531425,32531426,t,ta,1
NC_037343.1,NC_032665.1,35188878,32533714,32533715,g,ga,1
NC_037343.1,NC_032665.1,35252950,32597901,32597902,C,CT,1
NC_037343.1,NC_032665.1,35253874,32598827,32598828,c,ca,1
NC_037343.1,NC_032665.1,35266488,32611444,32611452,A,AGGGATTTT,8
NC_037343.1,NC_032665.1,35282088,32627049,32627050,T,TY,1
NC_037343.1,NC_032665.1,35303799,32648780,32648783,c,catt,3
NC_037343.1,NC_032665.1,35351905,32696694,32696695,a,at,1
NC_037343.1,NC_032665.1,35352437,32697227,32697228,G,GA,1
NC_037343.1,NC_032665.1,35356159,32700942,32700943,T,TW,1
NC_037343.1,NC_032665.1,35361258,32706069,32706070,T,TW,1
NC_037343.1,NC_032665.1,35361804,32706622,32706629,a,aattatat,7
NC_037343.1,NC_032665.1,35371996,32716819,32716820,t,tc,1
NC_037343.1,NC_032665.1,35372330,32717154,32717155,A,AG,1
NC_037343.1,NC_032665.1,35372383,32717208,32717209,T,TA,1
NC_037343.1,NC_032665.1,35444133,32788946,32788947,a,at,1
NC_037343.1,NC_032665.1,35685497,33025107,33025108,T,TY,1
NC_037343.1,NC_032665.1,35688216,33027827,33027828,T,TW,1
NC_037343.1,NC_032665.1,35704700,33068354,33068360,t,ttaaaaa,6
NC_037343.1,NC_032665.1,35707141,33070804,33070805,t,tg,1
NC_037343.1,NC_032665.1,35707673,33071337,33071338,G,GT,1
NC_037343.1,NC_032665.1,35707756,33071421,33071422,C,CT,1
NC_037343.1,NC_032665.1,35710531,33074197,33074198,a,aW,1
NC_037343.1,NC_032665.1,35711406,33075073,33075075,C,CAG,2
NC_037343.1,NC_032665.1,35717527,33081197,33081198,c,cM,1
NC_037343.1,NC_032665.1,35788032,33151399,33151403,A,AATNN,4
NC_037343.1,NC_032665.1,35827468,33190843,33190846,g,gaaa,3
NC_037343.1,NC_032665.1,35879272,33242643,33242646,c,ctat,3
NC_037343.1,NC_032665.1,35893353,33256728,33256729,t,tg,1
NC_037343.1,NC_032665.1,35911867,33275245,33275247,A,AGT,2
NC_037343.1,NC_032665.1,35915232,33278613,33278614,G,GT,1
NC_037343.1,NC_032665.1,35925525,33288906,33288907,t,tc,1
NC_037343.1,NC_032665.1,36025908,33389284,33389286,c,cct,2
NC_037343.1,NC_032665.1,36078746,33442098,33442099,a,at,1
NC_037343.1,NC_032665.1,36080001,33443354,33443355,G,GR,1
NC_037343.1,NC_032665.1,36143649,33504942,33504943,t,tg,1
NC_037343.1,NC_032665.1,36204788,33566075,33566099,G,GACGTTAACGCCACACGGTTNNNNN,24
NC_037343.1,NC_032665.1,36265405,33674681,33674683,t,tNN,2
NC_037343.1,NC_032665.1,36314092,33723242,33723244,a,aac,2
NC_037343.1,NC_032665.1,36452426,33872298,33872304,a,aNNNNNN,6
NC_037343.1,NC_032665.1,36453375,33873225,33873226,T,TC,1
NC_037343.1,NC_032665.1,36475326,33895211,33895212,t,tg,1
NC_037343.1,NC_032665.1,36477517,33897483,33897484,A,AC,1
NC_037343.1,NC_032665.1,36491010,33910208,33910221,T,TCTAGAGGACCATG,13
NC_037343.1,NC_032665.1,36498757,33917666,33917667,g,gc,1
NC_037343.1,NC_032665.1,36498759,33917669,33917677,g,gattcttta,8
NC_037343.1,NC_032665.1,36502365,33922830,33922832,t,taa,2
NC_037343.1,NC_032665.1,36508211,33928674,33928676,a,acg,2
NC_037343.1,NC_032665.1,36514820,33935282,33935284,a,aat,2
NC_037343.1,NC_032665.1,36519771,33940227,33940229,a,act,2
NC_037343.1,NC_032665.1,36579963,34003465,34003466,C,CY,1
NC_037343.1,NC_032665.1,36581143,34004646,34004647,G,GA,1
NC_037343.1,NC_032665.1,36593096,34016600,34016601,a,ac,1
NC_037343.1,NC_032665.1,36621305,34044820,34044822,A,AAC,2
NC_037343.1,NC_032665.1,36623840,34047353,34047356,g,gaaa,3
NC_037343.1,NC_032665.1,36624510,34048026,34048030,t,taagg,4
NC_037343.1,NC_032665.1,36630519,34054045,34054046,T,TY,1
NC_037343.1,NC_032665.1,36656553,34080080,34080082,a,aac,2
NC_037343.1,NC_032665.1,36724694,34148222,34148224,a,aNN,2
NC_037343.1,NC_032665.1,36798701,34220354,34220360,t,taaaaaa,6
NC_037343.1,NC_032665.1,36855654,34280629,34280631,c,ctg,2
NC_037343.1,NC_032665.1,36966568,34392598,34392599,G,GC,1
NC_037343.1,NC_032665.1,37034741,34460754,34460757,T,TAAY,3
NC_037343.1,NC_032665.1,37043852,34469859,34469860,a,aW,1
NC_037343.1,NC_032665.1,37057328,34483335,34483342,T,TCCCTAGG,7
NC_037343.1,NC_032665.1,37075064,34501102,34501106,G,GAGAC,4
NC_037343.1,NC_032665.1,37098626,34524679,34524683,T,TTCTA,4
NC_037343.1,NC_032665.1,37125580,34551642,34551643,t,ta,1
NC_037343.1,NC_032665.1,37187091,34613060,34613062,C,CCT,2
NC_037343.1,NC_032665.1,37305338,34731305,34731355,a,agcgGGAACATCCNNNNNNNNNNNNNNNNNNNNNNNNNNNNNNNNNNNAac,50
NC_037343.1,NC_032665.1,37318979,34744997,34745000,c,caaa,3
NC_037343.1,NC_032665.1,37319522,34745542,34745543,a,at,1
NC_037343.1,NC_032665.1,37434903,34861663,34861672,c,cgtcataagg,9
NC_037343.1,NC_032665.1,37511975,34886598,34886599,C,CA,1
NC_037343.1,NC_032665.1,37511975,34973113,34973114,C,CA,1
NC_037343.1,NC_032665.1,37515535,34883038,34883039,a,ac,1
NC_037343.1,NC_032665.1,37515535,34976674,34976675,a,ac,1
NC_037343.1,NC_032665.1,37535270,34996200,34996201,t,tc,1
NC_037343.1,NC_032665.1,37547119,35008809,35008812,t,tYtc,3
NC_037343.1,NC_032665.1,37547582,35009276,35009281,C,CTGTAG,5
NC_037343.1,NC_032665.1,37559362,35021065,35021067,T,TAA,2
NC_037343.1,NC_032665.1,37658763,35120455,35120456,C,CY,1
NC_037343.1,NC_032665.1,37660711,35122404,35122405,T,TG,1
NC_037343.1,NC_032665.1,37660724,35122418,35122419,G,GT,1
NC_037343.1,NC_032665.1,37660855,35122549,35122550,G,GA,1
NC_037343.1,NC_032665.1,37702463,35164159,35164160,c,ct,1
NC_037343.1,NC_032665.1,37710829,35172527,35172528,A,AG,1
NC_037343.1,NC_032665.1,37776959,35239833,35239834,C,CA,1
NC_037343.1,NC_032665.1,37817191,35285499,35285500,t,ta,1
NC_037343.1,NC_032665.1,37825405,35293718,35293719,A,AG,1
NC_037343.1,NC_032665.1,37830231,35298545,35298546,C,CA,1
NC_037343.1,NC_032665.1,37897113,35366101,35366102,A,AT,1
NC_037343.1,NC_032665.1,37978057,35447029,35447030,a,at,1
NC_037343.1,NC_032665.1,37983490,35452463,35452464,c,ca,1
NC_037343.1,NC_032665.1,38006227,35475209,35475216,A,AATTAAGT,7
NC_037343.1,NC_032665.1,38010956,35479945,35479965,G,GAACAACCATACTGAGGANNN,20
NC_037343.1,NC_032665.1,39119628,35735316,35735317,G,GC,1
NC_037343.1,NC_032665.1,39266128,35881708,35881709,A,AG,1
NC_037343.1,NC_032665.1,39292959,35908644,35908662,t,tNNNNNNNNNNNNNNNNNN,18
NC_037343.1,NC_032665.1,39299931,35915632,35915634,t,tta,2
NC_037343.1,NC_032665.1,39310212,35925471,35925472,G,GT,1
NC_037343.1,NC_032665.1,39313395,35928656,35928657,A,AT,1
NC_037343.1,NC_032665.1,39336473,35951742,35951744,c,ctt,2
NC_037343.1,NC_032665.1,39344013,35959509,35959516,a,aagaaaag,7
NC_037343.1,NC_032665.1,39355125,35970636,35970639,T,TTGA,3
NC_037343.1,NC_032665.1,39358922,35974436,35974439,A,AAGC,3
NC_037343.1,NC_032665.1,39371199,35986604,35986605,T,TC,1
NC_037343.1,NC_032665.1,39383051,35998456,35998457,A,AT,1
NC_037343.1,NC_032665.1,39428743,36049810,36049811,A,AT,1
NC_037343.1,NC_032665.1,39428806,36049874,36049875,A,AT,1
NC_037343.1,NC_032665.1,39506687,36130624,36130625,t,ta,1
NC_037343.1,NC_032665.1,39599760,36222941,36222942,a,ag,1
NC_037343.1,NC_032665.1,39753160,36375248,36375261,A,AAAACTAAGTTTTG,13
NC_037343.1,NC_032665.1,39806225,36428314,36428315,t,tc,1
NC_037343.1,NC_032665.1,39999277,36621370,36621371,c,cM,1
NC_037343.1,NC_032665.1,40041023,36663176,36663178,C,CAA,2
NC_037343.1,NC_032665.1,40124404,36783364,36783365,A,AC,1
NC_037343.1,NC_032665.1,40199290,36858990,36858991,c,ca,1
NC_037343.1,NC_032665.1,40223868,36881925,36881926,t,tg,1
NC_037343.1,NC_032665.1,40244245,36902305,36902306,a,at,1
NC_037343.1,NC_032665.1,40414576,37073865,37073866,C,CA,1
NC_037343.1,NC_032665.1,40475324,37135118,37135119,A,AT,1
NC_037343.1,NC_032665.1,40481108,37140906,37140908,g,ggt,2
NC_037343.1,NC_032665.1,40739444,37442587,37442588,A,AW,1
NC_037343.1,NC_032665.1,40880085,37585281,37585282,g,gc,1
NC_037343.1,NC_032665.1,40908580,37615173,37615174,a,at,1
NC_037343.1,NC_032665.1,40923407,37630004,37630010,t,taaaaaa,6
NC_037343.1,NC_032665.1,40989749,37721192,37721193,t,tc,1
NC_037343.1,NC_032665.1,40989785,37721229,37721245,t,tcgggaaacagtggaaa,16
NC_037343.1,NC_032665.1,41012802,37744265,37744266,c,ct,1
NC_037343.1,NC_032665.1,41109481,37840990,37840991,T,TG,1
NC_037343.1,NC_032665.1,41153929,37885204,37885205,t,ta,1
NC_037343.1,NC_032665.1,41253581,37984779,37984780,T,TK,1
NC_037343.1,NC_032665.1,41289222,38029425,38029431,g,ggggggt,6
NC_037343.1,NC_032665.1,41352748,38093643,38093644,T,TA,1
NC_037343.1,NC_032665.1,41492198,38233822,38233823,g,ga,1
NC_037343.1,NC_032665.1,41504079,38245705,38245706,a,ac,1
NC_037343.1,NC_032665.1,41529527,38271156,38271159,C,CCAA,3
NC_037343.1,NC_032665.1,41587486,38329126,38329129,A,AAGC,3
NC_037343.1,NC_032665.1,41592962,38334606,38334607,c,ca,1
NC_037343.1,NC_032665.1,41595061,38336707,38336708,T,TY,1
NC_037343.1,NC_032665.1,41698156,38440198,38440223,G,GCTGGGACGATACTATAATNNNNNNN,25
NC_037343.1,NC_032665.1,41698207,38440274,38440275,G,GA,1
NC_037343.1,NC_032665.1,41711660,38453728,38453732,T,TTCTC,4
NC_037343.1,NC_032665.1,41716408,38458480,38458481,A,AG,1
NC_037343.1,NC_032665.1,41718852,38460925,38460926,A,AG,1
NC_037343.1,NC_032665.1,41741437,38483050,38483051,g,gt,1
NC_037343.1,NC_032665.1,41793719,38535122,38535123,g,gc,1
NC_037343.1,NC_032665.1,41860363,38602262,38602263,c,ca,1
NC_037343.1,NC_032665.1,41984973,38725853,38725857,A,ATCCW,4
NC_037343.1,NC_032665.1,42018983,38759774,38759775,c,cg,1
NC_037343.1,NC_032665.1,42079862,38820655,38820670,A,AACTCCCTGGGGGCAG,15
NC_037343.1,NC_032665.1,42141162,38881856,38881867,c,cttTCAGAAAAT,11
NC_037343.1,NC_032665.1,42141196,38881901,38881902,t,tc,1
NC_037343.1,NC_032665.1,42264362,39005077,39005079,c,cca,2
NC_037343.1,NC_032665.1,42302993,39043703,39043704,g,gc,1
NC_037343.1,NC_032665.1,42639575,39441503,39441504,c,ct,1
NC_037343.1,NC_032665.1,42705953,39509145,39509146,T,TA,1
NC_037343.1,NC_032665.1,42737179,39532936,39532937,A,AR,1
NC_037343.1,NC_032665.1,42739652,39535353,39535354,G,GN,1
NC_037343.1,NC_032665.1,42784684,39580355,39580356,T,TA,1
NC_037343.1,NC_032665.1,42841052,39789288,39789289,G,GA,1
NC_037343.1,NC_032665.1,42852790,39801027,39801030,T,TGYY,3
NC_037343.1,NC_032665.1,42908709,39743722,39743733,c,cacacacacaca,11
NC_037343.1,NC_032665.1,42910980,39746004,39746005,G,GC,1
NC_037343.1,NC_032665.1,42929436,39858306,39858307,G,GT,1
NC_037343.1,NC_032665.1,42953574,39882779,39882780,T,TY,1
NC_037343.1,NC_032665.1,42962973,39891658,39891660,A,ACT,2
NC_037343.1,NC_032665.1,43108850,40036221,40036222,T,TY,1
NC_037343.1,NC_032665.1,43132343,40059716,40059717,C,CY,1
NC_037343.1,NC_032665.1,43183681,40111347,40111348,C,CY,1
NC_037343.1,NC_032665.1,43220494,40148148,40148149,C,CA,1
NC_037343.1,NC_032665.1,43226050,40153705,40153706,T,TY,1
NC_037343.1,NC_032665.1,43230062,40157718,40157723,c,cccaaa,5
NC_037343.1,NC_032665.1,43272433,40200099,40200100,G,GA,1
NC_037343.1,NC_032665.1,43291377,40219047,40219048,A,AR,1
NC_037343.1,NC_032665.1,43347513,40275201,40275202,A,AR,1
NC_037343.1,NC_032665.1,43437374,40393949,40393950,T,TA,1
NC_037343.1,NC_032665.1,43444166,40400699,40400700,A,AW,1
NC_037343.1,NC_032665.1,43525731,40482265,40482266,t,ta,1
NC_037343.1,NC_032665.1,43824260,40884705,40884706,C,CA,1
NC_037343.1,NC_032665.1,43835996,40896443,40896444,c,ct,1
NC_037343.1,NC_032665.1,43843107,40903280,40903302,T,TAAAAGGATAACCAGGTGATGAA,22
NC_037343.1,NC_032665.1,43844429,40904625,40904626,a,aN,1
NC_037343.1,NC_032665.1,43885247,40945445,40945446,T,TY,1
NC_037343.1,NC_032665.1,43906838,40967037,40967038,G,GR,1
NC_037343.1,NC_032665.1,43998003,41058204,41058205,a,at,1
NC_037343.1,NC_032665.1,44080889,41164603,41164604,G,GC,1
NC_037343.1,NC_032665.1,44090587,41174306,41174307,g,gc,1
NC_037343.1,NC_032665.1,44153951,41237675,41237676,A,AM,1
NC_037343.1,NC_032665.1,44180340,41264081,41264085,g,gttcc,4
NC_037343.1,NC_032665.1,44296128,41379935,41379936,G,GN,1
NC_037343.1,NC_032665.1,44304424,41388232,41388233,c,ct,1
NC_037343.1,NC_032665.1,44330626,41414439,41414447,C,CGGATNNNN,8
NC_037343.1,NC_032665.1,44354816,41438638,41438639,C,CA,1
NC_037343.1,NC_032665.1,44359902,41443733,41443736,T,TTAA,3
NC_037343.1,NC_032665.1,44373937,41457777,41457779,a,act,2
NC_037343.1,NC_032665.1,44376878,41460638,41460639,C,CT,1
NC_037343.1,NC_032665.1,44378150,41461910,41461980,C,CGGCCTCCCCTNNNNNNNNNNNNNNNNNNNNNNNNNNNNNNNNNNNNNNNNNNNNNNNNNNNNNNNNNNNN,70
NC_037343.1,NC_032665.1,44378570,41462400,41462402,g,gcc,2
NC_037343.1,NC_032665.1,44380038,41463855,41463856,A,AC,1
NC_037343.1,NC_032665.1,44380522,41464337,41464375,T,TTGCATTTTATTCACTGCAACAGCATCTGCTTATATTGA,38
NC_037343.1,NC_032665.1,44382632,41466463,41466466,A,AGGC,3
NC_037343.1,NC_032665.1,44383023,41466885,41466886,a,ag,1
NC_037343.1,NC_032665.1,44383031,41466894,41466895,t,tc,1
NC_037343.1,NC_032665.1,44385036,41468914,41468915,c,ct,1
NC_037343.1,NC_032665.1,44385247,41469127,41469128,T,TA,1
NC_037343.1,NC_032665.1,44385267,41469148,41469149,T,TC,1
NC_037343.1,NC_032665.1,44385424,41469305,41469306,A,AG,1
NC_037343.1,NC_032665.1,44385838,41469719,41469720,t,tc,1
NC_037343.1,NC_032665.1,44413248,41497168,41497169,t,ta,1
NC_037343.1,NC_032665.1,44414675,41498600,41498601,C,CA,1
NC_037343.1,NC_032665.1,44510130,41594061,41594062,t,ta,1
NC_037343.1,NC_032665.1,44516020,41599952,41599953,C,CT,1
NC_037343.1,NC_032665.1,44617907,41701376,41701377,T,TC,1
NC_037343.1,NC_032665.1,44656321,41739255,41739256,T,TA,1
NC_037343.1,NC_032665.1,44809641,41893499,41893500,C,CA,1
NC_037343.1,NC_032665.1,44847616,41931477,41931478,c,cg,1
NC_037343.1,NC_032665.1,45030752,42117478,42117479,A,AT,1
NC_037343.1,NC_032665.1,45030969,42117699,42117700,G,GK,1
NC_037343.1,NC_032665.1,45107938,42194838,42194840,a,aNN,2
NC_037343.1,NC_032665.1,45242507,42384781,42384782,t,ta,1
NC_037343.1,NC_032665.1,45242511,42384786,42384787,t,ta,1
NC_037343.1,NC_032665.1,45242528,42384804,42384805,t,ta,1
NC_037343.1,NC_032665.1,45243090,42385368,42385369,c,ca,1
NC_037343.1,NC_032665.1,45243100,42385379,42385380,g,ga,1
NC_037343.1,NC_032665.1,45243347,42385630,42385631,c,ct,1
NC_037343.1,NC_032665.1,45288990,42431275,42431278,a,aaNN,3
NC_037343.1,NC_032665.1,45471612,42614609,42614610,t,tc,1
NC_037343.1,NC_032665.1,45538793,42680988,42680989,G,GK,1
NC_037343.1,NC_032665.1,45589073,42784538,42784539,A,AC,1
NC_037343.1,NC_032665.1,45690666,42889888,42889889,T,TA,1
NC_037343.1,NC_032665.1,45732855,42932745,42932746,A,AG,1
NC_037343.1,NC_032665.1,45734202,42934097,42934098,C,CG,1
NC_037343.1,NC_032665.1,45735040,42934907,42934931,C,CCAACATGGCCTCCACCCTCACTGT,24
NC_037343.1,NC_032665.1,45748582,42948474,42948475,T,TC,1
NC_037343.1,NC_032665.1,45755018,42954911,42954912,A,AC,1
NC_037343.1,NC_032665.1,45765588,42978709,42978710,C,CR,1
NC_037343.1,NC_032665.1,45766265,42979387,42979390,A,AAAG,3
NC_037343.1,NC_032665.1,45787004,43000977,43000978,T,TA,1
NC_037343.1,NC_032665.1,45799057,43013032,43013033,c,ct,1
NC_037343.1,NC_032665.1,45847776,43061748,43061749,G,GR,1
NC_037343.1,NC_032665.1,45944765,43158569,43158570,a,ag,1
NC_037343.1,NC_032665.1,45949603,43163409,43163410,A,AG,1
NC_037343.1,NC_032665.1,46041449,43238366,43238367,A,AC,1
NC_037343.1,NC_032665.1,46055597,43252348,43252349,t,ta,1
NC_037343.1,NC_032665.1,46056047,43252799,43252800,c,ct,1
NC_037343.1,NC_032665.1,46056178,43252931,43252932,c,ct,1
NC_037343.1,NC_032665.1,46107510,43310696,43310697,C,CA,1
NC_037343.1,NC_032665.1,46111411,43314599,43314600,G,GK,1
NC_037343.1,NC_032665.1,46164840,43368037,43368038,A,AG,1
NC_037343.1,NC_032665.1,46195291,43398489,43398490,T,TC,1
NC_037343.1,NC_032665.1,46231845,43435038,43435039,C,CT,1
NC_037343.1,NC_032665.1,46237195,43440390,43440391,a,ac,1
NC_037343.1,NC_032665.1,46243674,43446872,43446873,a,ag,1
NC_037343.1,NC_032665.1,46270010,43473256,43473257,G,GR,1
NC_037343.1,NC_032665.1,46274620,43477867,43477868,C,CY,1
NC_037343.1,NC_032665.1,46276838,43480087,43480100,C,CAGAATCAGAATCR,13
NC_037343.1,NC_032665.1,46279139,43482401,43482402,A,AG,1
NC_037343.1,NC_032665.1,46295065,43498332,43498347,g,gcaggcggttctttac,15
NC_037343.1,NC_032665.1,46295947,43499229,43499252,T,TCTAGGGGCCACCAGGAAAAACAA,23
NC_037343.1,NC_032665.1,46300053,43503363,43503364,G,GR,1
NC_037343.1,NC_032665.1,46332047,43535345,43535346,C,CT,1
NC_037343.1,NC_032665.1,46342433,43545753,43545754,G,GS,1
NC_037343.1,NC_032665.1,46343142,43546463,43546464,G,GK,1
NC_037343.1,NC_032665.1,46372051,43575378,43575380,c,caa,2
NC_037343.1,NC_032665.1,46375923,43579250,43579251,A,AC,1
NC_037343.1,NC_032665.1,46380869,43584195,43584196,g,gt,1
NC_037343.1,NC_032665.1,46380907,43584234,43584235,t,tY,1
NC_037343.1,NC_032665.1,46431621,43634952,43634954,a,aNN,2
NC_037343.1,NC_032665.1,46469865,43675811,43675812,c,ca,1
NC_037343.1,NC_032665.1,46471000,43676947,43676948,A,AC,1
NC_037343.1,NC_032665.1,46539728,43745674,43745675,t,ta,1
NC_037343.1,NC_032665.1,46680883,43885964,43885965,G,GS,1
NC_037343.1,NC_032665.1,46699990,43905452,43905453,t,ta,1
NC_037343.1,NC_032665.1,46718874,43924338,43924341,a,aagg,3
NC_037343.1,NC_032665.1,46719076,43924543,43924544,t,tc,1
NC_037343.1,NC_032665.1,46729967,43935998,43935999,t,tg,1
NC_037343.1,NC_032665.1,46817044,44022854,44022872,G,GGCAGGGCCAGAGTGAGRR,18
NC_037343.1,NC_032665.1,46917634,44123503,44123504,G,GS,1
NC_037343.1,NC_032665.1,46939754,44145013,44145014,G,GA,1
NC_037343.1,NC_032665.1,47002375,44203138,44203139,a,at,1
NC_037343.1,NC_032665.1,47051991,44252757,44252758,C,CA,1
NC_037343.1,NC_032665.1,47094346,44295273,44295274,C,CG,1
NC_037343.1,NC_032665.1,47103524,44304452,44304453,C,CT,1
NC_037343.1,NC_032665.1,47149898,44350948,44350949,C,CA,1
NC_037343.1,NC_032665.1,47321101,44522240,44522241,A,AM,1
NC_037343.1,NC_032665.1,47327799,44528941,44528942,A,AR,1
NC_037343.1,NC_032665.1,47377987,44578983,44578984,C,CT,1
NC_037343.1,NC_032665.1,47455961,44630951,44630952,t,ta,1
NC_037343.1,NC_032665.1,47560893,44735886,44735887,G,GA,1
NC_037343.1,NC_032665.1,47608278,44783815,44783816,G,GA,1
NC_037343.1,NC_032665.1,47615760,44791299,44791300,t,tg,1
NC_037343.1,NC_032665.1,47649314,44823575,44823576,G,GT,1
NC_037343.1,NC_032665.1,47649554,44823816,44823817,G,GA,1
NC_037343.1,NC_032665.1,47652927,44827194,44827195,G,GA,1
NC_037343.1,NC_032665.1,47656286,44830555,44830559,a,aaacc,4
NC_037343.1,NC_032665.1,47707549,44881838,44881839,a,ag,1
NC_037343.1,NC_032665.1,47745794,44887438,44887444,A,AACTGGC,6
NC_037343.1,NC_032665.1,47747377,44889027,44889028,A,AT,1
NC_037343.1,NC_032665.1,47748182,44889833,44889834,G,GA,1
NC_037343.1,NC_032665.1,47751878,44893527,44893532,t,tcagtc,5
NC_037343.1,NC_032665.1,47754396,44896050,44896051,A,AR,1
NC_037343.1,NC_032665.1,47756749,44898405,44898406,T,TY,1
NC_037343.1,NC_032665.1,47870853,45049937,45049955,C,CTGTTTTGGTCCAGAAGCT,18
NC_037343.1,NC_032665.1,48000128,45178146,45178147,G,GC,1
NC_037343.1,NC_032665.1,48010445,45188465,45188466,C,CT,1
NC_037343.1,NC_032665.1,48065860,45243867,45243873,c,cttagta,6
NC_037343.1,NC_032665.1,48221357,45325762,45325763,G,GT,1
NC_037343.1,NC_032665.1,48221402,45325808,45325809,C,CA,1
NC_037343.1,NC_032665.1,48221950,45326359,45326360,g,gt,1
NC_037343.1,NC_032665.1,48222173,45326582,45326583,t,ta,1
NC_037343.1,NC_032665.1,48222406,45326816,45326817,A,AG,1
NC_037343.1,NC_032665.1,48222441,45326852,45326853,T,TG,1
NC_037343.1,NC_032665.1,48222662,45327073,45327074,C,CT,1
NC_037343.1,NC_032665.1,48222702,45327114,45327115,T,TG,1
NC_037343.1,NC_032665.1,48223058,45327470,45327471,T,TG,1
NC_037343.1,NC_032665.1,48223150,45327562,45327563,g,ga,1
NC_037343.1,NC_032665.1,48223299,45327712,45327713,G,GT,1
NC_037343.1,NC_032665.1,48223337,45327751,45327752,T,TA,1
NC_037343.1,NC_032665.1,48223580,45327995,45327996,T,TG,1
NC_037343.1,NC_032665.1,48301543,45405757,45405758,T,TR,1
NC_037343.1,NC_032665.1,48304817,45409028,45409030,t,taa,2
NC_037343.1,NC_032665.1,48307456,45411670,45411672,c,ctt,2
NC_037343.1,NC_032665.1,48315985,45420207,45420209,t,tta,2
NC_037343.1,NC_032665.1,48316320,45420542,45420544,c,ctt,2
NC_037343.1,NC_032665.1,48317938,45422160,45422164,a,aattt,4
NC_037343.1,NC_032665.1,48318336,45422561,45422562,T,TC,1
NC_037343.1,NC_032665.1,48322487,45426708,45426709,c,ca,1
NC_037343.1,NC_032665.1,48327875,45432097,45432098,g,gc,1
NC_037343.1,NC_032665.1,48392362,45496586,45496588,g,ggc,2
NC_037343.1,NC_032665.1,48422128,45551623,45551624,t,tW,1
NC_037343.1,NC_032665.1,48474382,45604134,45604135,G,GA,1
NC_037343.1,NC_032665.1,48603287,45861335,45861336,G,GC,1
NC_037343.1,NC_032665.1,48663089,45920520,45920522,a,aat,2
NC_037343.1,NC_032665.1,48664934,45922367,45922369,t,tgg,2
NC_037343.1,NC_032665.1,48719020,45977019,45977022,G,GACW,3
NC_037343.1,NC_032665.1,48723238,45981240,45981250,a,aNNNNNNNNNN,10
NC_037343.1,NC_032665.1,48976421,46285268,46285269,t,ta,1
NC_037343.1,NC_032665.1,48979325,46288172,46288173,T,TW,1
NC_037343.1,NC_032665.1,49154516,46499352,46499378,A,ANNNNNNNNNNNNNNNNNNNNNNNNNN,26
NC_037343.1,NC_032665.1,49281286,46626893,46626894,C,CG,1
NC_037343.1,NC_032665.1,49300391,46646000,46646001,a,at,1
NC_037343.1,NC_032665.1,49498516,46845074,46845086,G,GCTGCCCGCGGTR,12
NC_037343.1,NC_032665.1,49523936,46870564,46870565,G,GA,1
NC_037343.1,NC_032665.1,49526029,46872671,46872672,T,TK,1
NC_037343.1,NC_032665.1,49609959,46956651,46956653,G,GNN,2
NC_037343.1,NC_032665.1,49612452,46959146,46959151,C,CAGGGA,5
NC_037343.1,NC_032665.1,49631601,46978300,46978301,T,TG,1
NC_037343.1,NC_032665.1,49686086,47032785,47032786,C,CM,1
NC_037343.1,NC_032665.1,49689002,47035702,47035703,T,TA,1
NC_037343.1,NC_032665.1,49699430,47046137,47046138,C,CA,1
NC_037343.1,NC_032665.1,49701518,47048225,47048227,c,ctg,2
NC_037343.1,NC_032665.1,49708330,47055043,47055045,G,GAS,2
NC_037343.1,NC_032665.1,49814170,47095897,47095904,T,TCCAGAAC,7
NC_037343.1,NC_032665.1,49833801,47115550,47115555,G,GNNNNN,5
NC_037343.1,NC_032665.1,49852732,47134554,47134557,G,GGAA,3
NC_037343.1,NC_032665.1,49855889,47137714,47137719,a,acacac,5
NC_037343.1,NC_032665.1,49869275,47151104,47151105,T,TG,1
NC_037343.1,NC_032665.1,49889042,47170384,47170385,T,TK,1
NC_037343.1,NC_032665.1,49891042,47172385,47172386,G,GA,1
NC_037343.1,NC_032665.1,49916941,47198261,47198262,G,GS,1
NC_037343.1,NC_032665.1,50071838,47352250,47352251,C,CA,1
NC_037343.1,NC_032665.1,50116358,47396774,47396776,g,gaa,2
NC_037343.1,NC_032665.1,50199365,47479056,47479057,A,AT,1
NC_037343.1,NC_032665.1,50199392,47479085,47479086,t,ta,1
NC_037343.1,NC_032665.1,50208218,47487913,47487914,G,GR,1
NC_037343.1,NC_032665.1,50208303,47488000,47488001,T,TG,1
NC_037343.1,NC_032665.1,50213378,47493073,47493074,G,GC,1
NC_037343.1,NC_032665.1,50335466,47608698,47608699,C,CS,1
NC_037343.1,NC_032665.1,50340454,47613595,47613596,C,CA,1
NC_037343.1,NC_032665.1,50397043,47669809,47669810,C,CT,1
NC_037343.1,NC_032665.1,50407196,47679581,47679582,C,CY,1
NC_037343.1,NC_032665.1,50409965,47682353,47682354,t,tg,1
NC_037343.1,NC_032665.1,50413110,47685501,47685505,T,TGCCA,4
NC_037343.1,NC_032665.1,50424652,47697100,47697101,T,TA,1
NC_037343.1,NC_032665.1,50521347,47792748,47792750,A,AAG,2
NC_037343.1,NC_032665.1,50521382,47792785,47792786,C,CA,1
NC_037343.1,NC_032665.1,50548472,47819882,47819883,T,TA,1
NC_037343.1,NC_032665.1,50549509,47820932,47820937,A,AAAGAT,5
NC_037343.1,NC_032665.1,50667600,47938713,47938716,c,ccaa,3
NC_037343.1,NC_032665.1,50676145,47947261,47947263,C,CTT,2
NC_037343.1,NC_032665.1,50851461,48123170,48123171,T,TC,1
NC_037343.1,NC_032665.1,50854055,48125765,48125766,a,at,1
NC_037343.1,NC_032665.1,51111684,48385227,48385228,T,TA,1
NC_037343.1,NC_032665.1,51203237,48476584,48476585,G,GK,1
NC_037343.1,NC_032665.1,51292468,48564379,48564380,T,TY,1
NC_037343.1,NC_032665.1,51525392,48782689,48782690,G,GT,1
NC_037343.1,NC_032665.1,51592093,48859288,48859291,c,ctat,3
NC_037343.1,NC_032665.1,51711529,48978433,48978437,a,atgct,4
NC_037343.1,NC_032665.1,51722680,48989588,48989590,C,CGA,2
NC_037343.1,NC_032665.1,51725938,48992848,48992849,T,TA,1
NC_037343.1,NC_032665.1,51804739,49071758,49071766,T,TACACTCAA,8
NC_037343.1,NC_032665.1,51839916,49106949,49106950,A,AG,1
NC_037343.1,NC_032665.1,51862302,49129295,49129298,T,TTGC,3
NC_037343.1,NC_032665.1,52010858,49277863,49277864,T,TC,1
NC_037343.1,NC_032665.1,52012532,49279538,49279539,g,gt,1
NC_037343.1,NC_032665.1,52015557,49282563,49282564,g,gt,1
NC_037343.1,NC_032665.1,52017833,49284840,49284841,A,AC,1
NC_037343.1,NC_032665.1,52056557,49323556,49323557,G,GA,1
NC_037343.1,NC_032665.1,52058319,49325319,49325320,G,GC,1
NC_037343.1,NC_032665.1,52075193,49342194,49342195,C,CA,1
NC_037343.1,NC_032665.1,52086547,49353553,49353572,A,AGTTACCTTTCTGTCCTGTG,19
NC_037343.1,NC_032665.1,52104997,49372030,49372031,G,GC,1
NC_037343.1,NC_032665.1,52125102,49392140,49392142,T,TGC,2
NC_037343.1,NC_032665.1,52125532,49392572,49392573,C,CT,1
NC_037343.1,NC_032665.1,52129148,49396189,49396190,t,tg,1
NC_037343.1,NC_032665.1,52157430,49428245,49428246,g,ga,1
NC_037343.1,NC_032665.1,52226628,49496971,49496974,c,cagg,3
NC_037343.1,NC_032665.1,52256977,49527327,49527328,A,AG,1
NC_037343.1,NC_032665.1,52268026,49538378,49538384,t,tatttta,6
NC_037343.1,NC_032665.1,52411429,49684229,49684230,G,GS,1
NC_037343.1,NC_032665.1,52506754,49784817,49784818,A,AY,1
NC_037343.1,NC_032665.1,52553658,49831800,49831801,T,TS,1
NC_037343.1,NC_032665.1,52619595,49973297,49973298,t,tg,1
NC_037343.1,NC_032665.1,52638378,49992079,49992080,a,ac,1
NC_037343.1,NC_032665.1,52640195,49993897,49993898,t,tc,1
NC_037343.1,NC_032665.1,52671506,50025214,50025236,C,CGCTGTATCTCGTGTGACCCTGG,22
NC_037343.1,NC_032665.1,52675668,50029397,50029401,c,caaaa,4
NC_037343.1,NC_032665.1,52676967,50030701,50030703,T,TGC,2
NC_037343.1,NC_032665.1,52710716,50064441,50064442,T,TC,1
NC_037343.1,NC_032665.1,52715380,50069105,50069116,G,GATCTAGAGAAC,11
NC_037343.1,NC_032665.1,52716116,50069851,50069870,G,GTAATTGAACATGTTNNNNN,19
NC_037343.1,NC_032665.1,52763602,49917004,49917005,A,AW,1
NC_037343.1,NC_032665.1,52773679,49927080,49927082,T,TAC,2
NC_037343.1,NC_032665.1,52788971,49942046,49942047,G,GC,1
NC_037343.1,NC_032665.1,52852421,50216065,50216066,C,CA,1
NC_037343.1,NC_032665.1,52874900,50238547,50238549,A,AAT,2
NC_037343.1,NC_032665.1,52898737,50262388,50262389,C,CA,1
NC_037343.1,NC_032665.1,52911012,50274690,50274691,G,GT,1
NC_037343.1,NC_032665.1,52911156,50274835,50274836,C,CY,1
NC_037343.1,NC_032665.1,52916712,50280396,50280399,t,tatg,3
NC_037343.1,NC_032665.1,52920834,50284521,50284525,g,ggaaa,4
NC_037343.1,NC_032665.1,52925204,50288896,50288902,a,aaaaaaM,6
NC_037343.1,NC_032665.1,52935852,50299554,50299555,T,TC,1
NC_037343.1,NC_032665.1,52959067,50323213,50323214,A,AG,1
NC_037343.1,NC_032665.1,52975292,50339439,50339441,A,AAG,2
NC_037343.1,NC_032665.1,52983300,50347449,50347450,T,TC,1
NC_037343.1,NC_032665.1,53010811,50374960,50374964,g,gcaca,4
NC_037343.1,NC_032665.1,53034582,50398737,50398738,A,AC,1
NC_037343.1,NC_032665.1,53067003,50431162,50431164,t,ttg,2
NC_037343.1,NC_032665.1,53086811,50450991,50450992,t,tW,1
NC_037343.1,NC_032665.1,53180334,50544502,50544503,A,AM,1
NC_037343.1,NC_032665.1,53260069,50624198,50624220,c,catcagagtcttttccaatgagt,22
NC_037343.1,NC_032665.1,53343024,50706554,50706559,a,atatat,5
NC_037343.1,NC_032665.1,53371603,50735072,50735075,a,aaac,3
NC_037343.1,NC_032665.1,53395878,50759347,50759349,T,TAG,2
NC_037343.1,NC_032665.1,53402059,50765528,50765530,a,aag,2
NC_037343.1,NC_032665.1,53408806,50772269,50772270,T,TG,1
NC_037343.1,NC_032665.1,53424310,50792802,50792812,C,CGCCTNNNNNN,10
NC_037343.1,NC_032665.1,53436275,50804443,50804458,G,GAATTACNNNNNTGCT,15
NC_037343.1,NC_032665.1,53436467,50804650,50804651,A,AG,1
NC_037343.1,NC_032665.1,53466230,50834324,50834345,T,TACCATCAGGTTCATGCTGGGC,21
NC_037343.1,NC_032665.1,53506234,50874364,50874379,C,CAGTGTACAGTGTACA,15
NC_037343.1,NC_032665.1,53512090,50880235,50880238,t,tagc,3
NC_037343.1,NC_032665.1,53562568,50932078,50932081,C,CNNN,3
NC_037343.1,NC_032665.1,53562608,50932121,50932122,G,GA,1
NC_037343.1,NC_032665.1,53568862,50938378,50938379,G,GC,1
NC_037343.1,NC_032665.1,53595737,50964703,50964704,C,CK,1
NC_037343.1,NC_032665.1,53623787,50992755,50992756,c,ct,1
NC_037343.1,NC_032665.1,53631098,51000067,51000069,t,taa,2
NC_037343.1,NC_032665.1,53728997,51097979,51097981,t,tNN,2
NC_037343.1,NC_032665.1,53787875,51158661,51158662,A,AW,1
NC_037343.1,NC_032665.1,53941780,51313253,51313254,a,at,1
NC_037343.1,NC_032665.1,53988093,51360212,51360213,a,at,1
NC_037343.1,NC_032665.1,53999005,51371119,51371120,t,ta,1
NC_037343.1,NC_032665.1,54002356,51374452,51374453,C,CA,1
NC_037343.1,NC_032665.1,54005633,51377733,51377736,c,ccct,3
NC_037343.1,NC_032665.1,54020652,51392755,51392757,t,taa,2
NC_037343.1,NC_032665.1,54041318,51413451,51413453,g,ggt,2
NC_037343.1,NC_032665.1,54049791,51421926,51421928,c,cca,2
NC_037343.1,NC_032665.1,54113785,51485592,51485606,t,tgtatatataNNNNN,14
NC_037343.1,NC_032665.1,54116646,51488468,51488469,c,ct,1
NC_037343.1,NC_032665.1,54177574,51549439,51549440,T,TA,1
NC_037343.1,NC_032665.1,54183317,51555171,51555172,g,gt,1
NC_037343.1,NC_032665.1,54183808,51555663,51555664,T,TC,1
NC_037343.1,NC_032665.1,54202395,51574446,51574447,c,ct,1
NC_037343.1,NC_032665.1,54202433,51574485,51574486,t,tc,1
NC_037343.1,NC_032665.1,54204473,51576526,51576527,t,ta,1
NC_037343.1,NC_032665.1,54204700,51576754,51576755,t,tc,1
NC_037343.1,NC_032665.1,54205221,51577276,51577283,t,tgaataag,7
NC_037343.1,NC_032665.1,54205971,51578033,51578034,a,at,1
NC_037343.1,NC_032665.1,54208459,51580527,51580528,A,AM,1
NC_037343.1,NC_032665.1,54215366,51587649,51587652,T,TCGA,3
NC_037343.1,NC_032665.1,54215574,51587861,51587862,t,ta,1
NC_037343.1,NC_032665.1,54215801,51588089,51588090,g,gc,1
NC_037343.1,NC_032665.1,54219078,51591368,51591369,A,AT,1
NC_037343.1,NC_032665.1,54220828,51593120,51593121,A,AR,1
NC_037343.1,NC_032665.1,54222613,51594906,51594907,t,tc,1
NC_037343.1,NC_032665.1,54231526,51603817,51603818,c,ca,1
NC_037343.1,NC_032665.1,54253008,51625435,51625436,a,at,1
NC_037343.1,NC_032665.1,54256660,51629089,51629090,t,ta,1
NC_037343.1,NC_032665.1,54294382,51667294,51667296,c,cca,2
NC_037343.1,NC_032665.1,54907704,51919762,51919763,C,CT,1
NC_037343.1,NC_032665.1,54914261,51925968,51925976,a,aNNNNNNNN,8
NC_037343.1,NC_032665.1,54918371,51930089,51930090,C,CT,1
NC_037343.1,NC_032665.1,54987828,51999583,51999606,a,agggatggtatggggagggaggag,23
NC_037343.1,NC_032665.1,55120425,52222026,52222027,g,gc,1
NC_037343.1,NC_032665.1,55140487,52252123,52252124,t,ta,1
NC_037343.1,NC_032665.1,55171694,52385801,52385803,T,TTG,2
NC_037343.1,NC_032665.1,55200682,52414799,52414800,a,at,1
NC_037343.1,NC_032665.1,55259034,52492121,52492122,A,AG,1
NC_037343.1,NC_032665.1,55487295,52726324,52726333,C,CTTGGTAATG,9
NC_037343.1,NC_032665.1,55693928,52967969,52967970,G,GA,1
NC_037343.1,NC_032665.1,55749981,53213535,53213537,g,gta,2
NC_037343.1,NC_032665.1,55784041,53247332,53247334,a,aag,2
NC_037343.1,NC_032665.1,55788377,53251670,53251678,t,tttaataca,8
NC_037343.1,NC_032665.1,55876943,53402006,53402007,T,TC,1
NC_037343.1,NC_032665.1,55888130,53413350,53413351,a,at,1
NC_037343.1,NC_032665.1,55888659,53413881,53413882,g,ga,1
NC_037343.1,NC_032665.1,55919983,53445485,53445486,A,AC,1
NC_037343.1,NC_032665.1,55924676,53450181,53450184,t,tgaa,3
NC_037343.1,NC_032665.1,55932446,53457956,53457957,C,CT,1
NC_037343.1,NC_032665.1,55946962,53473593,53473594,g,ga,1
NC_037343.1,NC_032665.1,55981180,53507775,53507777,G,GTC,2
NC_037343.1,NC_032665.1,55983033,53509630,53509631,A,AW,1
NC_037343.1,NC_032665.1,55983304,53509902,53509905,a,aatt,3
NC_037343.1,NC_032665.1,55992014,53518617,53518622,g,gactga,5
NC_037343.1,NC_032665.1,55993936,53520544,53520545,g,ga,1
NC_037343.1,NC_032665.1,55999151,53525739,53525742,g,gttc,3
NC_037343.1,NC_032665.1,56000089,53526670,53526671,c,ca,1
NC_037343.1,NC_032665.1,56000097,53526679,53526680,c,ct,1
NC_037343.1,NC_032665.1,56000472,53527055,53527056,G,GC,1
NC_037343.1,NC_032665.1,56002163,53528744,53528748,c,caaaa,4
NC_037343.1,NC_032665.1,56026896,53553474,53553475,t,ta,1
NC_037343.1,NC_032665.1,56029519,53556099,53556100,t,tg,1
NC_037343.1,NC_032665.1,56036747,53563328,53563329,G,GA,1
NC_037343.1,NC_032665.1,56048698,53575278,53575279,t,tN,1
NC_037343.1,NC_032665.1,56060650,53587238,53587240,a,aat,2
NC_037343.1,NC_032665.1,56069107,53595727,53595729,c,cca,2
NC_037343.1,NC_032665.1,56082148,53608769,53608770,A,AR,1
NC_037343.1,NC_032665.1,56086220,53612844,53612846,C,CAG,2
NC_037343.1,NC_032665.1,56094488,53621123,53621124,T,TA,1
NC_037343.1,NC_032665.1,56096198,53622841,53622854,a,acacacacacaact,13
NC_037343.1,NC_032665.1,56098206,53624861,53624867,G,GAAACTA,6
NC_037343.1,NC_032665.1,56104342,53628402,53628403,g,gc,1
NC_037343.1,NC_032665.1,56113619,53637682,53637689,A,AGATCTAT,7
NC_037343.1,NC_032665.1,56120428,53644505,53644509,T,TAGTA,4
NC_037343.1,NC_032665.1,56183401,53707549,53707550,T,TK,1
NC_037343.1,NC_032665.1,56190417,53714719,53714720,T,TC,1
NC_037343.1,NC_032665.1,56208400,53733904,53733935,T,TGTAATTNNNNNNNNNNNNNNNNNNNNNNNNN,31
NC_037343.1,NC_032665.1,56209237,53734776,53734794,A,AATTATAGGTTCCCTTGGG,18
NC_037343.1,NC_032665.1,56267659,53793258,53793260,T,TAC,2
NC_037343.1,NC_032665.1,56278517,53804650,53804651,G,GT,1
NC_037343.1,NC_032665.1,56278874,53805008,53805015,C,CACTCCTS,7
NC_037343.1,NC_032665.1,56281914,53808047,53808048,t,ta,1
NC_037343.1,NC_032665.1,56282008,53808142,53808143,g,gt,1
NC_037343.1,NC_032665.1,56331567,53857707,53857709,g,gtc,2
NC_037343.1,NC_032665.1,56377518,53903398,53903399,A,AT,1
NC_037343.1,NC_032665.1,56401303,53927180,53927181,A,AC,1
NC_037343.1,NC_032665.1,56444436,53970312,53970313,a,ag,1
NC_037343.1,NC_032665.1,56499468,54025531,54025535,a,atatt,4
NC_037343.1,NC_032665.1,56499491,54025558,54025560,c,ctg,2
NC_037343.1,NC_032665.1,56499668,54025737,54025738,a,at,1
NC_037343.1,NC_032665.1,56566370,54092678,54092679,t,tc,1
NC_037343.1,NC_032665.1,56573243,54099665,54099668,C,CCTY,3
NC_037343.1,NC_032665.1,56574792,54101217,54101218,C,CY,1
NC_037343.1,NC_032665.1,56575294,54101720,54101724,C,CTCCG,4
NC_037343.1,NC_032665.1,56622199,54148639,54148640,C,CT,1
NC_037343.1,NC_032665.1,56675181,54201630,54201631,g,gt,1
NC_037343.1,NC_032665.1,56760657,54286837,54286838,t,ta,1
NC_037343.1,NC_032665.1,56861192,54413923,54413924,G,GA,1
NC_037343.1,NC_032665.1,56867439,54420171,54420173,c,cct,2
NC_037343.1,NC_032665.1,56868807,54421614,54421615,t,tg,1
NC_037343.1,NC_032665.1,56922746,54475546,54475548,t,tNN,2
NC_037343.1,NC_032665.1,56935652,54484340,54484341,c,cg,1
NC_037343.1,NC_032665.1,56988337,54536556,54536564,G,GAGAGTGGC,8
NC_037343.1,NC_032665.1,56995265,54543227,54543229,c,ctt,2
NC_037343.1,NC_032665.1,57133868,54637868,54637870,T,TAA,2
NC_037343.1,NC_032665.1,57219776,54723787,54723788,t,tc,1
NC_037343.1,NC_032665.1,57230524,54734531,54734532,t,tc,1
NC_037343.1,NC_032665.1,57309483,54813502,54813506,A,AATTC,4
NC_037343.1,NC_032665.1,57365635,54869654,54869655,a,aN,1
NC_037343.1,NC_032665.1,57404793,54908816,54908817,g,gc,1
NC_037343.1,NC_032665.1,57506961,55010632,55010633,a,at,1
NC_037343.1,NC_032665.1,57516328,55020000,55020014,t,tatatatatatataa,14
NC_037343.1,NC_032665.1,57538092,55041567,55041568,g,gt,1
NC_037343.1,NC_032665.1,57571657,55075117,55075118,t,tc,1
NC_037343.1,NC_032665.1,57580552,55084012,55084013,G,GA,1
NC_037343.1,NC_032665.1,57588690,55092151,55092153,g,gaa,2
NC_037343.1,NC_032665.1,57594574,55098535,55098536,C,CA,1
NC_037343.1,NC_032665.1,57607358,55111322,55111323,t,tW,1
NC_037343.1,NC_032665.1,57619939,55123949,55123950,G,GT,1
NC_037343.1,NC_032665.1,57622150,55126159,55126160,c,ca,1
NC_037343.1,NC_032665.1,57623508,55127547,55127548,T,TC,1
NC_037343.1,NC_032665.1,57627819,55131870,55131871,C,CT,1
NC_037343.1,NC_032665.1,57628652,55132703,55132706,T,TGGC,3
NC_037343.1,NC_032665.1,57628728,55132782,55132783,A,AR,1
NC_037343.1,NC_032665.1,57629969,55134027,55134028,A,AG,1
NC_037343.1,NC_032665.1,57630579,55134635,55134636,C,CA,1
NC_037343.1,NC_032665.1,57630582,55134639,55134647,T,TGCAGCAAC,8
NC_037343.1,NC_032665.1,57631103,55135170,55135171,C,CA,1
NC_037343.1,NC_032665.1,57631172,55135240,55135241,C,CT,1
NC_037343.1,NC_032665.1,57631773,55135843,55135847,C,CTCTG,4
NC_037343.1,NC_032665.1,57672552,55176097,55176098,a,at,1
NC_037343.1,NC_032665.1,57682821,55186364,55186366,g,gGS,2
NC_037343.1,NC_032665.1,57701848,55205398,55205399,A,AR,1
NC_037343.1,NC_032665.1,57747811,55251673,55251676,T,TAYW,3
NC_037343.1,NC_032665.1,57836411,55340165,55340166,T,TC,1
NC_037343.1,NC_032665.1,57836411,55471317,55471318,T,TC,1
NC_037343.1,NC_032665.1,57837845,55341600,55341601,G,GN,1
NC_037343.1,NC_032665.1,57838065,55341821,55341823,T,TGA,2
NC_037343.1,NC_032665.1,57852297,55487311,55487312,C,CM,1
NC_037343.1,NC_032665.1,57857288,55492297,55492299,a,agg,2
NC_037343.1,NC_032665.1,57879013,55513977,55513978,t,tc,1
NC_037343.1,NC_032665.1,57884285,55519480,55519483,t,tgtg,3
NC_037343.1,NC_032665.1,57931446,55566557,55566558,A,AW,1
NC_037343.1,NC_032665.1,57953114,55588226,55588228,t,tNN,2
NC_037343.1,NC_032665.1,57993408,55629141,55629145,a,atact,4
NC_037343.1,NC_032665.1,58017838,55653579,55653588,a,acNNNNNNNN,9
NC_037343.1,NC_032665.1,58023072,55658824,55658825,C,CY,1
NC_037343.1,NC_032665.1,58031410,55667163,55667164,g,ga,1
NC_037343.1,NC_032665.1,58033765,55669519,55669520,G,GK,1
NC_037343.1,NC_032665.1,58037698,55673453,55673455,t,ttg,2
NC_037343.1,NC_032665.1,58045238,55680987,55680988,c,ct,1
NC_037343.1,NC_032665.1,58054325,55690085,55690086,T,TA,1
NC_037343.1,NC_032665.1,58193981,55889343,55889351,c,cttattcct,8
NC_037343.1,NC_032665.1,58201473,55896844,55896852,a,acacacacR,8
NC_037343.1,NC_032665.1,58215425,55910813,55910814,A,AR,1
NC_037343.1,NC_032665.1,58243872,55939291,55939296,A,ATTATC,5
NC_037343.1,NC_032665.1,58249030,55944462,55944463,a,ag,1
NC_037343.1,NC_032665.1,58271142,55966573,55966577,c,caaaa,4
NC_037343.1,NC_032665.1,58329201,56024667,56024674,t,ttgttttg,7
NC_037343.1,NC_032665.1,58377393,56072883,56072885,A,AYG,2
NC_037343.1,NC_032665.1,58377581,56073073,56073074,A,AT,1
NC_037343.1,NC_032665.1,58493417,56273954,56273955,t,tc,1
NC_037343.1,NC_032665.1,58497209,56277747,56277749,a,atg,2
NC_037343.1,NC_032665.1,58508392,56288933,56288934,t,ta,1
NC_037343.1,NC_032665.1,58515563,56296104,56296115,C,CCTGAGTGTTTT,11
NC_037343.1,NC_032665.1,58546844,56325820,56325821,T,TC,1
NC_037343.1,NC_032665.1,58594037,56372527,56372537,g,gagagagagaR,10
NC_037343.1,NC_032665.1,58600473,56378973,56378975,t,taW,2
NC_037343.1,NC_032665.1,58604023,56382522,56382523,T,TC,1
NC_037343.1,NC_032665.1,58608122,56385959,56385960,A,AG,1
NC_037343.1,NC_032665.1,58619433,56397284,56397285,T,TG,1
NC_037343.1,NC_032665.1,58630451,56408309,56408313,t,tatac,4
NC_037343.1,NC_032665.1,58676494,56454150,56454151,A,AC,1
NC_037343.1,NC_032665.1,58733097,56510308,56510309,t,tg,1
NC_037343.1,NC_032665.1,58831836,56608791,56608792,a,ac,1
NC_037343.1,NC_032665.1,58834142,56611098,56611099,c,cg,1
NC_037343.1,NC_032665.1,58858360,56635931,56635941,C,CTACCTCAAAA,10
NC_037343.1,NC_032665.1,58889455,56667125,56667126,t,tc,1
NC_037343.1,NC_032665.1,58914866,56692540,56692541,T,TY,1
NC_037343.1,NC_032665.1,58919871,56697547,56697548,t,ta,1
NC_037343.1,NC_032665.1,58950959,56728647,56728651,C,CTGGA,4
NC_037343.1,NC_032665.1,58954282,56731975,56731982,a,agtccctt,7
NC_037343.1,NC_032665.1,58961290,56738985,56738987,G,GTA,2
NC_037343.1,NC_032665.1,58990224,56767955,56767956,c,ca,1
NC_037343.1,NC_032665.1,58991585,56769317,56769318,a,ag,1
NC_037343.1,NC_032665.1,59029688,56807359,56807360,G,GT,1
NC_037343.1,NC_032665.1,59034070,56811742,56811744,G,GGT,2
NC_037343.1,NC_032665.1,59042025,56822815,56822816,g,gt,1
NC_037343.1,NC_032665.1,59045259,56826051,56826052,a,at,1
NC_037343.1,NC_032665.1,59045272,56826065,56826069,a,aNNNN,4
NC_037343.1,NC_032665.1,59047476,56828272,56828273,g,gt,1
NC_037343.1,NC_032665.1,59050203,56831001,56831002,g,gc,1
NC_037343.1,NC_032665.1,59050430,56831229,56831230,g,gt,1
NC_037343.1,NC_032665.1,59050712,56831512,56831513,c,ct,1
NC_037343.1,NC_032665.1,59051203,56832004,56832008,t,ttgag,4
NC_037343.1,NC_032665.1,59060359,56860313,56860314,a,ac,1
NC_037343.1,NC_032665.1,59065123,56865073,56865074,T,TC,1
NC_037343.1,NC_032665.1,59065370,56865321,56865340,G,GAAGGTAGGCTGCTATGGCA,19
NC_037343.1,NC_032665.1,59082329,56882299,56882303,a,aNNNN,4
NC_037343.1,NC_032665.1,59090898,56890873,56890874,a,aW,1
NC_037343.1,NC_032665.1,59113666,56913379,56913380,A,AG,1
NC_037343.1,NC_032665.1,59113770,56913484,56913485,T,TY,1
NC_037343.1,NC_032665.1,59115413,56915128,56915143,G,GGCCTGAGAGAGAAGC,15
NC_037343.1,NC_032665.1,59116873,56916604,56916608,t,tttGG,4
NC_037343.1,NC_032665.1,59121318,56921053,56921055,A,ACT,2
NC_037343.1,NC_032665.1,59125825,56925563,56925564,A,AT,1
NC_037343.1,NC_032665.1,59148137,56948457,56948459,a,aag,2
NC_037343.1,NC_032665.1,59148373,56948695,56948696,G,GA,1
NC_037343.1,NC_032665.1,59152667,56953005,56953011,c,cttgatt,6
NC_037343.1,NC_032665.1,59159929,56960342,56960343,T,TW,1
NC_037343.1,NC_032665.1,59179470,56979925,56979926,a,ag,1
NC_037343.1,NC_032665.1,59186289,56986744,56986745,A,AC,1
NC_037343.1,NC_032665.1,59186293,56986749,56986754,C,CCCTTA,5
NC_037343.1,NC_032665.1,59229145,57029906,57029909,a,atat,3
NC_037343.1,NC_032665.1,59232913,57033677,57033679,t,tta,2
NC_037343.1,NC_032665.1,59232919,57033685,57033686,t,ta,1
NC_037343.1,NC_032665.1,59249712,57050480,57050481,G,GR,1
NC_037343.1,NC_032665.1,59300165,57101247,57101248,A,AC,1
NC_037343.1,NC_032665.1,59304068,57105132,57105133,G,GA,1
NC_037343.1,NC_032665.1,59308623,57109674,57109675,A,AG,1
NC_037343.1,NC_032665.1,59593583,57199629,57199630,g,gc,1
NC_037343.1,NC_032665.1,59665694,57272158,57272160,A,AAC,2
NC_037343.1,NC_032665.1,59669618,57276085,57276086,a,ac,1
NC_037343.1,NC_032665.1,59698871,57305346,57305347,c,ct,1
NC_037343.1,NC_032665.1,59707042,57313518,57313519,G,GT,1
NC_037343.1,NC_032665.1,59902214,57508478,57508479,C,CT,1
NC_037343.1,NC_032665.1,60118079,57724429,57724430,G,GT,1
NC_037343.1,NC_032665.1,60124173,57730526,57730530,A,AGAGW,4
NC_037343.1,NC_032665.1,60206641,57812999,57813000,T,TC,1
NC_037343.1,NC_032665.1,60247712,57854068,57854070,g,gta,2
NC_037343.1,NC_032665.1,60288783,57895143,57895144,g,ga,1
NC_037343.1,NC_032665.1,60289310,57895672,57895673,A,AR,1
NC_037343.1,NC_032665.1,60293715,57900078,57900079,T,TY,1
NC_037343.1,NC_032665.1,60310986,57917351,57917352,c,ct,1
NC_037343.1,NC_032665.1,60311022,57917388,57917389,t,tg,1
NC_037343.1,NC_032665.1,60318011,57924324,57924325,C,CA,1
NC_037343.1,NC_032665.1,60419554,58025881,58025884,A,AGAC,3
NC_037343.1,NC_032665.1,60437336,58043666,58043668,t,taa,2
NC_037343.1,NC_032665.1,60448344,58054676,58054677,t,ta,1
NC_037343.1,NC_032665.1,60448385,58054718,58054719,c,ct,1
NC_037343.1,NC_032665.1,60610963,58230726,58230728,T,TTC,2
NC_037343.1,NC_032665.1,60613225,58232991,58232992,t,tg,1
NC_037343.1,NC_032665.1,60620039,58239803,58239804,A,AW,1
NC_037343.1,NC_032665.1,60643491,58263288,58263290,T,TTG,2
NC_037343.1,NC_032665.1,60664877,58284685,58284695,G,GGAACCTTGAA,10
NC_037343.1,NC_032665.1,60664881,58284699,58284700,G,GT,1
NC_037343.1,NC_032665.1,60668719,58288539,58288540,T,TA,1
NC_037343.1,NC_032665.1,60671102,58290909,58290915,t,tNNNNNN,6
NC_037343.1,NC_032665.1,60922313,58538362,58538363,C,CA,1
NC_037343.1,NC_032665.1,60945329,58562049,58562050,t,tc,1
NC_037343.1,NC_032665.1,60970118,58586841,58586842,c,ct,1
NC_037343.1,NC_032665.1,61057477,58674190,58674191,t,ta,1
NC_037343.1,NC_032665.1,61207084,58832872,58832873,T,TA,1
NC_037343.1,NC_032665.1,61325718,58950738,58950739,T,TW,1
NC_037343.1,NC_032665.1,61472169,59094618,59094619,T,TG,1
NC_037343.1,NC_032665.1,61486929,59109372,59109373,g,ga,1
NC_037343.1,NC_032665.1,61487439,59109882,59109886,C,CATAA,4
NC_037343.1,NC_032665.1,61490906,59113354,59113355,c,ct,1
NC_037343.1,NC_032665.1,61492114,59114566,59114567,c,ct,1
NC_037343.1,NC_032665.1,61499938,59122388,59122393,t,tgtttg,5
NC_037343.1,NC_032665.1,61509128,59131397,59131398,G,GR,1
NC_037343.1,NC_032665.1,61510049,59132320,59132321,c,ct,1
NC_037343.1,NC_032665.1,61515088,59137351,59137352,A,AC,1
NC_037343.1,NC_032665.1,61690759,59300170,59300178,g,gtgtcatgt,8
NC_037343.1,NC_032665.1,61759170,59368894,59368895,C,CA,1
NC_037343.1,NC_032665.1,61777543,59387281,59387282,G,GC,1
NC_037343.1,NC_032665.1,61777771,59387510,59387511,a,ag,1
NC_037343.1,NC_032665.1,61780114,59389852,59389853,t,tg,1
NC_037343.1,NC_032665.1,61863951,59473694,59473697,t,tcta,3
NC_037343.1,NC_032665.1,61909764,59519521,59519525,a,acagt,4
NC_037343.1,NC_032665.1,61909861,59519618,59519626,g,gtgtcatgt,8
NC_037343.1,NC_032665.1,62011835,59622092,59622097,T,TGTGGC,5
NC_037343.1,NC_032665.1,62027133,59637393,59637394,C,CY,1
NC_037343.1,NC_032665.1,62031888,59642149,59642158,t,tcaggcgctc,9
NC_037343.1,NC_032665.1,62047779,59658049,59658050,G,GT,1
NC_037343.1,NC_032665.1,62055162,59665432,59665438,A,ANNNNNN,6
NC_037343.1,NC_032665.1,62077766,59688037,59688038,C,CM,1
NC_037343.1,NC_032665.1,62078416,59688688,59688689,A,AT,1
NC_037343.1,NC_032665.1,62082413,59692685,59692689,T,TCCAC,4
NC_037343.1,NC_032665.1,62131652,59742560,59742562,T,TAA,2
NC_037343.1,NC_032665.1,62150606,59764548,59764549,G,GS,1
NC_037343.1,NC_032665.1,62152885,59766254,59766255,A,AR,1
NC_037343.1,NC_032665.1,62278429,59897771,59897774,C,CCTT,3
NC_037343.1,NC_032665.1,62393974,60012688,60012689,a,aN,1
NC_037343.1,NC_032665.1,62576270,60192084,60192085,t,tg,1
NC_037343.1,NC_032665.1,62584199,60200014,60200020,t,tgtgtgY,6
NC_037343.1,NC_032665.1,62622246,60238066,60238067,C,CT,1
NC_037343.1,NC_032665.1,62653892,60269542,60269546,C,CCTTA,4
NC_037343.1,NC_032665.1,62776605,60389226,60389227,c,ct,1
NC_037343.1,NC_032665.1,62805046,60417132,60417134,A,AAC,2
NC_037343.1,NC_032665.1,62822886,60434976,60434977,C,CY,1
NC_037343.1,NC_032665.1,62855689,60467768,60467769,A,AC,1
NC_037343.1,NC_032665.1,62863797,60475878,60475879,a,aR,1
NC_037343.1,NC_032665.1,62889089,60501170,60501174,A,ACTGT,4
NC_037343.1,NC_032665.1,62901270,60513355,60513356,A,AW,1
NC_037343.1,NC_032665.1,62903843,60515929,60515931,t,tta,2
NC_037343.1,NC_032665.1,62927266,60539359,60539360,T,TG,1
NC_037343.1,NC_032665.1,62929823,60541917,60541918,T,TY,1
NC_037343.1,NC_032665.1,62957669,60570589,60570612,C,CAACAANNNNACCTCTGCCCCAGA,23
NC_037343.1,NC_032665.1,62959782,60572728,60572729,A,AR,1
NC_037343.1,NC_032665.1,62980893,60593728,60593729,T,TG,1
NC_037343.1,NC_032665.1,62982947,60595783,60595785,c,caa,2
NC_037343.1,NC_032665.1,63019049,60631905,60631909,a,aaaac,4
NC_037343.1,NC_032665.1,63030919,60643785,60643786,A,AR,1
NC_037343.1,NC_032665.1,63033070,60645937,60645938,a,ac,1
NC_037343.1,NC_032665.1,63034257,60647123,60647124,g,ga,1
NC_037343.1,NC_032665.1,63038553,60651425,60651426,G,GT,1
NC_037343.1,NC_032665.1,63038699,60651573,60651574,A,AG,1
NC_037343.1,NC_032665.1,63067132,60680025,60680027,c,cag,2
NC_037343.1,NC_032665.1,63102582,60724190,60724201,a,acctgcatatct,11
NC_037343.1,NC_032665.1,63117533,60739158,60739159,T,TK,1
NC_037343.1,NC_032665.1,63126979,60695185,60695187,G,GGA,2
NC_037343.1,NC_032665.1,63144316,60750494,60750495,A,AT,1
NC_037343.1,NC_032665.1,63181951,60788153,60788154,C,CY,1
NC_037343.1,NC_032665.1,63182301,60788504,60788505,G,GS,1
NC_037343.1,NC_032665.1,63193202,60799408,60799409,A,AW,1
NC_037343.1,NC_032665.1,63279997,60886176,60886177,g,gt,1
NC_037343.1,NC_032665.1,63440393,60974450,60974467,g,ggaTCAAACTGATCAAac,17
NC_037343.1,NC_032665.1,63466094,61000169,61000171,T,TAC,2
NC_037343.1,NC_032665.1,63467042,61001119,61001120,G,GA,1
NC_037343.1,NC_032665.1,63567154,61101220,61101221,a,ac,1
NC_037343.1,NC_032665.1,63627410,61161483,61161493,G,GTAGTTTGTGT,10
NC_037343.1,NC_032665.1,63652542,61186641,61186642,g,ga,1
NC_037343.1,NC_032665.1,63659940,61194045,61194046,g,gc,1
NC_037343.1,NC_032665.1,63688716,61224458,61224459,T,TA,1
NC_037343.1,NC_032665.1,63688789,61224532,61224534,T,TTA,2
NC_037343.1,NC_032665.1,63707407,61243152,61243154,C,CCA,2
NC_037343.1,NC_032665.1,63777640,61313641,61313643,A,ATC,2
NC_037343.1,NC_032665.1,63777646,61313649,61313650,G,GA,1
NC_037343.1,NC_032665.1,63819727,61619089,61619090,t,tg,1
NC_037343.1,NC_032665.1,63830693,61630007,61630009,A,AAT,2
NC_037343.1,NC_032665.1,63867123,61664953,61664955,C,CAA,2
NC_037343.1,NC_032665.1,63918497,61456875,61456879,G,GTAAS,4
NC_037343.1,NC_032665.1,63976181,61513147,61513148,t,ta,1
NC_037343.1,NC_032665.1,63985372,61522393,61522394,G,GC,1
NC_037343.1,NC_032665.1,64028030,61564946,61564951,g,gactga,5
NC_037343.1,NC_032665.1,64034957,61572002,61572011,g,gccactgttt,9
NC_037343.1,NC_032665.1,64039797,61576853,61576854,C,CY,1
NC_037343.1,NC_032665.1,64078887,61732445,61732446,C,CS,1
NC_037343.1,NC_032665.1,64391916,62036261,62036262,C,CT,1
NC_037343.1,NC_032665.1,64478112,62096669,62096670,G,GT,1
NC_037343.1,NC_032665.1,64478115,62096673,62096674,C,CT,1
NC_037343.1,NC_032665.1,64478128,62096687,62096688,T,TY,1
NC_037343.1,NC_032665.1,64485439,62104004,62104005,A,AR,1
NC_037343.1,NC_032665.1,64488111,62106681,62106682,T,TK,1
NC_037343.1,NC_032665.1,64488161,62106732,62106733,g,ga,1
NC_037343.1,NC_032665.1,64488169,62106741,62106742,a,at,1
NC_037343.1,NC_032665.1,64488189,62106762,62106763,T,TA,1
NC_037343.1,NC_032665.1,64488195,62106769,62106770,C,CA,1
NC_037343.1,NC_032665.1,64488210,62106785,62106787,G,GGA,2
NC_037343.1,NC_032665.1,64490219,62108805,62108809,A,AATCG,4
NC_037343.1,NC_032665.1,64496170,62119641,62119644,g,gaga,3
NC_037343.1,NC_032665.1,64497186,62120661,62120662,g,ga,1
NC_037343.1,NC_032665.1,64497200,62120676,62120677,c,ca,1
NC_037343.1,NC_032665.1,64497263,62120740,62120741,g,ga,1
NC_037343.1,NC_032665.1,64497276,62120754,62120757,c,cttt,3
NC_037343.1,NC_032665.1,64497356,62120837,62120839,t,tta,2
NC_037343.1,NC_032665.1,64505064,62155378,62155379,g,ga,1
NC_037343.1,NC_032665.1,64505064,62123287,62123288,g,ga,1
NC_037343.1,NC_032665.1,64523377,62158294,62158295,t,tg,1
NC_037343.1,NC_032665.1,64523495,62158413,62158414,c,ct,1
NC_037343.1,NC_032665.1,64559358,62194277,62194324,T,TCAACATGAAAAAGCCGTAANNNNNNNNNNNNNNNNNNNNNNNNNNNN,47
NC_037343.1,NC_032665.1,64770973,62426183,62426186,g,gtga,3
NC_037343.1,NC_032665.1,64771011,62426224,62426237,t,tagtgactacagcc,13
NC_037343.1,NC_032665.1,64910268,62578260,62578261,C,CT,1
NC_037343.1,NC_032665.1,64920568,62588580,62588581,T,TW,1
NC_037343.1,NC_032665.1,64932441,62600454,62600455,g,ga,1
NC_037343.1,NC_032665.1,64933194,62601208,62601210,C,CAA,2
NC_037343.1,NC_032665.1,64962712,62630603,62630604,G,GT,1
NC_037343.1,NC_032665.1,65014604,62699660,62699662,G,GCT,2
NC_037343.1,NC_032665.1,65021765,62706822,62706823,G,GS,1
NC_037343.1,NC_032665.1,65190766,62872618,62872619,A,AS,1
NC_037343.1,NC_032665.1,65255430,62937252,62937253,a,ac,1
NC_037343.1,NC_032665.1,65261574,62943398,62943426,a,aggGAANNNNNNNNNNNNNNNNNNNNNNN,28
NC_037343.1,NC_032665.1,65283880,62965437,62965438,a,at,1
NC_037343.1,NC_032665.1,65327134,63008622,63008629,G,GYTGAACT,7
NC_037343.1,NC_032665.1,65349051,63030548,63030549,A,AT,1
NC_037343.1,NC_032665.1,65349091,63030589,63030590,C,CG,1
NC_037343.1,NC_032665.1,65374249,63086779,63086780,A,AC,1
NC_037343.1,NC_032665.1,65482831,63195142,63195143,A,AT,1
NC_037343.1,NC_032665.1,65507621,63219932,63219933,A,AT,1
NC_037343.1,NC_032665.1,65536307,63248620,63248621,G,GR,1
NC_037343.1,NC_032665.1,65632522,63345053,63345062,a,atatatatat,9
NC_037343.1,NC_032665.1,65677924,63390468,63390472,G,GTCTC,4
NC_037343.1,NC_032665.1,65694396,63406946,63406947,T,TY,1
NC_037343.1,NC_032665.1,65811389,63523913,63523914,G,GK,1
NC_037343.1,NC_032665.1,65946208,63673225,63673226,t,ta,1
NC_037343.1,NC_032665.1,65961575,63688594,63688621,T,TNNNNNNNNNNNNNNNNNNNNNNNNNNN,27
NC_037343.1,NC_032665.1,65964360,63691406,63691407,A,AN,1
NC_037343.1,NC_032665.1,65993653,63718490,63718491,T,TC,1
NC_037343.1,NC_032665.1,66128760,63853864,63853865,T,TK,1
NC_037343.1,NC_032665.1,66134470,63859574,63859575,C,CT,1
NC_037343.1,NC_032665.1,66155331,63880436,63880437,a,at,1
NC_037343.1,NC_032665.1,66215677,63961862,63961863,A,AC,1
NC_037343.1,NC_032665.1,66229959,63976132,63976133,a,ag,1
NC_037343.1,NC_032665.1,66299538,64045868,64045869,A,AG,1
NC_037343.1,NC_032665.1,66299837,64046168,64046169,G,GA,1
NC_037343.1,NC_032665.1,66320831,64067175,64067178,g,gaaa,3
NC_037343.1,NC_032665.1,66338935,64085280,64085281,a,ac,1
NC_037343.1,NC_032665.1,66354361,64100712,64100713,a,at,1
NC_037343.1,NC_032665.1,66354687,64101817,64101818,t,ta,1
NC_037343.1,NC_032665.1,66440345,64187487,64187488,T,TW,1
NC_037343.1,NC_032665.1,66479785,64226746,64226747,G,GA,1
NC_037343.1,NC_032665.1,66557523,64304528,64304529,a,at,1
NC_037343.1,NC_032665.1,66580130,64327149,64327150,A,AC,1
NC_037343.1,NC_032665.1,66586120,64333141,64333146,g,gtaggc,5
NC_037343.1,NC_032665.1,66587881,64334905,64334906,A,AG,1
NC_037343.1,NC_032665.1,66590153,64337178,64337179,c,ct,1
NC_037343.1,NC_032665.1,66590199,64337225,64337226,c,ct,1
NC_037343.1,NC_032665.1,66594797,64341330,64341332,a,agc,2
NC_037343.1,NC_032665.1,66597052,64343587,64343588,G,GC,1
NC_037343.1,NC_032665.1,66602419,64348957,64348959,C,CAT,2
NC_037343.1,NC_032665.1,66637758,64384305,64384306,g,gc,1
NC_037343.1,NC_032665.1,66762125,64508633,64508667,T,TTGGNNNNNNNNNNNNNNNNNNNNNNNNNNNNNNN,34
NC_037343.1,NC_032665.1,66762606,64509148,64509149,a,aW,1
NC_037343.1,NC_032665.1,66788501,64535057,64535060,t,tctc,3
NC_037343.1,NC_032665.1,66795979,64542557,64542558,a,ag,1
NC_037343.1,NC_032665.1,66801995,64548620,64548621,C,CM,1
NC_037343.1,NC_032665.1,66808146,64554774,64554778,t,taaaa,4
NC_037343.1,NC_032665.1,66826750,64575165,64575167,t,tta,2
NC_037343.1,NC_032665.1,66830029,64578450,64578454,t,tttta,4
NC_037343.1,NC_032665.1,66831026,64579458,64579459,C,CA,1
NC_037343.1,NC_032665.1,66831087,64579520,64579522,T,TAY,2
NC_037343.1,NC_032665.1,66831259,64579690,64579691,t,tg,1
NC_037343.1,NC_032665.1,66928996,64677431,64677433,T,TAC,2
NC_037343.1,NC_032665.1,66938629,64687090,64687093,a,agag,3
NC_037343.1,NC_032665.1,66990177,64738643,64738645,t,taa,2
NC_037343.1,NC_032665.1,66991154,64739625,64739640,a,agttttttagttcttt,15
NC_037343.1,NC_032665.1,67031130,64779618,64779621,a,aact,3
NC_037343.1,NC_032665.1,67124721,64873230,64873232,g,gca,2
NC_037343.1,NC_032665.1,67138192,64886708,64886709,t,tg,1
NC_037343.1,NC_032665.1,67186598,64935125,64935134,A,ATAGGTATTT,9
NC_037343.1,NC_032665.1,67189250,64937783,64937808,T,TTCTAACTGCTAGAATTAGAATGGTA,25
NC_037343.1,NC_032665.1,67205316,64953889,64953890,a,ag,1
NC_037343.1,NC_032665.1,67228502,64977091,64977092,A,AG,1
NC_037343.1,NC_032665.1,67274687,65032496,65032524,G,GCCTTACCAAAAYAGACTAAGGACAAGGR,28
NC_037343.1,NC_032665.1,67308139,65065978,65065982,A,AACAG,4
NC_037343.1,NC_032665.1,67310601,65068445,65068446,A,AR,1
NC_037343.1,NC_032665.1,67313257,65071093,65071094,T,TA,1
NC_037343.1,NC_032665.1,67529288,65286020,65286021,a,ag,1
NC_037343.1,NC_032665.1,67535628,65292360,65292361,A,AC,1
NC_037343.1,NC_032665.1,67539625,65322723,65322724,a,ac,1
NC_037343.1,NC_032665.1,67539629,65322728,65322729,t,ta,1
NC_037343.1,NC_032665.1,67573825,65357891,65357895,t,tNNNN,4
NC_037343.1,NC_032665.1,67579014,65363084,65363085,t,ta,1
NC_037343.1,NC_032665.1,67694259,65478283,65478285,A,ATT,2
NC_037343.1,NC_032665.1,67711701,65495729,65495734,a,actttt,5
NC_037343.1,NC_032665.1,67759545,65543513,65543514,a,at,1
NC_037343.1,NC_032665.1,67930133,65714356,65714359,t,tttc,3
NC_037343.1,NC_032665.1,67987356,65771582,65771584,a,aNN,2
NC_037343.1,NC_032665.1,68048517,65833053,65833054,G,GT,1
NC_037343.1,NC_032665.1,68064467,65849007,65849008,a,at,1
NC_037343.1,NC_032665.1,68064467,65887331,65887332,a,at,1
NC_037343.1,NC_032665.1,68065848,65850389,65850391,a,aNN,2
NC_037343.1,NC_032665.1,68115045,65938968,65938970,A,AAC,2
NC_037343.1,NC_032665.1,68122471,65946397,65946401,A,AANNN,4
NC_037343.1,NC_032665.1,68147374,65971563,65971564,A,AC,1
NC_037343.1,NC_032665.1,68148661,65972850,65972852,G,GGA,2
NC_037343.1,NC_032665.1,68148827,65973018,65973022,C,CGTAA,4
NC_037343.1,NC_032665.1,68192045,66016477,66016478,t,tc,1
NC_037343.1,NC_032665.1,68266412,66090842,66090843,a,aY,1
NC_037343.1,NC_032665.1,68274284,66098718,66098719,G,GA,1
NC_037343.1,NC_032665.1,68286253,66110704,66110705,a,ac,1
NC_037343.1,NC_032665.1,68286684,66111135,66111136,g,gt,1
NC_037343.1,NC_032665.1,68298139,66122963,66122965,G,GAA,2
NC_037343.1,NC_032665.1,68317649,66142049,66142050,g,gt,1
NC_037343.1,NC_032665.1,68325275,66149703,66149729,T,TCTTGAGTGCCGTGAACCGCtgagcaa,26
NC_037343.1,NC_032665.1,68352805,66177259,66177260,A,AT,1
NC_037343.1,NC_032665.1,68390225,66214687,66214688,C,CT,1
NC_037343.1,NC_032665.1,68413315,66238122,66238127,C,CTCAAT,5
NC_037343.1,NC_032665.1,68425491,66250332,66250334,a,agt,2
NC_037343.1,NC_032665.1,68430398,66255233,66255235,A,AAC,2
NC_037343.1,NC_032665.1,68432858,66257695,66257696,T,TC,1
NC_037343.1,NC_032665.1,68464716,66289562,66289563,c,ca,1
NC_037343.1,NC_032665.1,68473460,66298299,66298303,A,ACAAT,4
NC_037343.1,NC_032665.1,68524554,66349407,66349408,A,AM,1
NC_037343.1,NC_032665.1,68604237,66428888,66428889,G,GT,1
NC_037343.1,NC_032665.1,68608641,66433292,66433293,G,GK,1
NC_037343.1,NC_032665.1,68645592,66483122,66483126,A,ATAAT,4
NC_037343.1,NC_032665.1,68701862,66539860,66539861,a,aN,1
NC_037343.1,NC_032665.1,68725438,66563430,66563433,T,TAGG,3
NC_037343.1,NC_032665.1,68729828,66567823,66567824,a,ac,1
NC_037343.1,NC_032665.1,68754290,66592298,66592299,T,TN,1
NC_037343.1,NC_032665.1,68766927,66604937,66604939,C,CCA,2
NC_037343.1,NC_032665.1,68992244,66843066,66843067,A,AC,1
NC_037343.1,NC_032665.1,69075109,66925529,66925530,T,TY,1
NC_037343.1,NC_032665.1,69089893,66940682,66940686,T,TTAAA,4
NC_037343.1,NC_032665.1,69192655,67043580,67043582,G,GTA,2
NC_037343.1,NC_032665.1,69237102,67088032,67088033,C,CM,1
NC_037343.1,NC_032665.1,69251697,67102631,67102632,A,AT,1
NC_037343.1,NC_032665.1,69276502,67129280,67129281,g,gc,1
NC_037343.1,NC_032665.1,69287473,67140247,67140248,C,CA,1
NC_037343.1,NC_032665.1,69296694,67149869,67149871,a,aat,2
NC_037343.1,NC_032665.1,69372620,67225812,67225813,C,CT,1
NC_037343.1,NC_032665.1,69373566,67226759,67226760,C,CT,1
NC_037343.1,NC_032665.1,69393900,67247074,67247075,C,CT,1
NC_037343.1,NC_032665.1,69418483,67271659,67271660,T,TA,1
NC_037343.1,NC_032665.1,69418491,67271668,67271669,C,CA,1
NC_037343.1,NC_032665.1,69418511,67271689,67271690,C,CA,1
NC_037343.1,NC_032665.1,69453805,67306451,67306464,A,AATCCAGGTCTAGC,13
NC_037343.1,NC_032665.1,69453810,67306469,67306470,G,GT,1
NC_037343.1,NC_032665.1,69471760,67324447,67324471,C,CTAAATGCCCTTGTTCCTTCCCAGT,24
NC_037343.1,NC_032665.1,69593315,67446301,67446302,A,AG,1
NC_037343.1,NC_032665.1,69594196,67447184,67447185,A,AM,1
NC_037343.1,NC_032665.1,69633406,67486400,67486401,G,GK,1
NC_037343.1,NC_032665.1,69647716,67500713,67500719,t,tatatac,6
NC_037343.1,NC_032665.1,69729922,67582935,67582936,a,ac,1
NC_037343.1,NC_032665.1,69767556,67620572,67620573,t,ta,1
NC_037343.1,NC_032665.1,69855711,67708719,67708720,T,TG,1
NC_037343.1,NC_032665.1,69865489,67718502,67718535,G,GCAGATAGAGCATCATGCTCAGCAGCAAAAACAT,33
NC_037343.1,NC_032665.1,69894035,67746318,67746320,c,caa,2
NC_037343.1,NC_032665.1,69914718,67767029,67767031,a,agg,2
NC_037343.1,NC_032665.1,69915083,67767396,67767397,a,at,1
NC_037343.1,NC_032665.1,69921260,67773673,67773681,t,tggaaaaaa,8
NC_037343.1,NC_032665.1,69928371,67780801,67780804,A,ATAT,3
NC_037343.1,NC_032665.1,69935340,67787778,67787799,T,TGAGGACATAGCAATATTGAGG,21
NC_037343.1,NC_032665.1,69942315,67794775,67794776,G,GR,1
NC_037343.1,NC_032665.1,70051957,67926538,67926539,a,at,1
NC_037343.1,NC_032665.1,70188997,68064252,68064253,a,ag,1
NC_037343.1,NC_032665.1,70237638,68112897,68112899,c,cat,2
NC_037343.1,NC_032665.1,70277579,68152842,68152843,c,ct,1
NC_037343.1,NC_032665.1,70301984,68177256,68177257,C,CG,1
NC_037343.1,NC_032665.1,70319117,68196469,68196470,c,ca,1
NC_037343.1,NC_032665.1,70357718,68235067,68235068,t,tc,1
NC_037343.1,NC_032665.1,70401534,68278908,68278910,T,TTC,2
NC_037343.1,NC_032665.1,70461494,68339162,68339163,a,ag,1
NC_037343.1,NC_032665.1,70461496,68339165,68339166,c,ca,1
NC_037343.1,NC_032665.1,70464900,68342569,68342570,g,ga,1
NC_037343.1,NC_032665.1,70481649,68360008,68360012,c,cgctt,4
NC_037343.1,NC_032665.1,70504793,68382897,68382899,t,taa,2
NC_037343.1,NC_032665.1,70576789,68454361,68454362,G,GC,1
NC_037343.1,NC_032665.1,70577568,68455140,68455141,T,TA,1
NC_037343.1,NC_032665.1,70577578,68455151,68455152,C,CA,1
NC_037343.1,NC_032665.1,70670759,68582434,68582435,C,CT,1
NC_037343.1,NC_032665.1,70721327,68634367,68634369,T,TCA,2
NC_037343.1,NC_032665.1,70726254,68639013,68639014,a,ac,1
NC_037343.1,NC_032665.1,70791379,68703082,68703097,t,tacTATTCTTGTTTTG,15
NC_037343.1,NC_032665.1,70811430,68722948,68722949,c,ct,1
NC_037343.1,NC_032665.1,70834225,68745537,68745538,c,ct,1
NC_037343.1,NC_032665.1,70862353,68773669,68773670,C,CT,1
NC_037343.1,NC_032665.1,70867077,68778394,68778395,t,tg,1
NC_037343.1,NC_032665.1,70870108,68781426,68781427,t,ta,1
NC_037343.1,NC_032665.1,70910489,68860102,68860126,c,cggcCACTGAGANNNNNNNNNNNNN,24
NC_037343.1,NC_032665.1,70936923,68886562,68886578,C,CTCTGAGCACCCACCGA,16
NC_037343.1,NC_032665.1,70949724,68899302,68899304,C,CTA,2
NC_037343.1,NC_032665.1,70964265,68913847,68913848,A,AR,1
NC_037343.1,NC_032665.1,71001826,68951408,68951409,c,ct,1
NC_037343.1,NC_032665.1,71002460,68952043,68952046,a,aaac,3
NC_037343.1,NC_032665.1,71003094,68952679,68952680,C,CA,1
NC_037343.1,NC_032665.1,71005128,68954762,68954766,a,acaNN,4
NC_037343.1,NC_032665.1,71019414,68969051,68969055,g,gcaca,4
NC_037343.1,NC_032665.1,71021875,68971516,68971519,g,gagt,3
NC_037343.1,NC_032665.1,71036006,68985651,68985652,T,TC,1
NC_037343.1,NC_032665.1,71037963,68987610,68987625,C,CAGAAGCTGGGGAGAS,15
NC_037343.1,NC_032665.1,71085042,69034703,69034704,T,TC,1
NC_037343.1,NC_032665.1,71112872,69062538,69062539,G,GA,1
NC_037343.1,NC_032665.1,71223009,69168750,69168751,c,ct,1
NC_037343.1,NC_032665.1,71223036,69168778,69168779,g,ga,1
NC_037343.1,NC_032665.1,71349036,69247731,69247732,c,ct,1
NC_037343.1,NC_032665.1,71446446,69395904,69395905,G,GA,1
NC_037343.1,NC_032665.1,71457362,69406822,69406823,c,ca,1
NC_037343.1,NC_032665.1,71470419,69419883,69419885,t,tta,2
NC_037343.1,NC_032665.1,71518898,69468583,69468585,T,TTA,2
NC_037343.1,NC_032665.1,71525213,69474907,69474909,A,ACT,2
NC_037343.1,NC_032665.1,71525226,69474922,69474929,t,tttgtaaa,7
NC_037343.1,NC_032665.1,71526385,69476088,69476089,T,TC,1
NC_037343.1,NC_032665.1,71531302,69481002,69481003,A,AC,1
NC_037343.1,NC_032665.1,71544309,69494008,69494012,G,GAGAC,4
NC_037343.1,NC_032665.1,71548667,69498371,69498372,C,CM,1
NC_037343.1,NC_032665.1,71562843,69512550,69512552,g,gta,2
NC_037343.1,NC_032665.1,71563886,69513596,69513597,a,ac,1
NC_037343.1,NC_032665.1,71566300,69516012,69516013,C,CA,1
NC_037343.1,NC_032665.1,71587968,69537671,69537672,G,GC,1
NC_037343.1,NC_032665.1,71615853,69565566,69565567,g,ga,1
NC_037343.1,NC_032665.1,71660326,69609078,69609079,t,tc,1
NC_037343.1,NC_032665.1,71840432,69728096,69728100,g,gaaat,4
NC_037343.1,NC_032665.1,71886996,69774671,69774672,c,ct,1
NC_037343.1,NC_032665.1,71904559,69792232,69792233,T,TR,1
NC_037343.1,NC_032665.1,71906543,69794218,69794219,C,CM,1
NC_037343.1,NC_032665.1,71919709,69807452,69807453,c,ca,1
NC_037343.1,NC_032665.1,71993721,69883980,69883981,G,GR,1
NC_037343.1,NC_032665.1,72006392,69896666,69896671,a,atattt,5
NC_037343.1,NC_032665.1,72024503,69914539,69914541,A,AYC,2
NC_037343.1,NC_032665.1,72028672,69918717,69918718,G,GA,1
NC_037343.1,NC_032665.1,72050966,69941266,69941268,A,ATT,2
NC_037343.1,NC_032665.1,72061998,69952303,69952304,G,GA,1
NC_037343.1,NC_032665.1,72074667,69964972,69964974,a,aac,2
NC_037343.1,NC_032665.1,72113083,70003420,70003425,c,caagat,5
NC_037343.1,NC_032665.1,72126995,70017341,70017343,a,aag,2
NC_037343.1,NC_032665.1,72126995,70024149,70024151,a,aag,2
NC_037343.1,NC_032665.1,72144795,70041137,70041138,T,TY,1
NC_037343.1,NC_032665.1,72188390,70084411,70084412,T,TC,1
NC_037343.1,NC_032665.1,72192762,70088784,70088785,a,at,1
NC_037343.1,NC_032665.1,72226251,70122361,70122365,T,TAATA,4
NC_037343.1,NC_032665.1,72262942,70159992,70159993,c,ct,1
NC_037343.1,NC_032665.1,72312513,70209574,70209578,a,aggtt,4
NC_037343.1,NC_032665.1,72319202,70216266,70216267,g,gc,1
NC_037343.1,NC_032665.1,72319286,70216351,70216352,C,CT,1
NC_037343.1,NC_032665.1,72341419,70238505,70238508,T,TCTA,3
NC_037343.1,NC_032665.1,72363921,70261014,70261015,G,GA,1
NC_037343.1,NC_032665.1,72383670,70280911,70280913,C,CTA,2
NC_037343.1,NC_032665.1,72418232,70316370,70316371,A,AT,1
NC_037343.1,NC_032665.1,72538606,70472923,70472924,c,ct,1
NC_037343.1,NC_032665.1,72579969,70514333,70514335,C,CAG,2
NC_037343.1,NC_032665.1,72579972,70514338,70514339,A,AC,1
NC_037343.1,NC_032665.1,72589527,70523900,70523901,a,at,1
NC_037343.1,NC_032665.1,72596216,70530592,70530594,G,GCT,2
NC_037343.1,NC_032665.1,72611146,70545548,70545549,T,TY,1
NC_037343.1,NC_032665.1,72612401,70546804,70546806,A,ATC,2
NC_037343.1,NC_032665.1,72616992,70551395,70551396,c,ca,1
NC_037343.1,NC_032665.1,72632028,70566439,70566440,C,CA,1
NC_037343.1,NC_032665.1,72640350,70574758,70574759,t,tc,1
NC_037343.1,NC_032665.1,72642497,70576909,70576910,A,AM,1
NC_037343.1,NC_032665.1,72661571,70604391,70604392,G,GT,1
NC_037343.1,NC_032665.1,72680765,70623594,70623595,T,TY,1
NC_037343.1,NC_032665.1,72684793,70627625,70627650,G,GGCTGGGCCAGTTTCGGGAGCCAGAA,25
NC_037343.1,NC_032665.1,72751680,70686119,70686122,G,GACA,3
NC_037343.1,NC_032665.1,72769239,70703681,70703683,C,CTG,2
NC_037343.1,NC_032665.1,72782948,70716281,70716282,c,ca,1
NC_037343.1,NC_032665.1,72783724,70717058,70717059,C,CR,1
NC_037343.1,NC_032665.1,72795550,70728885,70728886,A,AT,1
NC_037343.1,NC_032665.1,72802249,70735582,70735583,a,at,1
NC_037343.1,NC_032665.1,72808038,70741371,70741374,t,taac,3
NC_037343.1,NC_032665.1,72829406,70762751,70762752,a,ac,1
NC_037343.1,NC_032665.1,72846968,70780331,70780335,a,acaac,4
NC_037343.1,NC_032665.1,72885080,70818011,70818012,A,AM,1
NC_037343.1,NC_032665.1,72886872,70819804,70819805,t,ta,1
NC_037343.1,NC_032665.1,72886880,70819813,70819814,g,ga,1
NC_037343.1,NC_032665.1,72889656,70920210,70920230,T,TGACAGCAAAGAATGTAAATG,20
NC_037343.1,NC_032665.1,72920624,70951222,70951224,t,taa,2
NC_037343.1,NC_032665.1,72951502,70982076,70982077,g,ga,1
NC_037343.1,NC_032665.1,72952333,70982908,70982909,C,CT,1
NC_037343.1,NC_032665.1,72992798,71023335,71023336,C,CA,1
NC_037343.1,NC_032665.1,72993308,71023846,71023847,C,CA,1
NC_037343.1,NC_032665.1,73106670,71135559,71135560,G,GA,1
NC_037343.1,NC_032665.1,73313405,71402267,71402277,T,TGAATACAAGA,10
NC_037343.1,NC_032665.1,73327337,71416210,71416211,G,GA,1
NC_037343.1,NC_032665.1,73340658,71429534,71429547,A,ACTGAACACAGATC,13
NC_037343.1,NC_032665.1,73340661,71429550,71429557,T,TTCATATG,7
NC_037343.1,NC_032665.1,73348413,71437311,71437312,g,gc,1
NC_037343.1,NC_032665.1,73357445,71522019,71522023,T,TATAA,4
NC_037343.1,NC_032665.1,73391227,71554146,71554147,t,ta,1
NC_037343.1,NC_032665.1,73404235,71567159,71567160,C,CT,1
NC_037343.1,NC_032665.1,73405982,71568904,71568907,t,ttgg,3
NC_037343.1,NC_032665.1,73411180,71574104,71574107,A,AGAC,3
NC_037343.1,NC_032665.1,73411334,71574261,71574266,G,GTCCGA,5
NC_037343.1,NC_032665.1,73420178,71583152,71583155,t,tagc,3
NC_037343.1,NC_032665.1,73542541,71705535,71705536,a,aW,1
NC_037343.1,NC_032665.1,73550668,71713668,71713670,C,CAS,2
NC_037343.1,NC_032665.1,73574822,71737824,71737826,a,aat,2
NC_037343.1,NC_032665.1,73576245,71739251,71739252,g,gc,1
NC_037343.1,NC_032665.1,73595798,71758810,71758817,A,ANNNNNNN,7
NC_037343.1,NC_032665.1,73682557,71845496,71845497,C,CA,1
NC_037343.1,NC_032665.1,73767032,71929863,71929864,c,cg,1
NC_037343.1,NC_032665.1,73898558,72081101,72081103,A,ATG,2
NC_037343.1,NC_032665.1,73949979,72133030,72133031,A,AM,1
NC_037343.1,NC_032665.1,73974559,72160937,72160938,A,AC,1
NC_037343.1,NC_032665.1,73975238,72161617,72161618,a,aM,1
NC_037343.1,NC_032665.1,73982471,72168854,72168856,t,tgc,2
NC_037343.1,NC_032665.1,73999269,72185655,72185656,A,AT,1
NC_037343.1,NC_032665.1,74011157,72197539,72197540,T,TY,1
NC_037343.1,NC_032665.1,74013678,72200061,72200062,C,CA,1
NC_037343.1,NC_032665.1,74027269,72215175,72215181,T,TCCCTTC,6
NC_037343.1,NC_032665.1,74088168,72276072,72276073,C,CY,1
NC_037343.1,NC_032665.1,74089694,72277596,72277600,C,CACTT,4
NC_037343.1,NC_032665.1,74089845,72277751,72277752,G,GT,1
NC_037343.1,NC_032665.1,74091734,72279639,72279640,C,CG,1
NC_037343.1,NC_032665.1,74094068,72281968,72281969,G,GT,1
NC_037343.1,NC_032665.1,74095602,72283502,72283503,t,tc,1
NC_037343.1,NC_032665.1,74124684,72312628,72312631,G,GGGT,3
NC_037343.1,NC_032665.1,74126694,72314373,72314377,T,TAAAG,4
NC_037343.1,NC_032665.1,74128736,72316413,72316414,T,TC,1
NC_037343.1,NC_032665.1,74138936,72351283,72351285,A,AAG,2
NC_037343.1,NC_032665.1,74142007,72354354,72354355,A,AT,1
NC_037343.1,NC_032665.1,74147301,72359652,72359665,c,cttcactttcactt,13
NC_037343.1,NC_032665.1,74163527,72375899,72375900,c,ct,1
NC_037343.1,NC_032665.1,74167093,72379467,72379470,g,ggaa,3
NC_037343.1,NC_032665.1,74175482,72387858,72387859,t,tW,1
NC_037343.1,NC_032665.1,74188741,72401123,72401124,t,ta,1
NC_037343.1,NC_032665.1,74219194,72431685,72431686,A,AR,1
NC_037343.1,NC_032665.1,74232052,72444543,72444544,t,tc,1
NC_037343.1,NC_032665.1,74244979,72457756,72457757,g,ga,1
NC_037343.1,NC_032665.1,74255918,72468700,72468701,G,GR,1
NC_037343.1,NC_032665.1,74265069,72477834,72477835,A,AC,1
NC_037343.1,NC_032665.1,74271599,72484377,72484378,A,AW,1
NC_037343.1,NC_032665.1,74308401,72520685,72520686,A,AC,1
NC_037343.1,NC_032665.1,74324876,72537165,72537166,G,GA,1
NC_037343.1,NC_032665.1,74331808,72544103,72544105,C,CGT,2
NC_037343.1,NC_032665.1,74370421,72597471,72597474,t,tagc,3
NC_037343.1,NC_032665.1,74388027,72615086,72615087,C,CA,1
NC_037343.1,NC_032665.1,74391060,72618119,72618123,t,tatag,4
NC_037343.1,NC_032665.1,74391149,72618212,72618213,A,AG,1
NC_037343.1,NC_032665.1,74398119,72625181,72625182,t,tc,1
NC_037343.1,NC_032665.1,74398138,72625201,72625219,a,acagaggagcctggtgagR,18
NC_037343.1,NC_032665.1,74417120,72644220,72644227,t,tatatata,7
NC_037343.1,NC_032665.1,74417124,72644231,72644238,t,tttataaa,7
NC_037343.1,NC_032665.1,74418635,72645742,72645743,c,ct,1
NC_037343.1,NC_032665.1,74418683,72645791,72645792,c,ct,1
NC_037343.1,NC_032665.1,74419289,72646397,72646398,t,tc,1
NC_037343.1,NC_032665.1,74419715,72646824,72646829,a,attact,5
NC_037343.1,NC_032665.1,74423388,72650512,72650513,a,ag,1
NC_037343.1,NC_032665.1,74425165,72652290,72652292,a,act,2
NC_037343.1,NC_032665.1,74473440,72700502,72700543,A,ANNNNNNNNNNNNNNNNNNNNNNNNNNNNNNNNNNNNNNNNN,41
NC_037343.1,NC_032665.1,74598433,72816737,72816738,T,TC,1
NC_037343.1,NC_032665.1,74619922,72838210,72838211,a,ag,1
NC_037343.1,NC_032665.1,74626535,72844828,72844841,A,ACCAGGTACTGTTT,13
NC_037343.1,NC_032665.1,74628849,72847155,72847156,c,ca,1
NC_037343.1,NC_032665.1,74688627,72907106,72907107,A,AW,1
NC_037343.1,NC_032665.1,74727948,72946422,72946423,T,TS,1
NC_037343.1,NC_032665.1,74747423,72965895,72965896,t,ta,1
NC_037343.1,NC_032665.1,74844421,73062722,73062723,t,tc,1
NC_037343.1,NC_032665.1,74865946,73084225,73084229,t,tgata,4
NC_037343.1,NC_032665.1,74871636,73090342,73090343,a,ac,1
NC_037343.1,NC_032665.1,74872051,73090758,73090774,c,ctttttccatgatccag,16
NC_037343.1,NC_032665.1,74872891,73091613,73091619,G,GTCTGAT,6
NC_037343.1,NC_032665.1,74878857,73097585,73097586,c,ca,1
NC_037343.1,NC_032665.1,74878992,73097721,73097723,g,gtt,2
NC_037343.1,NC_032665.1,74878996,73097727,73097738,c,cataactttcct,11
NC_037343.1,NC_032665.1,74898389,73117126,73117127,t,tg,1
NC_037343.1,NC_032665.1,74898603,73117341,73117343,t,taa,2
NC_037343.1,NC_032665.1,74899928,73118666,73118667,A,AM,1
NC_037343.1,NC_032665.1,74924732,73143471,73143475,t,tNNNN,4
NC_037343.1,NC_032665.1,74975857,73244388,73244389,G,GR,1
NC_037343.1,NC_032665.1,74980099,73248630,73248631,T,TG,1
NC_037343.1,NC_032665.1,74980357,73248885,73248886,a,ag,1
NC_037343.1,NC_032665.1,74993887,73262422,73262423,g,gt,1
NC_037343.1,NC_032665.1,74994858,73263394,73263396,A,AAC,2
NC_037343.1,NC_032665.1,75020308,73288783,73288785,t,tgc,2
NC_037343.1,NC_032665.1,75050391,73317392,73317393,T,TG,1
NC_037343.1,NC_032665.1,75060529,73327538,73327539,A,AG,1
NC_037343.1,NC_032665.1,75064555,73331556,73331557,t,tg,1
NC_037343.1,NC_032665.1,75065565,73332569,73332570,A,AC,1
NC_037343.1,NC_032665.1,75088719,73355732,73355733,C,CY,1
NC_037343.1,NC_032665.1,75097510,73364517,73364518,g,gc,1
NC_037343.1,NC_032665.1,75128985,73439939,73439940,G,GA,1
NC_037343.1,NC_032665.1,75138018,73448975,73448976,C,CT,1
NC_037343.1,NC_032665.1,75191540,73502327,73502328,g,ga,1
NC_037343.1,NC_032665.1,75270890,73582430,73582431,A,AC,1
NC_037343.1,NC_032665.1,75471776,73781834,73781838,a,aaaac,4
NC_037343.1,NC_032665.1,75609550,73919165,73919166,g,ga,1
NC_037343.1,NC_032665.1,75615448,73925072,73925075,g,ggac,3
NC_037343.1,NC_032665.1,75630427,73939045,73939046,g,ga,1
NC_037343.1,NC_032665.1,75652524,73961992,73961993,A,AC,1
NC_037343.1,NC_032665.1,75653400,73962870,73962871,g,gc,1
NC_037343.1,NC_032665.1,75671490,73980973,73980974,T,TA,1
NC_037343.1,NC_032665.1,75676764,73986240,73986243,t,tggg,3
NC_037343.1,NC_032665.1,75676939,73986418,73986420,a,agg,2
NC_037343.1,NC_032665.1,75681943,73991422,73991423,g,ga,1
NC_037343.1,NC_032665.1,75683023,73992503,73992504,T,TA,1
NC_037343.1,NC_032665.1,75688236,73997719,73997721,c,cca,2
NC_037343.1,NC_032665.1,75688276,73997761,73997762,t,ta,1
NC_037343.1,NC_032665.1,75724072,74033555,74033559,t,tactc,4
NC_037343.1,NC_032665.1,75730744,74040229,74040230,t,tc,1
NC_037343.1,NC_032665.1,75732176,74041661,74041663,T,TTG,2
NC_037343.1,NC_032665.1,75752809,74062291,74062293,T,TAG,2
NC_037343.1,NC_032665.1,75761377,74070861,74070868,c,caaaaaaa,7
NC_037343.1,NC_032665.1,75821236,74130106,74130107,t,ta,1
NC_037343.1,NC_032665.1,75824883,74133761,74133763,T,TTC,2
NC_037343.1,NC_032665.1,75829997,74138977,74138982,c,cgactg,5
NC_037343.1,NC_032665.1,75831278,74140262,74140264,c,cat,2
NC_037343.1,NC_032665.1,75844231,74150126,74150127,G,GA,1
NC_037343.1,NC_032665.1,75981048,74287227,74287229,c,cgt,2
NC_037343.1,NC_032665.1,75991878,74298093,74298100,a,aaaaaaac,7
NC_037343.1,NC_032665.1,76007308,74313491,74313492,t,tg,1
NC_037343.1,NC_032665.1,76009231,74315417,74315429,A,ATCTGAGGATTTT,12
NC_037343.1,NC_032665.1,76011856,74318053,74318054,C,CT,1
NC_037343.1,NC_032665.1,76012190,74318389,74318403,T,TCCARtttaaaaatg,14
NC_037343.1,NC_032665.1,76013738,74319950,74319952,c,caa,2
NC_037343.1,NC_032665.1,76016227,74322405,74322426,t,tccaggcaatccactccaggga,21
NC_037343.1,NC_032665.1,76016768,74322976,74322978,t,tta,2
NC_037343.1,NC_032665.1,76020632,74326838,74326840,T,TTC,2
NC_037343.1,NC_032665.1,76024103,74330310,74330311,G,GS,1
NC_037343.1,NC_032665.1,76029457,74335675,74335677,T,TTA,2
NC_037343.1,NC_032665.1,76034801,74341022,74341023,G,GT,1
NC_037343.1,NC_032665.1,76044018,74350247,74350249,a,aac,2
NC_037343.1,NC_032665.1,76044034,74350265,74350269,a,acccc,4
NC_037343.1,NC_032665.1,76053565,74359806,74359807,G,GT,1
NC_037343.1,NC_032665.1,76057369,74363608,74363609,A,AR,1
NC_037343.1,NC_032665.1,76061142,74367377,74367379,C,CCT,2
NC_037343.1,NC_032665.1,76070934,74377173,74377174,C,CT,1
NC_037343.1,NC_032665.1,76071111,74377351,74377352,C,CA,1
NC_037343.1,NC_032665.1,76072137,74378378,74378379,a,aR,1
NC_037343.1,NC_032665.1,76072216,74378457,74378458,t,ta,1
NC_037343.1,NC_032665.1,76072239,74378481,74378483,a,atR,2
NC_037343.1,NC_032665.1,76072255,74378499,74378500,a,ac,1
NC_037343.1,NC_032665.1,76080076,74386324,74386325,T,TC,1
NC_037343.1,NC_032665.1,76105809,74412044,74412045,t,ta,1
NC_037343.1,NC_032665.1,76186981,74493109,74493110,t,tc,1
NC_037343.1,NC_032665.1,76187869,74493994,74493995,G,GR,1
NC_037343.1,NC_032665.1,76188547,74494673,74494679,T,TTAATCA,6
NC_037343.1,NC_032665.1,76190813,74496815,74496817,C,CTT,2
NC_037343.1,NC_032665.1,76196798,74502802,74502803,C,CG,1
NC_037343.1,NC_032665.1,76196823,74502828,74502829,C,CT,1
NC_037343.1,NC_032665.1,76197142,74503148,74503149,t,tc,1
NC_037343.1,NC_032665.1,76202626,74508837,74508845,A,ACATCTCCC,8
NC_037343.1,NC_032665.1,76203370,74509589,74509590,T,TG,1
NC_037343.1,NC_032665.1,76215549,74521769,74521770,G,GR,1
NC_037343.1,NC_032665.1,76227410,74533628,74533653,C,CTAGGTCCCTGTTTAGGGAGCAGAGT,25
NC_037343.1,NC_032665.1,76252470,74558785,74558789,t,ttttg,4
NC_037343.1,NC_032665.1,76261592,74567915,74567916,c,ct,1
NC_037343.1,NC_032665.1,76261608,74567932,74567933,a,at,1
NC_037343.1,NC_032665.1,76334600,74641161,74641163,g,gcc,2
NC_037343.1,NC_032665.1,76337469,74644031,74644033,c,caa,2
NC_037343.1,NC_032665.1,76354834,74661382,74661384,g,gaa,2
NC_037343.1,NC_032665.1,76359844,74666392,74666393,C,CT,1
NC_037343.1,NC_032665.1,76372764,74679332,74679336,a,aactg,4
NC_037343.1,NC_032665.1,76398409,74707132,74707134,G,GGA,2
NC_037343.1,NC_032665.1,76442515,74752877,74752883,a,atttttt,6
NC_037343.1,NC_032665.1,76480378,74791130,74791131,T,TC,1
NC_037343.1,NC_032665.1,76491938,74802694,74802695,t,ta,1
NC_037343.1,NC_032665.1,76538246,74849328,74849337,g,gtctcctgca,9
NC_037343.1,NC_032665.1,76539316,74850407,74850413,C,CCCTGTG,6
NC_037343.1,NC_032665.1,76554031,74865171,74865175,t,ttgtc,4
NC_037343.1,NC_032665.1,76575217,74886365,74886366,g,gt,1
NC_037343.1,NC_032665.1,76591841,74903000,74903014,A,AGTCTGCCGCTCTCT,14
NC_037343.1,NC_032665.1,76592960,74904133,74904144,t,tctgtagcaAAA,11
NC_037343.1,NC_032665.1,76595158,74906357,74906359,C,CAT,2
NC_037343.1,NC_032665.1,76626727,74938262,74938263,t,tN,1
NC_037343.1,NC_032665.1,76644194,74955253,74955254,t,tg,1
NC_037343.1,NC_032665.1,76644591,74955651,74955652,c,ct,1
NC_037343.1,NC_032665.1,76646119,74957180,74957194,g,gacacacacacacac,14
NC_037343.1,NC_032665.1,76646348,74957476,74957477,T,TA,1
NC_037343.1,NC_032665.1,76718924,75057402,75057407,C,CAGTAA,5
NC_037343.1,NC_032665.1,76745997,75084515,75084517,A,ACT,2
NC_037343.1,NC_032665.1,76755998,75094515,75094517,c,cca,2
NC_037343.1,NC_032665.1,76793172,75131693,75131696,C,CCTT,3
NC_037343.1,NC_032665.1,76805121,75143642,75143644,t,tNN,2
NC_037343.1,NC_032665.1,76810214,75148738,75148741,t,ttaN,3
NC_037343.1,NC_032665.1,76827349,75165873,75165874,a,ac,1
NC_037343.1,NC_032665.1,76831518,75173638,75173639,C,CT,1
NC_037343.1,NC_032665.1,76831598,75173719,75173721,T,TCA,2
NC_037343.1,NC_032665.1,76834164,75176268,75176269,c,ct,1
NC_037343.1,NC_032665.1,76836582,75178688,75178689,C,CA,1
NC_037343.1,NC_032665.1,76849878,75192061,75192062,T,TA,1
NC_037343.1,NC_032665.1,76852014,75194198,75194199,G,GA,1
NC_037343.1,NC_032665.1,76904803,75246903,75246904,t,tc,1
NC_037343.1,NC_032665.1,76985064,75327425,75327426,A,AT,1
NC_037343.1,NC_032665.1,76985137,75327499,75327500,G,GT,1
NC_037343.1,NC_032665.1,76986938,75329299,75329300,G,GA,1
NC_037343.1,NC_032665.1,76996850,75339094,75339095,a,ac,1
NC_037343.1,NC_032665.1,76997104,75339349,75339350,c,ct,1
NC_037343.1,NC_032665.1,76997346,75339592,75339593,c,ca,1
NC_037343.1,NC_032665.1,77000160,75342400,75342405,g,gactga,5
NC_037343.1,NC_032665.1,77000812,75343057,75343058,c,ca,1
NC_037343.1,NC_032665.1,77003015,75345371,75345372,G,GC,1
NC_037343.1,NC_032665.1,77005076,75347431,75347433,T,TTA,2
NC_037343.1,NC_032665.1,77014185,75356757,75356760,A,AGAT,3
NC_037343.1,NC_032665.1,77018355,75360926,75360928,a,aac,2
NC_037343.1,NC_032665.1,77044933,75387487,75387488,t,tg,1
NC_037343.1,NC_032665.1,77047391,75389944,75389945,T,TC,1
NC_037343.1,NC_032665.1,77093871,75450740,75450742,c,cct,2
NC_037343.1,NC_032665.1,77105331,75462200,75462204,C,CTCTG,4
NC_037343.1,NC_032665.1,77110678,75467554,75467558,A,ACTGT,4
NC_037343.1,NC_032665.1,77115395,75472275,75472276,G,GN,1
NC_037343.1,NC_032665.1,77122302,75479184,75479185,T,TG,1
NC_037343.1,NC_032665.1,77143056,75499940,75499941,A,AT,1
NC_037343.1,NC_032665.1,77157773,75514661,75514689,C,CCATGCATCGTGTAGAAGATGTGCATGTG,28
NC_037343.1,NC_032665.1,77166166,75523082,75523083,C,CT,1
NC_037343.1,NC_032665.1,77182922,75539665,75539667,t,ttK,2
NC_037343.1,NC_032665.1,77251510,75608260,75608261,C,CM,1
NC_037343.1,NC_032665.1,77290418,75647165,75647166,C,CR,1
NC_037343.1,NC_032665.1,77299208,75655956,75655958,t,tag,2
NC_037343.1,NC_032665.1,77380318,75737087,75737088,g,gt,1
NC_037343.1,NC_032665.1,77404317,75761272,75761273,G,GT,1
NC_037343.1,NC_032665.1,77483678,75840754,75840756,a,att,2
NC_037343.1,NC_032665.1,77555122,75918251,75918252,C,CA,1
NC_037343.1,NC_032665.1,77614792,75977828,75977829,c,ca,1
NC_037343.1,NC_032665.1,77627025,75990065,75990066,t,tg,1
NC_037343.1,NC_032665.1,77627033,75990074,75990075,c,ca,1
NC_037343.1,NC_032665.1,77653945,76016931,76016932,C,CA,1
NC_037343.1,NC_032665.1,77708784,76071532,76071534,c,cgt,2
NC_037343.1,NC_032665.1,77709890,76072640,76072641,A,AG,1
NC_037343.1,NC_032665.1,77714233,76076963,76076966,C,CACT,3
NC_037343.1,NC_032665.1,77716346,76079079,76079081,C,CAT,2
NC_037343.1,NC_032665.1,77719471,76082206,76082207,A,AC,1
NC_037343.1,NC_032665.1,77723392,76086129,76086130,g,ga,1
NC_037343.1,NC_032665.1,77767652,76130411,76130415,C,CATGM,4
NC_037343.1,NC_032665.1,77841378,76204710,76204712,t,tNN,2
NC_037343.1,NC_032665.1,77861406,76224751,76224752,A,AG,1
NC_037343.1,NC_032665.1,77952602,76315842,76315843,T,TW,1
NC_037343.1,NC_032665.1,77967513,76330755,76330766,g,gaggaactcccc,11
NC_037343.1,NC_032665.1,78010233,76373377,76373379,t,tca,2
NC_037343.1,NC_032665.1,78010338,76373484,76373486,g,gaa,2
NC_037343.1,NC_032665.1,78021762,76384915,76384924,t,tggaaaatcc,9
NC_037343.1,NC_032665.1,78131612,76494696,76494697,C,CA,1
NC_037343.1,NC_032665.1,78169593,76532681,76532683,a,aNN,2
NC_037343.1,NC_032665.1,78181752,76544844,76544845,T,TC,1
NC_037343.1,NC_032665.1,78225994,76589090,76589154,T,TCTTCCTCTACTTATGTCACTCTCGCCGGATACACCGTNNNNNNNNNNNNNNNNNNNNNNNNNNN,64
NC_037343.1,NC_032665.1,78232325,76595485,76595486,A,AR,1
NC_037343.1,NC_032665.1,78249292,76613730,76613731,c,ca,1
NC_037343.1,NC_032665.1,78318664,76683214,76683221,a,atttcagc,7
NC_037343.1,NC_032665.1,78323368,76687930,76687931,A,AC,1
NC_037343.1,NC_032665.1,78323368,76833967,76833968,A,AC,1
NC_037343.1,NC_032665.1,78372295,76883025,76883026,A,AR,1
NC_037343.1,NC_032665.1,78445262,76908160,76908161,t,tg,1
NC_037343.1,NC_032665.1,78463229,76926137,76926138,A,AG,1
NC_037343.1,NC_032665.1,78482044,76944953,76944956,a,agag,3
NC_037343.1,NC_032665.1,78482067,76944979,76944980,a,ag,1
NC_037343.1,NC_032665.1,78482116,76945029,76945030,t,tg,1
NC_037343.1,NC_032665.1,78506809,76969676,76969677,c,ct,1
NC_037343.1,NC_032665.1,78507380,76970248,76970249,c,ct,1
NC_037343.1,NC_032665.1,78525113,76988198,76988199,a,ag,1
NC_037343.1,NC_032665.1,78527559,76990645,76990646,A,AW,1
NC_037343.1,NC_032665.1,78529871,76993003,76993004,c,ca,1
NC_037343.1,NC_032665.1,78556124,77019247,77019248,t,tc,1
NC_037343.1,NC_032665.1,78560569,77023698,77023699,C,CT,1
NC_037343.1,NC_032665.1,78596877,77060003,77060005,A,AAG,2
NC_037343.1,NC_032665.1,78735595,77248181,77248182,A,AG,1
NC_037343.1,NC_032665.1,78789586,77302024,77302026,t,tac,2
NC_037343.1,NC_032665.1,78794862,77307302,77307304,C,CTT,2
NC_037343.1,NC_032665.1,78794867,77307309,77307310,C,CT,1
NC_037343.1,NC_032665.1,78796238,77308683,77308684,t,tg,1
NC_037343.1,NC_032665.1,78807466,77321322,77321323,G,GC,1
NC_037343.1,NC_032665.1,78906553,77552471,77552472,C,CS,1
NC_037343.1,NC_032665.1,78993073,77639439,77639443,T,TTATC,4
NC_037343.1,NC_032665.1,79016425,77662553,77662554,A,AG,1
NC_037343.1,NC_032665.1,79025383,77671365,77671366,C,CS,1
NC_037343.1,NC_032665.1,79025802,77671784,77671785,T,TG,1
