Reference ID,Query ID,Reference POS,Query POS,Query END,REF,ALT,SVLEN
NC_037338.1,NC_032660.1,158033,156074,156075,C,CT,1
NC_037338.1,NC_032660.1,164277,162361,162365,t,tagac,4
NC_037338.1,NC_032660.1,199608,197256,197257,a,at,1
NC_037338.1,NC_032660.1,211890,209534,209535,T,TC,1
NC_037338.1,NC_032660.1,216041,213687,213688,t,tc,1
NC_037338.1,NC_032660.1,227432,225065,225066,A,AG,1
NC_037338.1,NC_032660.1,227757,225391,225392,t,ta,1
NC_037338.1,NC_032660.1,228874,226509,226510,t,tg,1
NC_037338.1,NC_032660.1,229388,227024,227025,t,ta,1
NC_037338.1,NC_032660.1,239114,236752,236753,T,TY,1
NC_037338.1,NC_032660.1,240116,237755,237757,A,AAT,2
NC_037338.1,NC_032660.1,241146,238787,238790,g,gggt,3
NC_037338.1,NC_032660.1,242367,240011,240012,T,TA,1
NC_037338.1,NC_032660.1,244075,241744,241745,G,GC,1
NC_037338.1,NC_032660.1,309370,307057,307059,G,GAT,2
NC_037338.1,NC_032660.1,311246,308937,308938,G,GA,1
NC_037338.1,NC_032660.1,311869,309561,309565,a,atcag,4
NC_037338.1,NC_032660.1,311873,309569,309582,g,gatcttttggagaa,13
NC_037338.1,NC_032660.1,339023,336738,336739,t,tc,1
NC_037338.1,NC_032660.1,412378,410059,410060,c,ca,1
NC_037338.1,NC_032660.1,428730,426416,426417,G,GT,1
NC_037338.1,NC_032660.1,441614,439300,439301,T,TG,1
NC_037338.1,NC_032660.1,443715,441402,441403,A,AT,1
NC_037338.1,NC_032660.1,498751,499328,499329,a,ag,1
NC_037338.1,NC_032660.1,498756,499334,499335,t,tC,1
NC_037338.1,NC_032660.1,611901,612472,612473,A,AT,1
NC_037338.1,NC_032660.1,682900,683468,683471,G,GAGC,3
NC_037338.1,NC_032660.1,692303,692876,692880,A,ATGGC,4
NC_037338.1,NC_032660.1,708963,766378,766379,A,AC,1
NC_037338.1,NC_032660.1,723994,781138,781140,c,cCT,2
NC_037338.1,NC_032660.1,755159,813997,813998,G,GA,1
NC_037338.1,NC_032660.1,789001,847861,847862,g,gc,1
NC_037338.1,NC_032660.1,792203,851064,851065,G,GT,1
NC_037338.1,NC_032660.1,799057,857607,857609,t,tag,2
NC_037338.1,NC_032660.1,804326,862865,862866,T,TA,1
NC_037338.1,NC_032660.1,831110,889656,889657,t,ta,1
NC_037338.1,NC_032660.1,836464,895003,895004,C,CM,1
NC_037338.1,NC_032660.1,1080618,1142665,1142679,C,CTCAAAGAAAGTTTA,14
NC_037338.1,NC_032660.1,1080864,1142925,1142929,t,ttgtg,4
NC_037338.1,NC_032660.1,1080908,1142973,1142974,c,ct,1
NC_037338.1,NC_032660.1,1082082,1144148,1144150,A,AGT,2
NC_037338.1,NC_032660.1,1106521,1168597,1168599,c,cct,2
NC_037338.1,NC_032660.1,1143148,1205223,1205224,A,AC,1
NC_037338.1,NC_032660.1,1249227,1311192,1311196,t,tNNNN,4
NC_037338.1,NC_032660.1,1272026,1333998,1334001,a,aaat,3
NC_037338.1,NC_032660.1,1312372,1374663,1374666,a,aatt,3
NC_037338.1,NC_032660.1,1315361,1377655,1377656,G,GS,1
NC_037338.1,NC_032660.1,1329921,1391862,1391866,A,ATCTC,4
NC_037338.1,NC_032660.1,1435618,1500246,1500247,a,ag,1
NC_037338.1,NC_032660.1,1441540,1506169,1506172,g,gatt,3
NC_037338.1,NC_032660.1,1442983,1507611,1507615,C,CTGCT,4
NC_037338.1,NC_032660.1,1474775,1539421,1539423,C,CGG,2
NC_037338.1,NC_032660.1,1571892,1636915,1636916,c,ct,1
NC_037338.1,NC_032660.1,1620810,1686278,1686279,T,TA,1
NC_037338.1,NC_032660.1,1629423,1694892,1694893,C,CT,1
NC_037338.1,NC_032660.1,1641874,1707343,1707374,A,ACTCTTGTTGTAGACACATTCTTCTCTGTACT,31
NC_037338.1,NC_032660.1,1645636,1711135,1711136,T,TA,1
NC_037338.1,NC_032660.1,1649670,1715179,1715180,T,TC,1
NC_037338.1,NC_032660.1,1687372,1753609,1753616,a,agttggct,7
NC_037338.1,NC_032660.1,1800336,2051752,2051777,C,CACAGGCCTGTTTGATCAGGGTCCTT,25
NC_037338.1,NC_032660.1,1834581,1954019,1954023,a,atgtg,4
NC_037338.1,NC_032660.1,1867306,1986295,1986296,A,AC,1
NC_037338.1,NC_032660.1,1867306,2176066,2176067,A,AC,1
NC_037338.1,NC_032660.1,1945079,2185976,2185977,A,AC,1
NC_037338.1,NC_032660.1,1945907,2186805,2186806,C,CT,1
NC_037338.1,NC_032660.1,2002156,2243057,2243058,C,CA,1
NC_037338.1,NC_032660.1,2033312,2274224,2274225,C,CG,1
NC_037338.1,NC_032660.1,2034672,2275571,2275572,G,GC,1
NC_037338.1,NC_032660.1,2034678,2275578,2275579,C,CT,1
NC_037338.1,NC_032660.1,2042115,2283016,2283027,A,ACACAGACAGTM,11
NC_037338.1,NC_032660.1,2069116,2309993,2309994,G,GT,1
NC_037338.1,NC_032660.1,2086231,2327129,2327136,g,gggtcttt,7
NC_037338.1,NC_032660.1,2098920,2374212,2374213,C,CM,1
NC_037338.1,NC_032660.1,2109947,2385050,2385051,a,ag,1
NC_037338.1,NC_032660.1,2118826,2393931,2393943,t,tatatatNNataa,12
NC_037338.1,NC_032660.1,2131036,2406152,2406155,A,AGTT,3
NC_037338.1,NC_032660.1,2136827,2411949,2411950,T,TY,1
NC_037338.1,NC_032660.1,2141889,2417039,2417040,t,tc,1
NC_037338.1,NC_032660.1,2147629,2422800,2422801,C,CG,1
NC_037338.1,NC_032660.1,2153991,2429161,2429169,G,GCCTCCCTC,8
NC_037338.1,NC_032660.1,2159231,2435121,2435122,t,tc,1
NC_037338.1,NC_032660.1,2177404,2454023,2454024,a,ag,1
NC_037338.1,NC_032660.1,2200268,2477773,2477777,T,TGGCY,4
NC_037338.1,NC_032660.1,2216043,2493554,2493555,C,CT,1
NC_037338.1,NC_032660.1,2224795,2502310,2502318,t,ttatatata,8
NC_037338.1,NC_032660.1,2238103,2515619,2515620,G,GS,1
NC_037338.1,NC_032660.1,2381718,2659032,2659033,G,GR,1
NC_037338.1,NC_032660.1,2383660,2660974,2660980,G,GGGGACC,6
NC_037338.1,NC_032660.1,2383936,2661256,2661257,C,CG,1
NC_037338.1,NC_032660.1,2393601,2670925,2670926,T,TC,1
NC_037338.1,NC_032660.1,2397900,2675224,2675226,a,aaW,2
NC_037338.1,NC_032660.1,2425059,2702384,2702403,C,CACCCGCGCCGCTACCCSCT,19
NC_037338.1,NC_032660.1,2426023,2703367,2703368,G,GC,1
NC_037338.1,NC_032660.1,2434206,2711549,2711550,T,TC,1
NC_037338.1,NC_032660.1,2447719,2725521,2725522,C,CA,1
NC_037338.1,NC_032660.1,2661612,2938062,2938064,G,GGT,2
NC_037338.1,NC_032660.1,2668332,2944784,2944785,c,ca,1
NC_037338.1,NC_032660.1,2670560,2947013,2947014,C,CG,1
NC_037338.1,NC_032660.1,2722978,2999430,2999431,C,CY,1
NC_037338.1,NC_032660.1,2735350,3011799,3011800,T,TC,1
NC_037338.1,NC_032660.1,2760987,3037439,3037442,T,TTTC,3
NC_037338.1,NC_032660.1,2762487,3038933,3038935,G,GAA,2
NC_037338.1,NC_032660.1,2775460,3051982,3051983,a,ag,1
NC_037338.1,NC_032660.1,2775470,3051993,3051994,t,ta,1
NC_037338.1,NC_032660.1,2780539,3057063,3057066,c,catg,3
NC_037338.1,NC_032660.1,2781435,3057961,3057962,a,aR,1
NC_037338.1,NC_032660.1,2840315,3145057,3145061,g,gctct,4
NC_037338.1,NC_032660.1,2888590,3193370,3193376,a,aacacac,6
NC_037338.1,NC_032660.1,2891949,3196737,3196738,A,AC,1
NC_037338.1,NC_032660.1,2903499,3208311,3208312,C,CY,1
NC_037338.1,NC_032660.1,2906270,3211083,3211084,C,CY,1
NC_037338.1,NC_032660.1,2922696,3227542,3227545,G,GGGA,3
NC_037338.1,NC_032660.1,2930233,3235085,3235086,t,tc,1
NC_037338.1,NC_032660.1,2997336,3275560,3275561,t,ta,1
NC_037338.1,NC_032660.1,3014891,3293537,3293538,T,TM,1
NC_037338.1,NC_032660.1,3017378,3296028,3296029,C,CT,1
NC_037338.1,NC_032660.1,3022414,3301064,3301065,t,tg,1
NC_037338.1,NC_032660.1,3073069,3351677,3351678,a,ac,1
NC_037338.1,NC_032660.1,3083721,3362329,3362330,t,tc,1
NC_037338.1,NC_032660.1,3100710,3379447,3379450,t,tttg,3
NC_037338.1,NC_032660.1,3209837,3488615,3488617,A,AAG,2
NC_037338.1,NC_032660.1,3216357,3495137,3495138,t,ta,1
NC_037338.1,NC_032660.1,3226905,3505686,3505689,t,tctg,3
NC_037338.1,NC_032660.1,3247541,3526444,3526445,t,ta,1
NC_037338.1,NC_032660.1,3265287,3544170,3544176,G,GGCATGC,6
NC_037338.1,NC_032660.1,3266161,3545050,3545051,A,AT,1
NC_037338.1,NC_032660.1,3335983,3606907,3606908,a,ac,1
NC_037338.1,NC_032660.1,3342116,3613041,3613042,g,ga,1
NC_037338.1,NC_032660.1,3370385,3641311,3641312,G,GA,1
NC_037338.1,NC_032660.1,3411184,3682343,3682347,a,aaCTN,4
NC_037338.1,NC_032660.1,3453477,3724647,3724648,T,TC,1
NC_037338.1,NC_032660.1,3515774,3787557,3787560,a,attg,3
NC_037338.1,NC_032660.1,3518620,3790338,3790339,t,tg,1
NC_037338.1,NC_032660.1,3525647,3797371,3797377,a,aggctat,6
NC_037338.1,NC_032660.1,3528472,3800213,3800217,a,aaaag,4
NC_037338.1,NC_032660.1,3533135,3804875,3804876,C,CA,1
NC_037338.1,NC_032660.1,3534519,3806260,3806261,A,AC,1
NC_037338.1,NC_032660.1,3540046,3811788,3811797,C,CCTGTAGTAG,9
NC_037338.1,NC_032660.1,3542399,3814148,3814149,a,at,1
NC_037338.1,NC_032660.1,3544705,3816454,3816455,a,at,1
NC_037338.1,NC_032660.1,3580204,3851998,3851999,A,AR,1
NC_037338.1,NC_032660.1,3581166,3852961,3852964,T,TKTY,3
NC_037338.1,NC_032660.1,3597865,3869643,3869644,C,CY,1
NC_037338.1,NC_032660.1,3607186,3878974,3878975,A,AG,1
NC_037338.1,NC_032660.1,3646180,3918014,3918015,c,ct,1
NC_037338.1,NC_032660.1,3648136,3919971,3919973,t,taa,2
NC_037338.1,NC_032660.1,3758943,4030377,4030378,C,CY,1
NC_037338.1,NC_032660.1,3761376,4032812,4032813,G,GA,1
NC_037338.1,NC_032660.1,3782997,4054434,4054437,G,GTTC,3
NC_037338.1,NC_032660.1,3793764,4065204,4065205,G,GT,1
NC_037338.1,NC_032660.1,3823493,4094742,4094744,a,agt,2
NC_037338.1,NC_032660.1,3823840,4095090,4095092,G,GAA,2
NC_037338.1,NC_032660.1,3828378,4099630,4099632,T,TTR,2
NC_037338.1,NC_032660.1,3831391,4102644,4102645,T,TA,1
NC_037338.1,NC_032660.1,3842519,4113773,4113774,A,AG,1
NC_037338.1,NC_032660.1,3848018,4119275,4119280,A,ATGAAG,5
NC_037338.1,NC_032660.1,3853044,4124307,4124322,T,TGTTATGACTGGATAA,15
NC_037338.1,NC_032660.1,4016163,4211809,4211810,T,TY,1
NC_037338.1,NC_032660.1,4051948,4234973,4234979,a,aaaaaac,6
NC_037338.1,NC_032660.1,4072251,4255736,4255737,t,ta,1
NC_037338.1,NC_032660.1,4081361,4264851,4264852,T,TA,1
NC_037338.1,NC_032660.1,4100956,4284218,4284221,C,CTAT,3
NC_037338.1,NC_032660.1,4193863,4377531,4377532,c,ca,1
NC_037338.1,NC_032660.1,4205543,4389212,4389214,A,ATC,2
NC_037338.1,NC_032660.1,4221890,4405563,4405564,a,ac,1
NC_037338.1,NC_032660.1,4285872,4469541,4469543,a,act,2
NC_037338.1,NC_032660.1,4289724,4473395,4473396,G,GC,1
NC_037338.1,NC_032660.1,4302343,4486009,4486025,C,CCCACAATTGTATTTGA,16
NC_037338.1,NC_032660.1,4366581,4550265,4550266,T,TG,1
NC_037338.1,NC_032660.1,4398808,4582198,4582199,G,GC,1
NC_037338.1,NC_032660.1,4406438,4589841,4589842,T,TA,1
NC_037338.1,NC_032660.1,4406441,4589845,4589846,G,GA,1
NC_037338.1,NC_032660.1,4406451,4589856,4589857,C,CY,1
NC_037338.1,NC_032660.1,4406867,4590273,4590274,T,TG,1
NC_037338.1,NC_032660.1,4407982,4591389,4591391,t,ttg,2
NC_037338.1,NC_032660.1,4411359,4594769,4594770,T,TC,1
NC_037338.1,NC_032660.1,4430108,4613529,4613530,g,gt,1
NC_037338.1,NC_032660.1,4450049,4633587,4633588,A,AG,1
NC_037338.1,NC_032660.1,4470195,4653735,4653736,G,GT,1
NC_037338.1,NC_032660.1,4472170,4655712,4655714,C,CAA,2
NC_037338.1,NC_032660.1,4473571,4657113,4657114,g,ga,1
NC_037338.1,NC_032660.1,4474883,4658426,4658428,T,TGY,2
NC_037338.1,NC_032660.1,4476297,4659844,4659845,g,gK,1
NC_037338.1,NC_032660.1,4480022,4663571,4663573,A,AAG,2
NC_037338.1,NC_032660.1,4506282,4689831,4689832,t,ta,1
NC_037338.1,NC_032660.1,4506463,4690013,4690014,c,ct,1
NC_037338.1,NC_032660.1,4530421,4713126,4713127,C,CM,1
NC_037338.1,NC_032660.1,4532316,4715022,4715026,G,GAGGA,4
NC_037338.1,NC_032660.1,4533563,4716274,4716279,T,TGAGGA,5
NC_037338.1,NC_032660.1,4536944,4719695,4719715,G,GAGAAAGTGGATTTTCCCAAC,20
NC_037338.1,NC_032660.1,4539064,4721835,4721836,A,AG,1
NC_037338.1,NC_032660.1,4639056,4751843,4751844,A,AM,1
NC_037338.1,NC_032660.1,4709766,4822332,4822334,T,TTC,2
NC_037338.1,NC_032660.1,4732364,4844939,4844942,g,gggt,3
NC_037338.1,NC_032660.1,4769683,4882257,4882259,t,ttc,2
NC_037338.1,NC_032660.1,4773276,4885849,4885851,a,aac,2
NC_037338.1,NC_032660.1,4777246,4889825,4889826,t,tg,1
NC_037338.1,NC_032660.1,4803064,4915648,4915649,T,TC,1
NC_037338.1,NC_032660.1,4805899,4918482,4918483,c,ct,1
NC_037338.1,NC_032660.1,4859619,4972058,4972059,A,AW,1
NC_037338.1,NC_032660.1,4949798,5061434,5061447,C,CGCANNGCATCACY,13
NC_037338.1,NC_032660.1,4950573,5062222,5062223,A,AR,1
NC_037338.1,NC_032660.1,4954192,5065843,5065847,A,AGGGG,4
NC_037338.1,NC_032660.1,4955241,5066906,5066907,C,CA,1
NC_037338.1,NC_032660.1,4978004,5088951,5088952,a,ac,1
NC_037338.1,NC_032660.1,4981941,5092888,5092889,T,TC,1
NC_037338.1,NC_032660.1,5058858,5169808,5169809,a,at,1
NC_037338.1,NC_032660.1,5100702,5211432,5211433,T,TC,1
NC_037338.1,NC_032660.1,5108919,5219651,5219652,T,TW,1
NC_037338.1,NC_032660.1,5109065,5219800,5219801,A,AM,1
NC_037338.1,NC_032660.1,5144625,5255365,5255366,g,gc,1
NC_037338.1,NC_032660.1,5147967,5258708,5258709,t,ta,1
NC_037338.1,NC_032660.1,5171872,5282609,5282610,A,AR,1
NC_037338.1,NC_032660.1,5171934,5282672,5282673,G,GR,1
NC_037338.1,NC_032660.1,5181202,5291995,5291996,G,GA,1
NC_037338.1,NC_032660.1,5184977,5295769,5295771,A,AAG,2
NC_037338.1,NC_032660.1,5193537,5304331,5304332,T,TS,1
NC_037338.1,NC_032660.1,5217160,5327954,5327956,t,tta,2
NC_037338.1,NC_032660.1,5227330,5338129,5338130,a,ag,1
NC_037338.1,NC_032660.1,5269389,5380189,5380190,C,CT,1
NC_037338.1,NC_032660.1,5290820,5401642,5401646,t,ttgga,4
NC_037338.1,NC_032660.1,5300722,5409386,5409387,C,CR,1
NC_037338.1,NC_032660.1,5307657,5416324,5416325,t,tg,1
NC_037338.1,NC_032660.1,5374616,5512849,5512852,t,ttgc,3
NC_037338.1,NC_032660.1,5376785,5515021,5515026,T,TATCTA,5
NC_037338.1,NC_032660.1,5420468,5558459,5558462,C,CTGA,3
NC_037338.1,NC_032660.1,5431817,5569804,5569809,a,aacacW,5
NC_037338.1,NC_032660.1,5455797,5593783,5593786,a,aaac,3
NC_037338.1,NC_032660.1,5457313,5595300,5595303,T,TTAA,3
NC_037338.1,NC_032660.1,5457672,5595662,5595672,T,TAAGCAACTAA,10
NC_037338.1,NC_032660.1,5459899,5597900,5597901,T,TC,1
NC_037338.1,NC_032660.1,5459942,5597944,5597945,G,GT,1
NC_037338.1,NC_032660.1,5462448,5600445,5600457,g,gagcagacagact,12
NC_037338.1,NC_032660.1,5465617,5603627,5603628,t,ta,1
NC_037338.1,NC_032660.1,5506183,5643983,5643984,G,GK,1
NC_037338.1,NC_032660.1,5520381,5658186,5658187,C,CG,1
NC_037338.1,NC_032660.1,5651684,5790099,5790100,G,GC,1
NC_037338.1,NC_032660.1,5655271,5793699,5793700,c,ca,1
NC_037338.1,NC_032660.1,5663989,5802417,5802418,G,GR,1
NC_037338.1,NC_032660.1,5664991,5803420,5803421,G,GT,1
NC_037338.1,NC_032660.1,5668069,5806499,5806500,a,aR,1
NC_037338.1,NC_032660.1,5678370,5816799,5816800,A,AC,1
NC_037338.1,NC_032660.1,5706509,5844943,5844944,t,ta,1
NC_037338.1,NC_032660.1,5731400,5870398,5870399,A,AC,1
NC_037338.1,NC_032660.1,5736969,5875962,5875963,T,TC,1
NC_037338.1,NC_032660.1,5751999,5890902,5890903,a,ac,1
NC_037338.1,NC_032660.1,5770533,5908888,5908890,G,GGA,2
NC_037338.1,NC_032660.1,5798717,5935985,5935988,C,CCCA,3
NC_037338.1,NC_032660.1,5815265,5952431,5952432,T,TC,1
NC_037338.1,NC_032660.1,5838135,5975417,5975418,G,GA,1
NC_037338.1,NC_032660.1,5874944,6012012,6012051,a,aggctctagagcacatgggcttcggtagctgtggctgccg,39
NC_037338.1,NC_032660.1,5883447,6020560,6020562,G,GGT,2
NC_037338.1,NC_032660.1,5884290,6021406,6021415,g,gacactgttt,9
NC_037338.1,NC_032660.1,5886417,6023542,6023543,a,ac,1
NC_037338.1,NC_032660.1,5907397,6044185,6044195,T,TTCTCTTGTTA,10
NC_037338.1,NC_032660.1,5908269,6045067,6045068,C,CR,1
NC_037338.1,NC_032660.1,5919325,6056128,6056129,C,CG,1
NC_037338.1,NC_032660.1,5919360,6056164,6056166,C,CAG,2
NC_037338.1,NC_032660.1,5920613,6057419,6057423,A,ATART,4
NC_037338.1,NC_032660.1,6000317,6158928,6158929,G,GR,1
NC_037338.1,NC_032660.1,6015528,6174148,6174149,G,GS,1
NC_037338.1,NC_032660.1,6031575,6190195,6190202,t,tcagaaga,7
NC_037338.1,NC_032660.1,6035154,6193781,6193782,G,GR,1
NC_037338.1,NC_032660.1,6035323,6193951,6193952,G,GK,1
NC_037338.1,NC_032660.1,6036361,6194990,6194991,A,AG,1
NC_037338.1,NC_032660.1,6041229,6199858,6199859,T,TC,1
NC_037338.1,NC_032660.1,6047012,6205643,6205659,A,ANNNNNNNNNNNNNNNN,16
NC_037338.1,NC_032660.1,6064545,6223192,6223193,G,GT,1
NC_037338.1,NC_032660.1,6086741,6245213,6245214,t,ta,1
NC_037338.1,NC_032660.1,6110884,6269361,6269362,G,GA,1
NC_037338.1,NC_032660.1,6123901,6282393,6282394,a,ag,1
NC_037338.1,NC_032660.1,6123915,6282408,6282410,a,aat,2
NC_037338.1,NC_032660.1,6124383,6282878,6282880,t,ttg,2
NC_037338.1,NC_032660.1,6125045,6283542,6283572,g,gatggactggctggatctccttgcagtccaa,30
NC_037338.1,NC_032660.1,6139665,6297827,6297828,T,TY,1
NC_037338.1,NC_032660.1,6151205,6309367,6309368,a,ag,1
NC_037338.1,NC_032660.1,6164312,6322489,6322490,g,ga,1
NC_037338.1,NC_032660.1,6201037,6359237,6359238,A,AC,1
NC_037338.1,NC_032660.1,6205155,6363355,6363356,C,CT,1
NC_037338.1,NC_032660.1,6205881,6364083,6364084,C,CK,1
NC_037338.1,NC_032660.1,6208882,6367083,6367085,C,CCS,2
NC_037338.1,NC_032660.1,6210659,6368862,6368864,T,TTC,2
NC_037338.1,NC_032660.1,6210684,6368889,6368890,c,ct,1
NC_037338.1,NC_032660.1,6210945,6369151,6369152,t,tg,1
NC_037338.1,NC_032660.1,6211275,6369482,6369517,a,aaaaggtccgttttctttccaatcccaaagaaaggc,35
NC_037338.1,NC_032660.1,6211885,6370127,6370128,a,at,1
NC_037338.1,NC_032660.1,6218697,6376933,6376944,g,ggactttccttt,11
NC_037338.1,NC_032660.1,6237269,6395498,6395505,a,aaaagggg,7
NC_037338.1,NC_032660.1,6238000,6396236,6396239,g,gcat,3
NC_037338.1,NC_032660.1,6245746,6403969,6403970,a,at,1
NC_037338.1,NC_032660.1,6249591,6407812,6407813,A,AR,1
NC_037338.1,NC_032660.1,6281488,6439703,6439704,c,cg,1
NC_037338.1,NC_032660.1,6281737,6439953,6439955,C,CAT,2
NC_037338.1,NC_032660.1,6297626,6455856,6455857,G,GT,1
NC_037338.1,NC_032660.1,6299005,6456108,6456109,a,ac,1
NC_037338.1,NC_032660.1,6301694,6458791,6458800,T,TCCTGTGACG,9
NC_037338.1,NC_032660.1,6311948,6469060,6469061,C,CA,1
NC_037338.1,NC_032660.1,6313982,6471095,6471096,T,TC,1
NC_037338.1,NC_032660.1,6320081,6477124,6477125,t,ta,1
NC_037338.1,NC_032660.1,6332211,6489260,6489270,t,taaatatataa,10
NC_037338.1,NC_032660.1,6359599,6516674,6516675,c,ca,1
NC_037338.1,NC_032660.1,6364937,6522014,6522017,C,CCCT,3
NC_037338.1,NC_032660.1,6480032,6631077,6631078,a,ag,1
NC_037338.1,NC_032660.1,6503833,6654279,6654280,g,gt,1
NC_037338.1,NC_032660.1,6514454,6664904,6664906,t,taa,2
NC_037338.1,NC_032660.1,6524764,6675221,6675222,G,GA,1
NC_037338.1,NC_032660.1,6592836,6744086,6744095,G,GGAGGAGCCC,9
NC_037338.1,NC_032660.1,6593970,6745242,6745243,g,gt,1
NC_037338.1,NC_032660.1,6709580,6914554,6914555,t,tc,1
NC_037338.1,NC_032660.1,6714374,6919350,6919353,G,GCTT,3
NC_037338.1,NC_032660.1,6718856,6923416,6923439,g,gtccgacacaactgaagcgactta,23
NC_037338.1,NC_032660.1,6730996,6935580,6935582,c,cag,2
NC_037338.1,NC_032660.1,6763311,6963960,6963961,g,gc,1
NC_037338.1,NC_032660.1,6796733,6997260,6997261,t,tc,1
NC_037338.1,NC_032660.1,6796740,6997268,6997269,t,tg,1
NC_037338.1,NC_032660.1,6847161,7052217,7052218,a,ac,1
NC_037338.1,NC_032660.1,6928390,7144022,7144023,a,at,1
NC_037338.1,NC_032660.1,6930218,7145850,7145851,g,gt,1
NC_037338.1,NC_032660.1,6934596,7150224,7150225,C,CT,1
NC_037338.1,NC_032660.1,6985453,7155340,7155341,a,ag,1
NC_037338.1,NC_032660.1,6987688,7157576,7157577,a,at,1
NC_037338.1,NC_032660.1,6991314,7161186,7161187,a,ag,1
NC_037338.1,NC_032660.1,6992091,7161967,7161968,a,ac,1
NC_037338.1,NC_032660.1,7013111,7182991,7182993,g,gga,2
NC_037338.1,NC_032660.1,7158746,7366264,7366265,c,ct,1
NC_037338.1,NC_032660.1,7305593,7512507,7512508,T,TA,1
NC_037338.1,NC_032660.1,7312143,7519059,7519060,T,TG,1
NC_037338.1,NC_032660.1,7383150,7589568,7589569,T,TA,1
NC_037338.1,NC_032660.1,7383591,7589832,7589833,C,CA,1
NC_037338.1,NC_032660.1,7456651,7662858,7662860,t,tNN,2
NC_037338.1,NC_032660.1,7474248,7680458,7680459,T,TG,1
NC_037338.1,NC_032660.1,7492401,7698625,7698631,G,GACTTTC,6
NC_037338.1,NC_032660.1,7494201,7700435,7700440,t,ttcaaa,5
NC_037338.1,NC_032660.1,7495467,7701706,7701707,g,gc,1
NC_037338.1,NC_032660.1,7496292,7702533,7702534,c,ca,1
NC_037338.1,NC_032660.1,7496300,7702542,7702543,c,ca,1
NC_037338.1,NC_032660.1,7539951,7746186,7746187,c,cg,1
NC_037338.1,NC_032660.1,7551526,7757761,7757762,g,ga,1
NC_037338.1,NC_032660.1,7553109,7759334,7759335,C,CY,1
NC_037338.1,NC_032660.1,7576450,7782668,7782670,t,ttc,2
NC_037338.1,NC_032660.1,7579552,7785767,7785768,C,CA,1
NC_037338.1,NC_032660.1,7593264,7799471,7799472,g,ga,1
NC_037338.1,NC_032660.1,7615137,7821384,7821385,C,CA,1
NC_037338.1,NC_032660.1,7653752,7859917,7859919,t,ttg,2
NC_037338.1,NC_032660.1,7800584,8006652,8006653,A,AT,1
NC_037338.1,NC_032660.1,7895318,8101395,8101396,T,TK,1
NC_037338.1,NC_032660.1,8101181,8309637,8309638,a,at,1
NC_037338.1,NC_032660.1,8105635,8314093,8314094,g,gt,1
NC_037338.1,NC_032660.1,8137494,8346615,8346637,a,aatatatctatctatatatatat,22
NC_037338.1,NC_032660.1,8152505,8361572,8361573,G,GK,1
NC_037338.1,NC_032660.1,8185315,8394069,8394070,T,TY,1
NC_037338.1,NC_032660.1,8211541,8420307,8420308,C,CA,1
NC_037338.1,NC_032660.1,8211668,8420435,8420439,A,ATTTG,4
NC_037338.1,NC_032660.1,8215583,8424367,8424370,A,ATTG,3
NC_037338.1,NC_032660.1,8252927,8461716,8461718,c,ctg,2
NC_037338.1,NC_032660.1,8252943,8461734,8461736,c,cct,2
NC_037338.1,NC_032660.1,8252957,8461750,8461753,c,ccct,3
NC_037338.1,NC_032660.1,8284092,8492891,8492892,c,ct,1
NC_037338.1,NC_032660.1,8305109,8513917,8513919,G,GNN,2
NC_037338.1,NC_032660.1,8365211,8574099,8574103,a,aaaac,4
NC_037338.1,NC_032660.1,8392538,8604552,8604553,G,GT,1
NC_037338.1,NC_032660.1,8404541,8616563,8616566,T,TAGG,3
NC_037338.1,NC_032660.1,8414066,8626084,8626085,T,TG,1
NC_037338.1,NC_032660.1,8424913,8636956,8636957,t,tc,1
NC_037338.1,NC_032660.1,8434495,8646529,8646530,C,CT,1
NC_037338.1,NC_032660.1,8462209,8675398,8675400,g,ggt,2
NC_037338.1,NC_032660.1,8546771,8760989,8760990,a,at,1
NC_037338.1,NC_032660.1,8718613,8933224,8933225,c,ca,1
NC_037338.1,NC_032660.1,8738811,8953427,8953428,A,AC,1
NC_037338.1,NC_032660.1,8744208,8958829,8958830,G,GR,1
NC_037338.1,NC_032660.1,8754383,8968981,8968982,g,gt,1
NC_037338.1,NC_032660.1,8773442,8988033,8988034,g,gt,1
NC_037338.1,NC_032660.1,9113080,9360886,9360888,T,TAA,2
NC_037338.1,NC_032660.1,9139086,9386895,9386896,T,TG,1
NC_037338.1,NC_032660.1,9196486,9446327,9446354,T,TCCAGCAYgattttttttttttttcccc,27
NC_037338.1,NC_032660.1,9251865,9501742,9501743,a,ag,1
NC_037338.1,NC_032660.1,9292826,9542703,9542705,t,tta,2
NC_037338.1,NC_032660.1,9295676,9545556,9545574,c,catatatatatatatatat,18
NC_037338.1,NC_032660.1,9331158,9581053,9581055,C,CTT,2
NC_037338.1,NC_032660.1,9335762,9585660,9585664,G,GACCA,4
NC_037338.1,NC_032660.1,9358616,9608524,9608525,a,ag,1
NC_037338.1,NC_032660.1,9376861,9626771,9626772,a,ag,1
NC_037338.1,NC_032660.1,9380194,9630104,9630106,c,cat,2
NC_037338.1,NC_032660.1,9383711,9633619,9633620,c,ct,1
NC_037338.1,NC_032660.1,9417907,9664637,9664638,G,GA,1
NC_037338.1,NC_032660.1,9420431,9667162,9667163,a,ag,1
NC_037338.1,NC_032660.1,9443467,9690496,9690497,t,tc,1
NC_037338.1,NC_032660.1,9447216,9694249,9694250,g,ga,1
NC_037338.1,NC_032660.1,9449611,9696647,9696653,t,tttNNNN,6
NC_037338.1,NC_032660.1,9468521,9721236,9721238,c,cta,2
NC_037338.1,NC_032660.1,9482495,9735087,9735088,T,TC,1
NC_037338.1,NC_032660.1,9514619,9767211,9767213,t,tNN,2
NC_037338.1,NC_032660.1,9664429,9983675,9983676,c,cY,1
NC_037338.1,NC_032660.1,9676242,9996070,9996072,c,cca,2
NC_037338.1,NC_032660.1,9752005,9884043,9884048,C,CATCCA,5
NC_037338.1,NC_032660.1,9752005,10056948,10056953,C,CATCCA,5
NC_037338.1,NC_032660.1,9752422,9883625,9883626,t,tg,1
NC_037338.1,NC_032660.1,9752422,10057370,10057371,t,tg,1
NC_037338.1,NC_032660.1,9768770,10073726,10073727,C,CT,1
NC_037338.1,NC_032660.1,9807580,10112763,10112765,C,CAA,2
NC_037338.1,NC_032660.1,9890367,10195668,10195670,t,tac,2
NC_037338.1,NC_032660.1,9919267,10224565,10224573,G,GAAATAGAA,8
NC_037338.1,NC_032660.1,10089912,10394686,10394688,c,cca,2
NC_037338.1,NC_032660.1,10126776,10431560,10431564,a,aaNNN,4
NC_037338.1,NC_032660.1,10279221,10586685,10586686,T,TY,1
NC_037338.1,NC_032660.1,10314123,10621601,10621602,G,GR,1
NC_037338.1,NC_032660.1,10405102,10712582,10712583,C,CY,1
NC_037338.1,NC_032660.1,10523254,10830926,10830931,t,ttagAG,5
NC_037338.1,NC_032660.1,10543009,10850587,10850589,C,CCT,2
NC_037338.1,NC_032660.1,10565935,10875247,10875248,C,CA,1
NC_037338.1,NC_032660.1,10625604,10979192,10979193,C,CM,1
NC_037338.1,NC_032660.1,10625679,10979268,10979269,G,GA,1
NC_037338.1,NC_032660.1,10667617,11035766,11035773,a,acacacac,7
NC_037338.1,NC_032660.1,10681586,11049754,11049755,G,GC,1
NC_037338.1,NC_032660.1,10686524,11054696,11054707,A,ACACAACATTTC,11
NC_037338.1,NC_032660.1,10693856,11094631,11094632,t,tc,1
NC_037338.1,NC_032660.1,10693945,11094721,11094730,c,ccactgtttg,9
NC_037338.1,NC_032660.1,10694360,11095145,11095147,c,cca,2
NC_037338.1,NC_032660.1,10775060,11175682,11175683,G,GA,1
NC_037338.1,NC_032660.1,10776616,11177239,11177240,t,ta,1
NC_037338.1,NC_032660.1,10810248,11210872,11210873,G,GR,1
NC_037338.1,NC_032660.1,10815776,11216239,11216243,C,CTAAG,4
NC_037338.1,NC_032660.1,10816212,11216677,11216678,A,AC,1
NC_037338.1,NC_032660.1,10816429,11216895,11216898,a,actg,3
NC_037338.1,NC_032660.1,10818625,11219094,11219095,T,TG,1
NC_037338.1,NC_032660.1,10818750,11219220,11219221,a,at,1
NC_037338.1,NC_032660.1,10819992,11220460,11220581,T,TGAAAATGAGTGTTTAAGAGGCAGAGGCGGGCGCCGAGCTGCGGNNNNNNNNNNNNACTAGAAGCGGAGAGGGTGAGCGGGAGCccctaaattaaaatttaaaaaaagaaaaaaaaaaaaaa,121
NC_037338.1,NC_032660.1,10852242,11254537,11254542,T,TAGCTC,5
NC_037338.1,NC_032660.1,10864402,11266707,11266708,t,ta,1
NC_037338.1,NC_032660.1,10866485,11268791,11268795,A,ATAGT,4
NC_037338.1,NC_032660.1,10900790,11303113,11303114,t,ta,1
NC_037338.1,NC_032660.1,10922430,11324122,11324123,T,TG,1
NC_037338.1,NC_032660.1,10922825,11324515,11324518,t,taac,3
NC_037338.1,NC_032660.1,10936527,11338232,11338233,C,CT,1
NC_037338.1,NC_032660.1,10939840,11341551,11341554,g,gtca,3
NC_037338.1,NC_032660.1,10947362,11349088,11349089,T,TA,1
NC_037338.1,NC_032660.1,10947804,11349531,11349532,A,AT,1
NC_037338.1,NC_032660.1,10951815,11353544,11353545,C,CM,1
NC_037338.1,NC_032660.1,10971254,11372988,11372995,A,AACAGCAC,7
NC_037338.1,NC_032660.1,10997477,11399211,11399215,g,gcaca,4
NC_037338.1,NC_032660.1,11000592,11402329,11402331,a,act,2
NC_037338.1,NC_032660.1,11041864,11443538,11443545,g,gcattgat,7
NC_037338.1,NC_032660.1,11044137,11445818,11445819,T,TY,1
NC_037338.1,NC_032660.1,11044161,11445843,11445844,C,CY,1
NC_037338.1,NC_032660.1,11171454,11629910,11629916,T,TCTTTAC,6
NC_037338.1,NC_032660.1,11238180,11696644,11696645,C,CT,1
NC_037338.1,NC_032660.1,11390519,11849135,11849136,C,CT,1
NC_037338.1,NC_032660.1,11396560,11855179,11855180,T,TY,1
NC_037338.1,NC_032660.1,11402325,11860595,11860599,T,TTCCC,4
NC_037338.1,NC_032660.1,11415969,11875116,11875117,T,TC,1
NC_037338.1,NC_032660.1,11438947,11898074,11898076,T,TCC,2
NC_037338.1,NC_032660.1,11479048,11937751,11937752,G,GS,1
NC_037338.1,NC_032660.1,11481759,11940463,11940464,T,TK,1
NC_037338.1,NC_032660.1,11483534,11942239,11942240,A,AG,1
NC_037338.1,NC_032660.1,11511793,11970104,11970105,A,AC,1
NC_037338.1,NC_032660.1,11521107,11979419,11979423,T,TCAAA,4
NC_037338.1,NC_032660.1,11524212,11982527,11982528,T,TY,1
NC_037338.1,NC_032660.1,11526461,11984777,11984780,C,CAAA,3
NC_037338.1,NC_032660.1,11548376,12006696,12006699,T,TTTG,3
NC_037338.1,NC_032660.1,11660508,12118825,12118826,t,ta,1
NC_037338.1,NC_032660.1,11683851,12142164,12142166,c,cta,2
NC_037338.1,NC_032660.1,11855328,12311641,12311642,t,tg,1
NC_037338.1,NC_032660.1,11889578,12348604,12348605,T,TG,1
NC_037338.1,NC_032660.1,11893310,12352339,12352340,C,CY,1
NC_037338.1,NC_032660.1,11897934,12356965,12356966,A,AR,1
NC_037338.1,NC_032660.1,11908679,12367710,12367711,T,TG,1
NC_037338.1,NC_032660.1,11922459,12381495,12381496,c,ct,1
NC_037338.1,NC_032660.1,11953607,12412647,12412648,T,TC,1
NC_037338.1,NC_032660.1,11980463,12439453,12439456,T,TAAG,3
NC_037338.1,NC_032660.1,12016680,12476822,12476835,t,tgaaagtgaaaagg,13
NC_037338.1,NC_032660.1,12046451,12506608,12506609,C,CT,1
NC_037338.1,NC_032660.1,12205541,12687848,12687850,g,gca,2
NC_037338.1,NC_032660.1,12349278,12831094,12831095,C,CT,1
NC_037338.1,NC_032660.1,12376087,12857904,12857905,C,CT,1
NC_037338.1,NC_032660.1,12396669,12878444,12878445,C,CM,1
NC_037338.1,NC_032660.1,12499051,12980845,12980847,T,TRG,2
NC_037338.1,NC_032660.1,12518157,13002555,13002556,A,AC,1
NC_037338.1,NC_032660.1,12531474,13015873,13015874,a,ag,1
NC_037338.1,NC_032660.1,12563376,13047789,13047794,C,CAGGTT,5
NC_037338.1,NC_032660.1,12580978,13142478,13142479,A,AS,1
NC_037338.1,NC_032660.1,12581846,13143347,13143351,C,CAGGG,4
NC_037338.1,NC_032660.1,12636517,13197899,13197903,a,aaNNN,4
NC_037338.1,NC_032660.1,12689798,13251180,13251193,C,CNNNNNNNNNNNNN,13
NC_037338.1,NC_032660.1,12726027,13287413,13287415,C,CCT,2
NC_037338.1,NC_032660.1,12744707,13306020,13306021,a,at,1
NC_037338.1,NC_032660.1,12759705,13321014,13321016,C,CAT,2
NC_037338.1,NC_032660.1,12759911,13321222,13321223,C,CA,1
NC_037338.1,NC_032660.1,12831718,13392835,13392848,G,GCTAGAAGAAAAAT,13
NC_037338.1,NC_032660.1,12851038,13412171,13412179,G,GACTCAAGT,8
NC_037338.1,NC_032660.1,12886662,13447823,13447824,A,AC,1
NC_037338.1,NC_032660.1,12896331,13457505,13457506,T,TC,1
NC_037338.1,NC_032660.1,12898293,13459468,13459469,T,TC,1
NC_037338.1,NC_032660.1,12898780,13459956,13459959,C,CTGG,3
NC_037338.1,NC_032660.1,12901530,13462721,13462723,A,ACC,2
NC_037338.1,NC_032660.1,12902333,13463527,13463529,C,CAT,2
NC_037338.1,NC_032660.1,12910078,13471282,13471287,g,gactga,5
NC_037338.1,NC_032660.1,12956913,13517101,13517102,t,ta,1
NC_037338.1,NC_032660.1,12972239,13532427,13532428,C,CM,1
NC_037338.1,NC_032660.1,13175559,13774134,13774136,A,ACT,2
NC_037338.1,NC_032660.1,13178864,13777265,13777266,a,at,1
NC_037338.1,NC_032660.1,13191227,13791799,13791804,g,gttAAA,5
NC_037338.1,NC_032660.1,13191291,13791868,13791888,c,cataagtttattttaaaaact,20
NC_037338.1,NC_032660.1,13195361,13795962,13795967,g,gactga,5
NC_037338.1,NC_032660.1,13209954,13827515,13827516,t,tg,1
NC_037338.1,NC_032660.1,13267670,13885269,13885270,A,AR,1
NC_037338.1,NC_032660.1,13269039,13886640,13886641,c,ca,1
NC_037338.1,NC_032660.1,13283519,13901120,13901121,A,AG,1
NC_037338.1,NC_032660.1,13318613,13936081,13936085,t,tgata,4
NC_037338.1,NC_032660.1,13376648,13994011,13994012,T,TA,1
NC_037338.1,NC_032660.1,13392283,14009059,14009060,A,AG,1
NC_037338.1,NC_032660.1,13415820,14032632,14032633,A,AM,1
NC_037338.1,NC_032660.1,13454325,14070701,14070705,g,gggtt,4
NC_037338.1,NC_032660.1,13478574,14101214,14101215,C,CT,1
NC_037338.1,NC_032660.1,13562497,14185109,14185110,T,TC,1
NC_037338.1,NC_032660.1,13562854,14185466,14185472,G,GTCCTCT,6
NC_037338.1,NC_032660.1,13615378,14238015,14238016,C,CY,1
NC_037338.1,NC_032660.1,13621168,14243806,14243809,g,ggtt,3
NC_037338.1,NC_032660.1,13668915,14301411,14301412,C,CM,1
NC_037338.1,NC_032660.1,13752735,14385176,14385177,A,AR,1
NC_037338.1,NC_032660.1,13754036,14386476,14386477,A,AG,1
NC_037338.1,NC_032660.1,13754366,14386808,14386811,T,TNNN,3
NC_037338.1,NC_032660.1,13756413,14388858,14388861,G,GACA,3
NC_037338.1,NC_032660.1,13759043,14391491,14391508,t,tNNNNNNNNNNNNNNNNN,17
NC_037338.1,NC_032660.1,13759929,14392394,14392399,T,TGGGGK,5
NC_037338.1,NC_032660.1,13771667,14404146,14404147,A,AR,1
NC_037338.1,NC_032660.1,13859918,14492407,14492408,c,ct,1
NC_037338.1,NC_032660.1,13957002,14588993,14588994,T,TY,1
NC_037338.1,NC_032660.1,14052359,14684749,14684750,g,gc,1
NC_037338.1,NC_032660.1,14056272,14688663,14688664,C,CT,1
NC_037338.1,NC_032660.1,14064166,14696558,14696559,G,GS,1
NC_037338.1,NC_032660.1,14117332,14749743,14749744,t,tg,1
NC_037338.1,NC_032660.1,14130661,14763912,14763913,a,at,1
NC_037338.1,NC_032660.1,14130796,14764046,14764051,g,gNNNNN,5
NC_037338.1,NC_032660.1,14245754,14879181,14879189,a,aNNNNNNNN,8
NC_037338.1,NC_032660.1,14258742,14892188,14892189,C,CY,1
NC_037338.1,NC_032660.1,14286116,14919565,14919566,c,cg,1
NC_037338.1,NC_032660.1,14297773,14930235,14930247,G,GCTCAGGAAAGAS,12
NC_037338.1,NC_032660.1,14302002,14934476,14934477,C,CT,1
NC_037338.1,NC_032660.1,14327673,14962564,14962565,g,ga,1
NC_037338.1,NC_032660.1,14353703,14988599,14988600,a,aW,1
NC_037338.1,NC_032660.1,14400044,15036099,15036100,A,AG,1
NC_037338.1,NC_032660.1,14430300,15066359,15066360,T,TG,1
NC_037338.1,NC_032660.1,14497627,15101983,15101984,A,AN,1
NC_037338.1,NC_032660.1,14546268,15160003,15160004,C,CA,1
NC_037338.1,NC_032660.1,14551069,15164813,15164814,g,ga,1
NC_037338.1,NC_032660.1,14551094,15164839,15164840,G,GA,1
NC_037338.1,NC_032660.1,14651919,15264764,15264765,c,ca,1
NC_037338.1,NC_032660.1,14940424,15570912,15570913,A,AR,1
NC_037338.1,NC_032660.1,14940484,15570973,15570974,A,AR,1
NC_037338.1,NC_032660.1,15004951,15635222,15635226,T,TAAAG,4
NC_037338.1,NC_032660.1,15006171,15636446,15636447,G,GC,1
NC_037338.1,NC_032660.1,15034151,15664428,15664429,t,tW,1
NC_037338.1,NC_032660.1,15138431,15767416,15767417,t,tc,1
NC_037338.1,NC_032660.1,15172039,15794966,15794967,G,GA,1
NC_037338.1,NC_032660.1,15179155,15802076,15802078,T,TYC,2
NC_037338.1,NC_032660.1,15230293,15853854,15853862,a,atatgtgac,8
NC_037338.1,NC_032660.1,15252005,15875578,15875579,g,gt,1
NC_037338.1,NC_032660.1,15271321,15894896,15894897,c,ct,1
NC_037338.1,NC_032660.1,15314540,15938124,15938126,G,GGA,2
NC_037338.1,NC_032660.1,15326521,15950109,15950110,G,GA,1
NC_037338.1,NC_032660.1,15326538,15950127,15950128,G,GC,1
NC_037338.1,NC_032660.1,15326567,15950157,15950158,c,ct,1
NC_037338.1,NC_032660.1,15326771,15950295,15950297,t,tta,2
NC_037338.1,NC_032660.1,15326800,15950326,15950327,c,ca,1
NC_037338.1,NC_032660.1,15326810,15950337,15950338,g,gt,1
NC_037338.1,NC_032660.1,15351750,15975277,15975278,A,AC,1
NC_037338.1,NC_032660.1,15389406,16014233,16014234,T,TG,1
NC_037338.1,NC_032660.1,15391843,16016667,16016670,C,CCTG,3
NC_037338.1,NC_032660.1,15420838,16045666,16045667,t,ta,1
NC_037338.1,NC_032660.1,15456076,16086769,16086781,c,caaataagaaata,12
NC_037338.1,NC_032660.1,15456804,16087504,16087507,g,gcca,3
NC_037338.1,NC_032660.1,15473341,16104056,16104057,C,CG,1
NC_037338.1,NC_032660.1,15582629,16213959,16213960,t,tc,1
NC_037338.1,NC_032660.1,15774997,16449725,16449727,t,tNN,2
NC_037338.1,NC_032660.1,15841110,16515806,16515808,C,CTT,2
NC_037338.1,NC_032660.1,15843006,16517705,16517713,G,GATCAGGAA,8
NC_037338.1,NC_032660.1,15885354,16728764,16728765,g,gK,1
NC_037338.1,NC_032660.1,15909514,16752937,16752938,c,cg,1
NC_037338.1,NC_032660.1,15917207,16760632,16760633,c,ct,1
NC_037338.1,NC_032660.1,15984103,16659951,16659955,A,ACAGR,4
NC_037338.1,NC_032660.1,16011164,16687020,16687021,C,CA,1
NC_037338.1,NC_032660.1,16118523,16867094,16867097,t,tagc,3
NC_037338.1,NC_032660.1,16134289,16882735,16882736,t,ta,1
NC_037338.1,NC_032660.1,16151598,16900051,16900052,A,AM,1
NC_037338.1,NC_032660.1,16185495,16933951,16933952,G,GT,1
NC_037338.1,NC_032660.1,16288071,17036451,17036452,A,AT,1
NC_037338.1,NC_032660.1,16305287,17053670,17053672,t,tta,2
NC_037338.1,NC_032660.1,16322645,17070657,17070658,g,gc,1
NC_037338.1,NC_032660.1,16326348,17075524,17075525,c,ct,1
NC_037338.1,NC_032660.1,16327137,17076315,17076325,g,gactgaactga,10
NC_037338.1,NC_032660.1,16339124,17088313,17088315,A,AGT,2
NC_037338.1,NC_032660.1,16348321,17097515,17097516,C,CA,1
NC_037338.1,NC_032660.1,16348321,17291048,17291049,C,CA,1
NC_037338.1,NC_032660.1,16375150,17317909,17317914,A,AGAACT,5
NC_037338.1,NC_032660.1,16455715,17398514,17398516,t,taa,2
NC_037338.1,NC_032660.1,16455715,17204880,17204882,t,taa,2
NC_037338.1,NC_032660.1,16456498,17399299,17399300,g,ga,1
NC_037338.1,NC_032660.1,16457871,17207038,17207040,t,tag,2
NC_037338.1,NC_032660.1,16457872,17400674,17400676,g,gga,2
NC_037338.1,NC_032660.1,16462909,17405710,17405711,A,AN,1
NC_037338.1,NC_032660.1,16494706,17243015,17243016,A,AG,1
NC_037338.1,NC_032660.1,16500919,17249233,17249234,t,tc,1
NC_037338.1,NC_032660.1,16516277,17264590,17264591,G,GA,1
NC_037338.1,NC_032660.1,16731383,17579498,17579501,c,caga,3
NC_037338.1,NC_032660.1,16732457,17580575,17580579,c,caaaa,4
NC_037338.1,NC_032660.1,16733633,17581756,17581757,c,ca,1
NC_037338.1,NC_032660.1,16734307,17582431,17582432,a,ac,1
NC_037338.1,NC_032660.1,16770532,17618796,17618797,a,ac,1
NC_037338.1,NC_032660.1,16841422,17710002,17710006,g,gtata,4
NC_037338.1,NC_032660.1,16878680,17747269,17747270,a,at,1
NC_037338.1,NC_032660.1,16888987,17755384,17755385,a,at,1
NC_037338.1,NC_032660.1,16904364,17771267,17771271,C,CRRTT,4
NC_037338.1,NC_032660.1,16909303,17776211,17776212,A,AG,1
NC_037338.1,NC_032660.1,16956627,17823705,17823706,A,AG,1
NC_037338.1,NC_032660.1,16971759,17838539,17838541,c,ctt,2
NC_037338.1,NC_032660.1,16974183,17841132,17841133,C,CA,1
NC_037338.1,NC_032660.1,16989497,17856541,17856550,g,gaaacagcaa,9
NC_037338.1,NC_032660.1,17001245,17868292,17868296,t,tagta,4
NC_037338.1,NC_032660.1,17006190,17873242,17873253,a,atatatatatat,11
NC_037338.1,NC_032660.1,17010119,17877183,17877184,t,tg,1
NC_037338.1,NC_032660.1,17012898,17879735,17879737,t,tca,2
NC_037338.1,NC_032660.1,17057102,17950895,17950897,a,att,2
NC_037338.1,NC_032660.1,17058735,17952530,17952531,g,gt,1
NC_037338.1,NC_032660.1,17083446,17977313,17977321,t,tttaattac,8
NC_037338.1,NC_032660.1,17083726,17977601,17977602,c,ct,1
NC_037338.1,NC_032660.1,17115897,18009211,18009215,C,CTTCt,4
NC_037338.1,NC_032660.1,17116209,18009527,18009534,C,CGCTTGTG,7
NC_037338.1,NC_032660.1,17155698,18049340,18049341,A,AR,1
NC_037338.1,NC_032660.1,17202917,18172076,18172077,G,GC,1
NC_037338.1,NC_032660.1,17204106,18173266,18173287,G,GTAAGAAATGGAAACTTTTTAC,21
NC_037338.1,NC_032660.1,17204106,18153992,18154013,G,GTAAGAAATGGAAACTTTTTAC,21
NC_037338.1,NC_032660.1,17214293,18164215,18164219,a,atatg,4
NC_037338.1,NC_032660.1,17216439,18166370,18166371,g,gt,1
NC_037338.1,NC_032660.1,17216842,18166774,18166778,g,gctgc,4
NC_037338.1,NC_032660.1,17224895,18182314,18182315,T,TC,1
NC_037338.1,NC_032660.1,17229204,18186621,18186626,G,GCTTAT,5
NC_037338.1,NC_032660.1,17261738,18217866,18217867,t,tW,1
NC_037338.1,NC_032660.1,17264171,18220314,18220315,t,ta,1
NC_037338.1,NC_032660.1,17278270,18103301,18103302,g,ga,1
NC_037338.1,NC_032660.1,17299502,18123825,18123826,c,ca,1
NC_037338.1,NC_032660.1,17299882,18124206,18124209,t,tttg,3
NC_037338.1,NC_032660.1,17300709,18125034,18125050,a,aaactagaacactttct,16
NC_037338.1,NC_032660.1,17360695,18393711,18393712,T,TY,1
NC_037338.1,NC_032660.1,17365648,18398668,18398674,t,ttattga,6
NC_037338.1,NC_032660.1,17371212,18404241,18404243,g,gca,2
NC_037338.1,NC_032660.1,17372473,18406331,18406332,A,AC,1
NC_037338.1,NC_032660.1,17372714,18406577,18406578,A,AT,1
NC_037338.1,NC_032660.1,17373027,18406886,18406892,a,aaaaaac,6
NC_037338.1,NC_032660.1,17374734,18408441,18408442,a,at,1
NC_037338.1,NC_032660.1,17388171,18419536,18419537,a,ag,1
NC_037338.1,NC_032660.1,17388387,18419754,18419778,C,CCTGTGTATCTCCTTATATATTTCA,24
NC_037338.1,NC_032660.1,17388387,18577364,18577388,C,CCTGTGTATCTCCTTATATATTTCA,24
NC_037338.1,NC_032660.1,17706555,18686935,18686936,T,TC,1
NC_037338.1,NC_032660.1,17730109,18710509,18710514,g,ggaaaa,5
NC_037338.1,NC_032660.1,17754178,18731276,18731277,T,TA,1
NC_037338.1,NC_032660.1,17754183,18731282,18731283,T,TA,1
NC_037338.1,NC_032660.1,17760581,18737674,18737681,a,atttattt,7
NC_037338.1,NC_032660.1,17760835,18737935,18737941,c,ccaccct,6
NC_037338.1,NC_032660.1,17761092,18738198,18738199,t,ta,1
NC_037338.1,NC_032660.1,17773917,18749902,18749903,a,at,1
NC_037338.1,NC_032660.1,17793672,18769659,18769668,a,aaaactcagc,9
NC_037338.1,NC_032660.1,17794131,18770127,18770128,c,ca,1
NC_037338.1,NC_032660.1,17807508,18783482,18783483,G,GA,1
NC_037338.1,NC_032660.1,17824486,18800766,18800771,a,aaatat,5
NC_037338.1,NC_032660.1,17831949,18808416,18808417,A,AR,1
NC_037338.1,NC_032660.1,17833362,18809833,18809834,g,gt,1
NC_037338.1,NC_032660.1,17833744,18810216,18810217,T,TC,1
NC_037338.1,NC_032660.1,17843775,18820285,18820287,g,gtt,2
NC_037338.1,NC_032660.1,17846985,18823498,18823499,c,ca,1
NC_037338.1,NC_032660.1,17850328,18826840,18826842,t,tta,2
NC_037338.1,NC_032660.1,17850908,18827423,18827424,g,gc,1
NC_037338.1,NC_032660.1,17859498,18836017,18836018,a,at,1
NC_037338.1,NC_032660.1,17859535,18836055,18836057,g,gga,2
NC_037338.1,NC_032660.1,17865567,18842084,18842086,g,gga,2
NC_037338.1,NC_032660.1,17865584,18842103,18842105,g,gga,2
NC_037338.1,NC_032660.1,17872463,18848994,18849002,a,aatatatat,8
NC_037338.1,NC_032660.1,17878964,18855694,18855695,c,ca,1
NC_037338.1,NC_032660.1,17879144,18855876,18855879,G,GAGC,3
NC_037338.1,NC_032660.1,17883766,18861005,18861007,t,tNN,2
NC_037338.1,NC_032660.1,17892997,18870233,18870234,T,TY,1
NC_037338.1,NC_032660.1,17904517,18881756,18881757,a,aR,1
NC_037338.1,NC_032660.1,17933354,18910206,18910207,T,TG,1
NC_037338.1,NC_032660.1,17933365,18910218,18910219,T,TA,1
NC_037338.1,NC_032660.1,17933393,18910247,18910253,T,TATTANN,6
NC_037338.1,NC_032660.1,17957279,18929559,18929560,a,ac,1
NC_037338.1,NC_032660.1,17957284,18929565,18929567,c,caa,2
NC_037338.1,NC_032660.1,17997703,18973360,18973361,T,TW,1
NC_037338.1,NC_032660.1,18002717,18978238,18978239,t,ta,1
NC_037338.1,NC_032660.1,18019079,18994602,18994604,A,AAG,2
NC_037338.1,NC_032660.1,18026525,19002051,19002061,A,AGTAAAAAAGW,10
NC_037338.1,NC_032660.1,18030892,19006427,19006428,A,AG,1
NC_037338.1,NC_032660.1,18031795,19007331,19007337,g,gcacaca,6
NC_037338.1,NC_032660.1,18034913,19010461,19010466,T,TATTTA,5
NC_037338.1,NC_032660.1,18155936,19148724,19148725,g,ga,1
NC_037338.1,NC_032660.1,18187564,19180364,19180366,a,aNN,2
NC_037338.1,NC_032660.1,18192248,19185046,19185047,T,TA,1
NC_037338.1,NC_032660.1,18241169,19233845,19233846,a,at,1
NC_037338.1,NC_032660.1,18331621,19329440,19329441,T,TG,1
NC_037338.1,NC_032660.1,18331858,19329677,19329678,t,ta,1
NC_037338.1,NC_032660.1,18353063,19350885,19350886,T,TC,1
NC_037338.1,NC_032660.1,18354634,19352457,19352458,a,at,1
NC_037338.1,NC_032660.1,18357298,19355132,19355133,t,ta,1
NC_037338.1,NC_032660.1,18357371,19355206,19355207,g,ga,1
NC_037338.1,NC_032660.1,18358577,19356415,19356418,t,tttg,3
NC_037338.1,NC_032660.1,18359270,19357111,19357112,a,ag,1
NC_037338.1,NC_032660.1,18359868,19357710,19357714,c,cattg,4
NC_037338.1,NC_032660.1,18360367,19358182,19358183,t,ta,1
NC_037338.1,NC_032660.1,18360803,19358619,19358620,t,tg,1
NC_037338.1,NC_032660.1,18362167,19359983,19359984,a,ag,1
NC_037338.1,NC_032660.1,18363351,19361173,19361174,c,ca,1
NC_037338.1,NC_032660.1,18366106,19363924,19363925,t,ta,1
NC_037338.1,NC_032660.1,18371590,19369421,19369422,A,AG,1
NC_037338.1,NC_032660.1,18405753,19403585,19403586,T,TA,1
NC_037338.1,NC_032660.1,18408724,19406557,19406558,C,CT,1
NC_037338.1,NC_032660.1,18428535,19426366,19426368,c,caa,2
NC_037338.1,NC_032660.1,18453233,19451075,19451077,G,GAS,2
NC_037338.1,NC_032660.1,18455035,19452876,19452880,T,TAAAA,4
NC_037338.1,NC_032660.1,18555720,19568100,19568101,T,TK,1
NC_037338.1,NC_032660.1,18570195,19582571,19582572,C,CT,1
NC_037338.1,NC_032660.1,18575657,19588034,19588035,T,TA,1
NC_037338.1,NC_032660.1,18604595,19616926,19616929,a,atat,3
NC_037338.1,NC_032660.1,18623329,19635664,19635665,T,TA,1
NC_037338.1,NC_032660.1,18671453,19683802,19683805,a,agcc,3
NC_037338.1,NC_032660.1,18671890,19684242,19684243,T,TC,1
NC_037338.1,NC_032660.1,18682026,19694379,19694382,c,cgga,3
NC_037338.1,NC_032660.1,18696989,19710715,19710716,A,AR,1
NC_037338.1,NC_032660.1,18697418,19711146,19711155,g,gggaaacagt,9
NC_037338.1,NC_032660.1,18705993,19719738,19719739,G,GR,1
NC_037338.1,NC_032660.1,18710246,19723992,19723993,c,ca,1
NC_037338.1,NC_032660.1,18798586,19812348,19812349,a,ac,1
NC_037338.1,NC_032660.1,18806661,19820139,19820140,t,tg,1
NC_037338.1,NC_032660.1,18806667,19820146,19820164,g,gggaaacagtggaaacagt,18
NC_037338.1,NC_032660.1,18813151,19826649,19826650,G,GA,1
NC_037338.1,NC_032660.1,18813158,19826657,19826658,C,CA,1
NC_037338.1,NC_032660.1,18836461,19849963,19849964,t,tg,1
NC_037338.1,NC_032660.1,18879166,19892582,19892585,T,TATC,3
NC_037338.1,NC_032660.1,19122380,21177469,21177485,t,tNNNNNNNNNNNNNNNN,16
NC_037338.1,NC_032660.1,19187770,21242602,21242603,G,GC,1
NC_037338.1,NC_032660.1,19188698,21243531,21243532,C,CM,1
NC_037338.1,NC_032660.1,19203645,21258469,21258470,A,AY,1
NC_037338.1,NC_032660.1,19212947,21267771,21267782,T,TCACCTCCTCGA,11
NC_037338.1,NC_032660.1,19213901,21268736,21268737,c,ct,1
NC_037338.1,NC_032660.1,19217877,21272719,21272720,t,ta,1
NC_037338.1,NC_032660.1,19221714,21276557,21276559,c,cca,2
NC_037338.1,NC_032660.1,19225085,21279930,21279936,t,tttttcc,6
NC_037338.1,NC_032660.1,19371310,21426163,21426166,A,AAGG,3
NC_037338.1,NC_032660.1,19402587,21457452,21457453,a,at,1
NC_037338.1,NC_032660.1,19580155,20232031,20232032,G,GA,1
NC_037338.1,NC_032660.1,19609214,20261153,20261154,t,tW,1
NC_037338.1,NC_032660.1,19742641,20394589,20394590,C,CA,1
NC_037338.1,NC_032660.1,19742681,20394630,20394631,A,AC,1
NC_037338.1,NC_032660.1,19829910,20485441,20485442,t,tc,1
NC_037338.1,NC_032660.1,19831913,20487446,20487450,g,gtttt,4
NC_037338.1,NC_032660.1,19837111,20492648,20492651,T,TTGC,3
NC_037338.1,NC_032660.1,19837615,20493156,20493157,G,GC,1
NC_037338.1,NC_032660.1,20284635,20929510,20929511,A,AC,1
NC_037338.1,NC_032660.1,20304983,20949858,20949859,C,CG,1
NC_037338.1,NC_032660.1,20363210,21008085,21008088,C,CTGY,3
NC_037338.1,NC_032660.1,20375157,21020037,21020038,T,TY,1
NC_037338.1,NC_032660.1,20382399,21027283,21027284,A,AR,1
NC_037338.1,NC_032660.1,20424637,21069643,21069647,g,gatgt,4
NC_037338.1,NC_032660.1,20428923,21073933,21073934,C,CT,1
NC_037338.1,NC_032660.1,20428923,21575088,21575089,C,CT,1
NC_037338.1,NC_032660.1,20449198,21094213,21094229,G,GGGACTGTCACCTGCGT,16
NC_037338.1,NC_032660.1,20449198,21595363,21595379,G,GGGACTGTCACCTGCGT,16
NC_037338.1,NC_032660.1,20496114,21642331,21642336,T,TACACY,5
NC_037338.1,NC_032660.1,20543664,21692128,21692129,A,AT,1
NC_037338.1,NC_032660.1,20545569,21694032,21694033,T,TG,1
NC_037338.1,NC_032660.1,20557587,21768481,21768482,a,aN,1
NC_037338.1,NC_032660.1,20599939,21810293,21810294,t,ta,1
NC_037338.1,NC_032660.1,20612992,21823350,21823353,g,ggaa,3
NC_037338.1,NC_032660.1,20622736,21833104,21833113,a,atcttttttc,9
NC_037338.1,NC_032660.1,20627856,21838249,21838250,g,gc,1
NC_037338.1,NC_032660.1,20708511,21918861,21918864,T,TATC,3
NC_037338.1,NC_032660.1,20709852,21920205,21920209,t,tttta,4
NC_037338.1,NC_032660.1,20738988,21949348,21949349,A,AW,1
NC_037338.1,NC_032660.1,20760325,21970673,21970675,g,gct,2
NC_037338.1,NC_032660.1,20775926,21986279,21986280,c,ct,1
NC_037338.1,NC_032660.1,20824637,22035863,22035864,a,at,1
NC_037338.1,NC_032660.1,20883762,22090949,22090950,t,tg,1
NC_037338.1,NC_032660.1,20901609,22109748,22109749,g,gc,1
NC_037338.1,NC_032660.1,20914712,22122853,22122854,g,gt,1
NC_037338.1,NC_032660.1,21021160,22229186,22229187,T,TY,1
NC_037338.1,NC_032660.1,21061714,22269569,22269570,A,AT,1
NC_037338.1,NC_032660.1,21070576,22278449,22278451,c,cta,2
NC_037338.1,NC_032660.1,21089975,22297696,22297700,t,ttaaa,4
NC_037338.1,NC_032660.1,21133239,22341007,22341008,A,AG,1
NC_037338.1,NC_032660.1,21211759,22419755,22419756,G,GC,1
NC_037338.1,NC_032660.1,21254726,22462865,22462867,t,tga,2
NC_037338.1,NC_032660.1,21383318,22592852,22592854,C,CAT,2
NC_037338.1,NC_032660.1,21385465,22595001,22595002,c,ca,1
NC_037338.1,NC_032660.1,21394426,22603959,22603960,G,GT,1
NC_037338.1,NC_032660.1,21414073,22623626,22623627,t,tg,1
NC_037338.1,NC_032660.1,21422613,22632167,22632168,t,ta,1
NC_037338.1,NC_032660.1,21430177,22639734,22639735,T,TY,1
NC_037338.1,NC_032660.1,21463745,22673311,22673315,g,gtgta,4
NC_037338.1,NC_032660.1,21474825,22684419,22684421,C,CTT,2
NC_037338.1,NC_032660.1,21487930,22697521,22697522,T,TC,1
NC_037338.1,NC_032660.1,21536077,22746860,22746861,g,gt,1
NC_037338.1,NC_032660.1,21539329,22750113,22750114,G,GR,1
NC_037338.1,NC_032660.1,21565213,22776007,22776008,a,ag,1
NC_037338.1,NC_032660.1,21571758,22782553,22782554,T,TC,1
NC_037338.1,NC_032660.1,21588883,22799684,22799692,c,cacatccat,8
NC_037338.1,NC_032660.1,21669978,22880799,22880803,T,TGTTA,4
NC_037338.1,NC_032660.1,21670202,22881024,22881025,g,ga,1
NC_037338.1,NC_032660.1,21704840,22915468,22915470,t,tag,2
NC_037338.1,NC_032660.1,21725744,22936579,22936580,A,AC,1
NC_037338.1,NC_032660.1,21768482,22979318,22979319,T,TC,1
NC_037338.1,NC_032660.1,21791023,23001881,23001882,t,tg,1
NC_037338.1,NC_032660.1,21974449,23185859,23185860,a,ac,1
NC_037338.1,NC_032660.1,22012230,23223382,23223384,t,tta,2
NC_037338.1,NC_032660.1,22012801,23223955,23223956,g,ga,1
NC_037338.1,NC_032660.1,22029489,23240646,23240649,t,tgaa,3
NC_037338.1,NC_032660.1,22033270,23244428,23244429,A,AT,1
NC_037338.1,NC_032660.1,22042546,23253705,23253706,C,CW,1
NC_037338.1,NC_032660.1,22060422,23271536,23271537,G,GT,1
NC_037338.1,NC_032660.1,22060727,23271842,23271845,C,CCAG,3
NC_037338.1,NC_032660.1,22061449,23272574,23272577,G,GACA,3
NC_037338.1,NC_032660.1,22066792,23277921,23277924,T,TATG,3
NC_037338.1,NC_032660.1,22088315,23299461,23299462,a,ag,1
NC_037338.1,NC_032660.1,22088670,23299817,23299819,a,act,2
NC_037338.1,NC_032660.1,22127787,23338941,23338942,a,ag,1
NC_037338.1,NC_032660.1,22179802,23391817,23391818,c,ct,1
NC_037338.1,NC_032660.1,22183462,23395466,23395467,a,at,1
NC_037338.1,NC_032660.1,22184161,23396166,23396167,t,tY,1
NC_037338.1,NC_032660.1,22184955,23396961,23396962,a,at,1
NC_037338.1,NC_032660.1,22184963,23396970,23396971,t,ta,1
NC_037338.1,NC_032660.1,22185089,23397097,23397098,c,cY,1
NC_037338.1,NC_032660.1,22189702,23401712,23401713,g,ga,1
NC_037338.1,NC_032660.1,22190865,23402876,23402879,T,TATC,3
NC_037338.1,NC_032660.1,22203248,23415264,23415265,T,TA,1
NC_037338.1,NC_032660.1,22216992,23429847,23429848,c,ca,1
NC_037338.1,NC_032660.1,22221230,23434093,23434094,g,gt,1
NC_037338.1,NC_032660.1,22225734,23438599,23438600,t,ta,1
NC_037338.1,NC_032660.1,22228621,23441484,23441486,T,TTG,2
NC_037338.1,NC_032660.1,22239107,23451971,23451972,T,TA,1
NC_037338.1,NC_032660.1,22254358,23467152,23467153,c,ca,1
NC_037338.1,NC_032660.1,22279203,23492003,23492006,t,tctc,3
NC_037338.1,NC_032660.1,22295253,23508061,23508062,a,aN,1
NC_037338.1,NC_032660.1,22332017,23548371,23548372,A,AT,1
NC_037338.1,NC_032660.1,22348882,23565240,23565241,t,tg,1
NC_037338.1,NC_032660.1,22373405,23589767,23589771,t,tNNNN,4
NC_037338.1,NC_032660.1,22377220,23593586,23593587,T,TG,1
NC_037338.1,NC_032660.1,22439661,23656008,23656009,T,TC,1
NC_037338.1,NC_032660.1,22481104,23697447,23697450,G,GACC,3
NC_037338.1,NC_032660.1,22504436,23720791,23720796,t,ttttta,5
NC_037338.1,NC_032660.1,22529885,23746253,23746254,A,AW,1
NC_037338.1,NC_032660.1,22570660,23786965,23786966,T,TC,1
NC_037338.1,NC_032660.1,22607662,23823963,23823966,T,TCTC,3
NC_037338.1,NC_032660.1,22613809,23830100,23830101,C,CY,1
NC_037338.1,NC_032660.1,22634183,23850477,23850478,c,ca,1
NC_037338.1,NC_032660.1,22635129,23851423,23851424,g,gt,1
NC_037338.1,NC_032660.1,22646804,23863097,23863099,G,GGT,2
NC_037338.1,NC_032660.1,22653475,23869768,23869769,a,ag,1
NC_037338.1,NC_032660.1,22657548,23873846,23873847,t,tW,1
NC_037338.1,NC_032660.1,22668482,23884780,23884781,c,ct,1
NC_037338.1,NC_032660.1,22672761,23888952,23888956,t,tgtgc,4
NC_037338.1,NC_032660.1,22685811,23901905,23901906,T,TY,1
NC_037338.1,NC_032660.1,22687882,23903977,23903979,g,gaa,2
NC_037338.1,NC_032660.1,22756651,23972761,23972762,T,TA,1
NC_037338.1,NC_032660.1,22761104,23977216,23977217,t,tg,1
NC_037338.1,NC_032660.1,22782251,23998361,23998365,T,TTGAA,4
NC_037338.1,NC_032660.1,22872224,24088294,24088300,t,tcgNNNN,6
NC_037338.1,NC_032660.1,22924535,24140420,24140422,t,tNN,2
NC_037338.1,NC_032660.1,23046985,24258521,24258523,c,cta,2
NC_037338.1,NC_032660.1,23048940,24260478,24260479,c,ct,1
NC_037338.1,NC_032660.1,23106240,24316128,24316129,g,gc,1
NC_037338.1,NC_032660.1,23145731,24354795,24354796,C,CG,1
NC_037338.1,NC_032660.1,23146343,24355448,24355449,c,ca,1
NC_037338.1,NC_032660.1,23165497,24374511,24374512,T,TG,1
NC_037338.1,NC_032660.1,23212095,24420503,24420504,a,ac,1
NC_037338.1,NC_032660.1,23216353,24424775,24424776,t,tN,1
NC_037338.1,NC_032660.1,23221287,24429582,24429583,t,tN,1
NC_037338.1,NC_032660.1,23234266,24443109,24443112,t,ttgc,3
NC_037338.1,NC_032660.1,23283037,24491821,24491827,g,ggtggga,6
NC_037338.1,NC_032660.1,23283041,24491831,24491834,g,gggt,3
NC_037338.1,NC_032660.1,23285276,24494035,24494036,t,tc,1
NC_037338.1,NC_032660.1,23285317,24494077,24494079,g,gcc,2
NC_037338.1,NC_032660.1,23316921,24525627,24525641,T,TTGCATAAACTACGC,14
NC_037338.1,NC_032660.1,23316921,24550164,24550178,T,TTGCATAAACTACGC,14
NC_037338.1,NC_032660.1,23334942,24568203,24568205,a,aNN,2
NC_037338.1,NC_032660.1,23360567,24593835,24593836,t,tg,1
NC_037338.1,NC_032660.1,23385700,24618975,24618976,A,AT,1
NC_037338.1,NC_032660.1,23413900,24647319,24647321,a,att,2
NC_037338.1,NC_032660.1,23415281,24648729,24648730,t,ta,1
NC_037338.1,NC_032660.1,23425519,24658972,24658974,t,tNN,2
NC_037338.1,NC_032660.1,23452116,24685575,24685577,t,ttc,2
NC_037338.1,NC_032660.1,23457007,24690470,24690471,A,AC,1
NC_037338.1,NC_032660.1,23494419,24740007,24740008,C,CA,1
NC_037338.1,NC_032660.1,23498895,24744484,24744487,a,aaac,3
NC_037338.1,NC_032660.1,23510849,24756895,24756897,A,ATW,2
NC_037338.1,NC_032660.1,23511007,24757055,24757058,A,ATAT,3
NC_037338.1,NC_032660.1,23514213,24760268,24760272,A,AAAAT,4
NC_037338.1,NC_032660.1,23525041,24770867,24770868,A,AT,1
NC_037338.1,NC_032660.1,23531069,24776895,24776899,c,ctttt,4
NC_037338.1,NC_032660.1,23533471,24779651,24779652,T,TC,1
NC_037338.1,NC_032660.1,23588017,24834532,24834534,g,gga,2
NC_037338.1,NC_032660.1,23602700,24849227,24849244,g,gctcagtcgtgtccgacc,17
NC_037338.1,NC_032660.1,23674188,24937807,24937808,t,ta,1
NC_037338.1,NC_032660.1,23700693,24964286,24964287,c,ct,1
NC_037338.1,NC_032660.1,23700725,24964319,24964320,a,at,1
NC_037338.1,NC_032660.1,23701477,24965071,24965072,t,tg,1
NC_037338.1,NC_032660.1,23712184,24975745,24975747,A,AGT,2
NC_037338.1,NC_032660.1,23716495,24980039,24980040,t,tc,1
NC_037338.1,NC_032660.1,23717702,24981243,24981244,c,ca,1
NC_037338.1,NC_032660.1,23717916,24981459,24981460,t,ta,1
NC_037338.1,NC_032660.1,23737138,25000707,25000708,C,CA,1
NC_037338.1,NC_032660.1,23771804,25035440,25035442,t,ttc,2
NC_037338.1,NC_032660.1,23805609,25069247,25069248,A,AR,1
NC_037338.1,NC_032660.1,23854979,25145749,25145752,c,caag,3
NC_037338.1,NC_032660.1,23855323,25146096,25146102,a,aaaaaag,6
NC_037338.1,NC_032660.1,23863442,25154223,25154224,T,TG,1
NC_037338.1,NC_032660.1,23864557,25155338,25155339,A,AC,1
NC_037338.1,NC_032660.1,23909870,25246419,25246420,t,tg,1
NC_037338.1,NC_032660.1,23996546,25333189,25333190,g,ga,1
NC_037338.1,NC_032660.1,24000607,25344744,25344745,a,ag,1
NC_037338.1,NC_032660.1,24001024,25345162,25345163,C,CA,1
NC_037338.1,NC_032660.1,24004819,25348862,25348863,G,GW,1
NC_037338.1,NC_032660.1,24014297,25358343,25358344,c,ca,1
NC_037338.1,NC_032660.1,24023574,25367622,25367623,T,TW,1
NC_037338.1,NC_032660.1,24033936,25377985,25377986,T,TA,1
NC_037338.1,NC_032660.1,24039731,25383779,25383780,T,TG,1
NC_037338.1,NC_032660.1,24120375,25464434,25464435,C,CM,1
NC_037338.1,NC_032660.1,24123131,25467190,25467191,t,tc,1
NC_037338.1,NC_032660.1,24130036,25474091,25474092,T,TW,1
NC_037338.1,NC_032660.1,24183620,25527696,25527697,G,GT,1
NC_037338.1,NC_032660.1,24218059,25562194,25562196,c,cca,2
NC_037338.1,NC_032660.1,24231833,25575971,25575972,t,tc,1
NC_037338.1,NC_032660.1,24249020,25594162,25594163,C,CA,1
NC_037338.1,NC_032660.1,24262176,25607318,25607320,C,CAT,2
NC_037338.1,NC_032660.1,24266769,25611920,25611921,G,GT,1
NC_037338.1,NC_032660.1,24319939,25665089,25665090,t,tg,1
NC_037338.1,NC_032660.1,24320510,25665661,25665663,C,CAG,2
NC_037338.1,NC_032660.1,24325694,25670847,25670849,T,TGW,2
NC_037338.1,NC_032660.1,24326492,25671647,25671652,g,gactga,5
NC_037338.1,NC_032660.1,24329862,25675021,25675023,C,CCT,2
NC_037338.1,NC_032660.1,24399642,25744624,25744625,T,TA,1
NC_037338.1,NC_032660.1,24406959,25751942,25751944,A,AAC,2
NC_037338.1,NC_032660.1,24407037,25752022,25752024,C,CAG,2
NC_037338.1,NC_032660.1,24484347,25828700,25828705,A,AGCCGT,5
NC_037338.1,NC_032660.1,24510827,25855168,25855169,a,ag,1
NC_037338.1,NC_032660.1,24537505,25882115,25882117,g,gta,2
NC_037338.1,NC_032660.1,24584362,25929220,25929221,T,TC,1
NC_037338.1,NC_032660.1,24629974,25974790,25974791,T,TC,1
NC_037338.1,NC_032660.1,24680999,26025880,26025883,t,ttcc,3
NC_037338.1,NC_032660.1,24701982,26046868,26046870,a,aac,2
NC_037338.1,NC_032660.1,24714189,26059077,26059078,T,TG,1
NC_037338.1,NC_032660.1,24762230,26107116,26107118,A,AAM,2
NC_037338.1,NC_032660.1,24773697,26118586,26118610,A,AGTAAAATACTGGAAAACATCCCCG,24
NC_037338.1,NC_032660.1,24848120,26193193,26193194,g,ga,1
NC_037338.1,NC_032660.1,24855416,26200492,26200493,a,ag,1
NC_037338.1,NC_032660.1,24856596,26201673,26201674,c,ca,1
NC_037338.1,NC_032660.1,24857011,26202089,26202090,G,GS,1
NC_037338.1,NC_032660.1,24861243,26206328,26206329,t,tg,1
NC_037338.1,NC_032660.1,25073911,26258961,26258962,a,at,1
NC_037338.1,NC_032660.1,25073911,26424202,26424203,a,at,1
NC_037338.1,NC_032660.1,25142437,26497109,26497110,G,GS,1
NC_037338.1,NC_032660.1,25146366,26501039,26501040,A,AG,1
NC_037338.1,NC_032660.1,25208198,26562870,26562871,g,gc,1
NC_037338.1,NC_032660.1,25264113,26618803,26618804,G,GS,1
NC_037338.1,NC_032660.1,25301436,26656130,26656133,a,agag,3
NC_037338.1,NC_032660.1,25337576,26692283,26692284,g,ga,1
NC_037338.1,NC_032660.1,25337592,26692300,26692301,c,ca,1
NC_037338.1,NC_032660.1,25366465,26721185,26721186,C,CM,1
NC_037338.1,NC_032660.1,25382449,26737189,26737190,t,tc,1
NC_037338.1,NC_032660.1,25405943,26760682,26760683,C,CT,1
NC_037338.1,NC_032660.1,25416069,26770808,26770809,t,tc,1
NC_037338.1,NC_032660.1,25440008,26794728,26794729,T,TC,1
NC_037338.1,NC_032660.1,25451600,26806325,26806329,c,cacag,4
NC_037338.1,NC_032660.1,25465778,26820496,26820497,C,CA,1
NC_037338.1,NC_032660.1,25508969,26863766,26863767,T,TN,1
NC_037338.1,NC_032660.1,25585651,26940472,26940473,T,TG,1
NC_037338.1,NC_032660.1,25596848,26951671,26951672,C,CT,1
NC_037338.1,NC_032660.1,25612245,26967079,26967080,C,CT,1
NC_037338.1,NC_032660.1,25614816,26969653,26969656,t,ttaa,3
NC_037338.1,NC_032660.1,25996933,27334812,27334813,C,CT,1
NC_037338.1,NC_032660.1,25997046,27334926,27334927,T,TG,1
NC_037338.1,NC_032660.1,26020054,27357938,27357939,t,tg,1
NC_037338.1,NC_032660.1,26024612,27362499,27362504,a,attttt,5
NC_037338.1,NC_032660.1,26026999,27364893,27364894,c,ca,1
NC_037338.1,NC_032660.1,26052894,27390640,27390642,A,ACT,2
NC_037338.1,NC_032660.1,26108424,27447209,27447210,G,GA,1
NC_037338.1,NC_032660.1,26116763,27455548,27455549,g,ga,1
NC_037338.1,NC_032660.1,26157559,27496347,27496348,A,AK,1
NC_037338.1,NC_032660.1,26157754,27496634,27496635,T,TC,1
NC_037338.1,NC_032660.1,26194309,27532290,27532293,T,TTTC,3
NC_037338.1,NC_032660.1,26204945,27542851,27542853,a,aag,2
NC_037338.1,NC_032660.1,26222806,27560714,27560715,A,AG,1
NC_037338.1,NC_032660.1,26223271,27561180,27561188,a,aaaNNNNNN,8
NC_037338.1,NC_032660.1,26255713,27594043,27594045,C,CCS,2
NC_037338.1,NC_032660.1,26264567,27602899,27602900,a,ac,1
NC_037338.1,NC_032660.1,26679377,27771345,27771346,T,TC,1
NC_037338.1,NC_032660.1,26747800,27839542,27839545,a,aagg,3
NC_037338.1,NC_032660.1,26852913,27944565,27944566,c,ca,1
NC_037338.1,NC_032660.1,26916319,28008114,28008115,a,ac,1
NC_037338.1,NC_032660.1,26916324,28008120,28008121,g,ga,1
NC_037338.1,NC_032660.1,26988709,28080464,28080466,t,tNN,2
NC_037338.1,NC_032660.1,27033758,28127945,28127946,g,ga,1
NC_037338.1,NC_032660.1,27216584,28320774,28320775,C,CR,1
NC_037338.1,NC_032660.1,27299397,28404527,28404533,T,TTCCTTA,6
NC_037338.1,NC_032660.1,27356250,28461391,28461394,T,TTTA,3
NC_037338.1,NC_032660.1,27356874,28462018,28462019,T,TY,1
NC_037338.1,NC_032660.1,27370854,28475995,28476028,C,CCAAATGCAAGCATAAATCTAGAGTGGAGCTGAT,33
NC_037338.1,NC_032660.1,27371157,28476331,28476332,C,CT,1
NC_037338.1,NC_032660.1,27395871,28501045,28501046,T,TA,1
NC_037338.1,NC_032660.1,27437796,28542982,28542983,G,GS,1
NC_037338.1,NC_032660.1,27715143,28787309,28787311,a,aac,2
NC_037338.1,NC_032660.1,27726965,28799141,28799143,A,AAT,2
NC_037338.1,NC_032660.1,27748637,28820815,28820816,G,GC,1
NC_037338.1,NC_032660.1,27804007,28876202,28876203,t,tc,1
NC_037338.1,NC_032660.1,27809577,28881778,28881779,G,GT,1
NC_037338.1,NC_032660.1,27810408,28882612,28882613,a,ac,1
NC_037338.1,NC_032660.1,27830268,28902472,28902474,a,aac,2
NC_037338.1,NC_032660.1,27854501,28926706,28926732,T,TCNNNNNNNNNNNNNNNNNNNNNNNNN,26
NC_037338.1,NC_032660.1,27883809,28956001,28956002,A,AG,1
NC_037338.1,NC_032660.1,27916519,28989051,28989052,T,TW,1
NC_037338.1,NC_032660.1,27930860,29003393,29003394,c,ca,1
NC_037338.1,NC_032660.1,27941993,29014527,29014530,t,ttca,3
NC_037338.1,NC_032660.1,27987013,29059556,29059557,c,ct,1
NC_037338.1,NC_032660.1,27987720,29060264,29060270,g,gaatgaa,6
NC_037338.1,NC_032660.1,28143875,29216418,29216419,T,TK,1
NC_037338.1,NC_032660.1,28217676,29290715,29290716,T,TA,1
NC_037338.1,NC_032660.1,28223706,29296741,29296742,C,CA,1
NC_037338.1,NC_032660.1,28249463,29322545,29322553,C,CATCTGGAT,8
NC_037338.1,NC_032660.1,28254527,29327613,29327614,t,ta,1
NC_037338.1,NC_032660.1,28254749,29327836,29327837,a,ag,1
NC_037338.1,NC_032660.1,28260467,29333558,29333561,t,tagc,3
NC_037338.1,NC_032660.1,28260607,29333701,29333702,a,ag,1
NC_037338.1,NC_032660.1,28263000,29336093,29336096,c,cttt,3
NC_037338.1,NC_032660.1,28267741,29340838,29340839,t,ta,1
NC_037338.1,NC_032660.1,28330650,29403214,29403221,A,ATGACACC,7
NC_037338.1,NC_032660.1,28348628,29421197,29421198,G,GR,1
NC_037338.1,NC_032660.1,28416556,29489143,29489145,C,CCT,2
NC_037338.1,NC_032660.1,28434118,29506635,29506636,C,CT,1
NC_037338.1,NC_032660.1,28513927,29586370,29586372,t,tgg,2
NC_037338.1,NC_032660.1,28555963,29628413,29628422,T,TGATGAAAAC,9
NC_037338.1,NC_032660.1,28632926,29703273,29703274,A,AM,1
NC_037338.1,NC_032660.1,28633467,29703815,29703817,A,AMT,2
NC_037338.1,NC_032660.1,28642304,29712654,29712657,t,tagc,3
NC_037338.1,NC_032660.1,28740451,29811033,29811034,C,CG,1
NC_037338.1,NC_032660.1,28753519,29824102,29824104,T,TTC,2
NC_037338.1,NC_032660.1,28754607,29825193,29825194,C,CY,1
NC_037338.1,NC_032660.1,28758099,29828697,29828711,t,tacacacacacacac,14
NC_037338.1,NC_032660.1,28765320,29837160,29837161,A,AR,1
NC_037338.1,NC_032660.1,28768860,29840708,29840709,T,TY,1
NC_037338.1,NC_032660.1,28771952,29843777,29843779,T,TTC,2
NC_037338.1,NC_032660.1,28830597,29902375,29902376,a,at,1
NC_037338.1,NC_032660.1,28842395,29914174,29914175,A,AT,1
NC_037338.1,NC_032660.1,28885676,29957470,29957471,A,AG,1
NC_037338.1,NC_032660.1,28905311,29976740,29976741,t,tg,1
NC_037338.1,NC_032660.1,28934600,30033288,30033290,t,tca,2
NC_037338.1,NC_032660.1,28939788,30038471,30038481,C,CCCTCGGTGCA,10
NC_037338.1,NC_032660.1,28939791,30038484,30038485,G,GT,1
NC_037338.1,NC_032660.1,28995749,30094499,30094500,G,GA,1
NC_037338.1,NC_032660.1,29024545,30123301,30123302,a,at,1
NC_037338.1,NC_032660.1,29031603,30130366,30130367,G,GK,1
NC_037338.1,NC_032660.1,29059325,30158308,30158312,t,tNNNN,4
NC_037338.1,NC_032660.1,29087660,30186649,30186650,A,AC,1
NC_037338.1,NC_032660.1,29090314,30189303,30189306,T,TCNN,3
NC_037338.1,NC_032660.1,29333160,30464725,30464726,T,TK,1
NC_037338.1,NC_032660.1,29363881,30500871,30500872,G,GR,1
NC_037338.1,NC_032660.1,29371953,30511959,30511960,C,CY,1
NC_037338.1,NC_032660.1,29399634,30539639,30539640,A,AR,1
NC_037338.1,NC_032660.1,29400131,30540137,30540141,G,GGTTT,4
NC_037338.1,NC_032660.1,29452571,30592530,30592532,g,gcc,2
NC_037338.1,NC_032660.1,29464813,30604769,30604770,T,TG,1
NC_037338.1,NC_032660.1,29466634,30606591,30606592,A,AR,1
NC_037338.1,NC_032660.1,29466728,30606686,30606697,A,AAACTACCNNNN,11
NC_037338.1,NC_032660.1,29548502,30687902,30687903,T,TA,1
NC_037338.1,NC_032660.1,29548504,30687905,30687906,A,AG,1
NC_037338.1,NC_032660.1,29578589,30718686,30718688,A,ACT,2
NC_037338.1,NC_032660.1,29580228,30720327,30720333,C,CATAGGT,6
NC_037338.1,NC_032660.1,29590913,30731026,30731027,T,TG,1
NC_037338.1,NC_032660.1,29591060,30731174,30731175,C,CY,1
NC_037338.1,NC_032660.1,29591157,30731272,30731273,A,AW,1
NC_037338.1,NC_032660.1,29595505,30735622,30735638,A,ATAATTTACCAGGAGGG,16
NC_037338.1,NC_032660.1,29597532,30737664,30737665,c,ct,1
NC_037338.1,NC_032660.1,29601044,30741191,30741192,C,CM,1
NC_037338.1,NC_032660.1,29677766,30818005,30818006,C,CG,1
NC_037338.1,NC_032660.1,29811789,30944944,30944945,G,GA,1
NC_037338.1,NC_032660.1,29828863,30962018,30962019,C,CA,1
NC_037338.1,NC_032660.1,29828882,30962038,30962039,C,CA,1
NC_037338.1,NC_032660.1,29924414,31056246,31056247,A,AR,1
NC_037338.1,NC_032660.1,29964049,31095885,31095886,C,CA,1
NC_037338.1,NC_032660.1,30001337,31133175,31133176,g,gc,1
NC_037338.1,NC_032660.1,30029637,31161476,31161477,C,CY,1
NC_037338.1,NC_032660.1,30029909,31161636,31161637,T,TA,1
NC_037338.1,NC_032660.1,30029965,31161693,31161694,G,GS,1
NC_037338.1,NC_032660.1,30030070,31161799,31161800,G,GR,1
NC_037338.1,NC_032660.1,30167997,31299499,31299504,C,CTATGT,5
NC_037338.1,NC_032660.1,30231352,31362860,31362861,A,AT,1
NC_037338.1,NC_032660.1,30238500,31370008,31370009,C,CT,1
NC_037338.1,NC_032660.1,30253639,31385724,31385725,c,ca,1
NC_037338.1,NC_032660.1,30254839,31386926,31386927,A,AT,1
NC_037338.1,NC_032660.1,30267836,31399849,31399850,G,GA,1
NC_037338.1,NC_032660.1,30329394,31458255,31458256,g,gt,1
NC_037338.1,NC_032660.1,30330121,31458983,31458985,c,ctt,2
NC_037338.1,NC_032660.1,30335770,31464644,31464645,t,tc,1
NC_037338.1,NC_032660.1,30339492,31468364,31468365,t,ta,1
NC_037338.1,NC_032660.1,30346877,31475753,31475754,t,ta,1
NC_037338.1,NC_032660.1,30355269,31484145,31484163,g,gtacttctttatacattct,18
NC_037338.1,NC_032660.1,30368291,31497193,31497194,C,CT,1
NC_037338.1,NC_032660.1,30394452,31523704,31523705,a,at,1
NC_037338.1,NC_032660.1,30394454,31523707,31523708,t,ta,1
NC_037338.1,NC_032660.1,30395484,31524738,31524741,T,TAAC,3
NC_037338.1,NC_032660.1,30399155,31528412,31528413,A,AG,1
NC_037338.1,NC_032660.1,30428002,31557258,31557259,G,GA,1
NC_037338.1,NC_032660.1,30459630,31590000,31590001,t,ta,1
NC_037338.1,NC_032660.1,30520457,31646225,31646226,G,GY,1
NC_037338.1,NC_032660.1,30521673,31647445,31647446,a,ag,1
NC_037338.1,NC_032660.1,30522251,31648017,31648019,c,cat,2
NC_037338.1,NC_032660.1,30522480,31648248,31648249,t,ta,1
NC_037338.1,NC_032660.1,30524563,31650332,31650334,a,aac,2
NC_037338.1,NC_032660.1,30588828,31797374,31797380,t,tctatac,6
NC_037338.1,NC_032660.1,30593596,31802153,31802154,T,TK,1
NC_037338.1,NC_032660.1,30683800,31892351,31892355,a,aagat,4
NC_037338.1,NC_032660.1,30715511,31924118,31924122,a,agtgt,4
NC_037338.1,NC_032660.1,30822024,32030295,32030308,A,ACAGACCATAGCTT,13
NC_037338.1,NC_032660.1,30830626,32038914,32038915,a,ag,1
NC_037338.1,NC_032660.1,30838307,32046601,32046606,T,TAGATC,5
NC_037338.1,NC_032660.1,30851344,32059085,32059086,C,CA,1
NC_037338.1,NC_032660.1,30941286,32148975,32148976,t,tg,1
NC_037338.1,NC_032660.1,31011049,32220809,32220810,G,GA,1
NC_037338.1,NC_032660.1,31022855,32233294,32233295,A,AG,1
NC_037338.1,NC_032660.1,31044208,32254456,32254458,a,aat,2
NC_037338.1,NC_032660.1,31044333,32254583,32254584,G,GM,1
NC_037338.1,NC_032660.1,31051829,32262082,32262088,a,atatatg,6
NC_037338.1,NC_032660.1,31052016,32262275,32262289,g,gtatatatatatata,14
NC_037338.1,NC_032660.1,31053666,32263939,32263940,G,GS,1
NC_037338.1,NC_032660.1,31056038,32266314,32266315,T,TY,1
NC_037338.1,NC_032660.1,31057259,32267538,32267542,a,aattt,4
NC_037338.1,NC_032660.1,31057956,32268247,32268248,G,GT,1
NC_037338.1,NC_032660.1,31072774,32283074,32283084,t,tttttttttta,10
NC_037338.1,NC_032660.1,31099327,32309911,32309922,t,tattcaagactg,11
NC_037338.1,NC_032660.1,31184640,32414387,32414388,C,CT,1
NC_037338.1,NC_032660.1,31241006,32470750,32470751,A,AG,1
NC_037338.1,NC_032660.1,31242680,32472428,32472429,g,gt,1
NC_037338.1,NC_032660.1,31251134,32480885,32480887,c,cat,2
NC_037338.1,NC_032660.1,31277847,32507604,32507605,T,TG,1
NC_037338.1,NC_032660.1,31278887,32508647,32508648,g,gt,1
NC_037338.1,NC_032660.1,31279055,32508817,32508818,g,ga,1
NC_037338.1,NC_032660.1,31316008,32602407,32602410,c,cttt,3
NC_037338.1,NC_032660.1,31326451,32612855,32612856,c,ct,1
NC_037338.1,NC_032660.1,31326952,32613357,32613360,c,cttt,3
NC_037338.1,NC_032660.1,31343620,32630027,32630028,C,CY,1
NC_037338.1,NC_032660.1,31352061,32638488,32638489,C,CT,1
NC_037338.1,NC_032660.1,31366419,32652827,32652828,T,TK,1
NC_037338.1,NC_032660.1,31378667,32665080,32665081,T,TC,1
NC_037338.1,NC_032660.1,31388226,32674497,32674500,c,caaa,3
NC_037338.1,NC_032660.1,31406909,32693172,32693173,A,AT,1
NC_037338.1,NC_032660.1,31497790,32794652,32794655,T,TTAW,3
NC_037338.1,NC_032660.1,31501192,32798058,32798059,a,ag,1
NC_037338.1,NC_032660.1,31554291,32851565,32851566,A,AG,1
NC_037338.1,NC_032660.1,31560951,32858226,32858227,G,GS,1
NC_037338.1,NC_032660.1,31584301,32881907,32881912,A,AAATGT,5
NC_037338.1,NC_032660.1,31586944,32884562,32884563,T,TC,1
NC_037338.1,NC_032660.1,31588935,32886553,32886554,A,AG,1
NC_037338.1,NC_032660.1,31596618,32894238,32894239,t,tc,1
NC_037338.1,NC_032660.1,31601503,32899127,32899128,T,TA,1
NC_037338.1,NC_032660.1,31606587,32904151,32904152,T,TC,1
NC_037338.1,NC_032660.1,31616734,32914308,32914310,g,gta,2
NC_037338.1,NC_032660.1,31653274,32950843,32950844,T,TY,1
NC_037338.1,NC_032660.1,31669827,32967402,32967403,T,TW,1
NC_037338.1,NC_032660.1,31673260,32970836,32970838,g,gaa,2
NC_037338.1,NC_032660.1,31676059,32973639,32973641,t,tNN,2
NC_037338.1,NC_032660.1,31676714,32974294,32974296,t,tta,2
NC_037338.1,NC_032660.1,31686528,32983879,32983880,C,CA,1
NC_037338.1,NC_032660.1,31689903,32987278,32987287,T,TGCAACCAGC,9
NC_037338.1,NC_032660.1,31695746,32993129,32993130,g,gc,1
NC_037338.1,NC_032660.1,31698482,32995866,32995867,t,ta,1
NC_037338.1,NC_032660.1,31707749,33005527,33005528,G,GA,1
NC_037338.1,NC_032660.1,31722607,33020373,33020374,C,CA,1
NC_037338.1,NC_032660.1,31828428,33128556,33128557,t,ta,1
NC_037338.1,NC_032660.1,31845264,33145433,33145434,t,tg,1
NC_037338.1,NC_032660.1,31849087,33149566,33149567,t,tN,1
NC_037338.1,NC_032660.1,31876752,33180248,33180249,t,tc,1
NC_037338.1,NC_032660.1,31919988,33224991,33224992,a,at,1
NC_037338.1,NC_032660.1,31999470,33304477,33304481,t,tacac,4
NC_037338.1,NC_032660.1,32021995,33327535,33327536,c,ca,1
NC_037338.1,NC_032660.1,32022214,33327754,33327756,g,gga,2
NC_037338.1,NC_032660.1,32071606,33381746,33381747,t,ta,1
NC_037338.1,NC_032660.1,32217419,33527961,33527962,A,AG,1
NC_037338.1,NC_032660.1,32219689,33530232,33530235,t,taaa,3
NC_037338.1,NC_032660.1,32220602,33531148,33531152,a,agcac,4
NC_037338.1,NC_032660.1,32220899,33531449,33531450,G,GR,1
NC_037338.1,NC_032660.1,32308407,33618919,33618920,G,GA,1
NC_037338.1,NC_032660.1,32313065,33623575,33623576,g,ga,1
NC_037338.1,NC_032660.1,32317768,33628283,33628284,a,at,1
NC_037338.1,NC_032660.1,32318629,33629145,33629146,T,TY,1
NC_037338.1,NC_032660.1,32319747,33630264,33630265,T,TK,1
NC_037338.1,NC_032660.1,32331818,33642319,33642320,t,tg,1
NC_037338.1,NC_032660.1,32393207,33703552,33703553,a,ac,1
NC_037338.1,NC_032660.1,32393248,33703594,33703595,t,ta,1
NC_037338.1,NC_032660.1,32462497,33774451,33774453,a,agg,2
NC_037338.1,NC_032660.1,32501512,33813460,33813462,g,gca,2
NC_037338.1,NC_032660.1,32504623,33816571,33816572,a,at,1
NC_037338.1,NC_032660.1,32561600,33873558,33873559,T,TC,1
NC_037338.1,NC_032660.1,32573459,33897138,33897165,T,TACTNNNNNNNNNNNNNNNNTAAACTTC,27
NC_037338.1,NC_032660.1,32586823,33909485,33909486,A,AR,1
NC_037338.1,NC_032660.1,32600130,33922788,33922789,T,TA,1
NC_037338.1,NC_032660.1,32601610,33924269,33924274,G,GTGATA,5
NC_037338.1,NC_032660.1,32601612,33924276,33924277,T,TA,1
NC_037338.1,NC_032660.1,32628389,33950705,33950718,a,atNNNNNNNNNNNN,13
NC_037338.1,NC_032660.1,32712089,34034232,34034233,t,ta,1
NC_037338.1,NC_032660.1,32712226,34034370,34034371,t,tg,1
NC_037338.1,NC_032660.1,32714305,34036450,34036451,C,CA,1
NC_037338.1,NC_032660.1,32714368,34036514,34036515,t,tc,1
NC_037338.1,NC_032660.1,32714469,34036616,34036617,a,ag,1
NC_037338.1,NC_032660.1,32714503,34036651,34036652,a,aR,1
NC_037338.1,NC_032660.1,32714764,34036911,34036912,A,AT,1
NC_037338.1,NC_032660.1,32714986,34037134,34037135,G,GA,1
NC_037338.1,NC_032660.1,32715021,34037170,34037171,g,ga,1
NC_037338.1,NC_032660.1,32715173,34037322,34037323,T,TA,1
NC_037338.1,NC_032660.1,32715360,34037508,34037509,a,at,1
NC_037338.1,NC_032660.1,32715407,34037556,34037557,t,tc,1
NC_037338.1,NC_032660.1,32715930,34038080,34038081,T,TA,1
NC_037338.1,NC_032660.1,32716067,34038217,34038218,A,AC,1
NC_037338.1,NC_032660.1,32716703,34038852,34038853,C,CT,1
NC_037338.1,NC_032660.1,32716798,34038948,34038949,T,TA,1
NC_037338.1,NC_032660.1,32716880,34039031,34039032,a,at,1
NC_037338.1,NC_032660.1,32716918,34039070,34039071,A,AC,1
NC_037338.1,NC_032660.1,32748441,34047970,34047972,t,ttg,2
NC_037338.1,NC_032660.1,32778009,34077709,34077710,g,gc,1
NC_037338.1,NC_032660.1,32860934,34160634,34160635,G,GT,1
NC_037338.1,NC_032660.1,32873910,34173608,34173609,g,ga,1
NC_037338.1,NC_032660.1,32890618,34190320,34190322,t,tta,2
NC_037338.1,NC_032660.1,32902447,34202148,34202150,a,att,2
NC_037338.1,NC_032660.1,32906612,34206315,34206316,g,ga,1
NC_037338.1,NC_032660.1,32934215,34232872,34232873,t,ta,1
NC_037338.1,NC_032660.1,32956288,34254958,34254959,c,ct,1
NC_037338.1,NC_032660.1,32969463,34268120,34268121,a,ac,1
NC_037338.1,NC_032660.1,32972666,34271334,34271335,T,TA,1
NC_037338.1,NC_032660.1,32975579,34274252,34274255,t,taaa,3
NC_037338.1,NC_032660.1,32995683,34294356,34294366,T,TACTGGTGCGA,10
NC_037338.1,NC_032660.1,33004859,34303542,34303547,a,attaat,5
NC_037338.1,NC_032660.1,33072925,34371436,34371455,G,GTAACAACAAGGGCAACAAR,19
NC_037338.1,NC_032660.1,33099910,34398447,34398448,T,TW,1
NC_037338.1,NC_032660.1,33124178,34422717,34422718,t,tW,1
NC_037338.1,NC_032660.1,33156341,34455045,34455046,t,ta,1
NC_037338.1,NC_032660.1,33156624,34455330,34455332,a,aat,2
NC_037338.1,NC_032660.1,33156917,34455622,34455623,c,ct,1
NC_037338.1,NC_032660.1,33158946,34457654,34457657,G,GTAT,3
NC_037338.1,NC_032660.1,33302514,34606332,34606333,G,GC,1
NC_037338.1,NC_032660.1,33319118,34622942,34622943,A,AR,1
NC_037338.1,NC_032660.1,33319201,34623026,34623027,C,CG,1
NC_037338.1,NC_032660.1,33326193,34629988,34629989,A,AM,1
NC_037338.1,NC_032660.1,33361125,34664921,34664923,g,gga,2
NC_037338.1,NC_032660.1,33362774,34666574,34666576,t,tNN,2
NC_037338.1,NC_032660.1,33365669,34669473,34669474,a,aN,1
NC_037338.1,NC_032660.1,33381514,34685321,34685324,a,aaac,3
NC_037338.1,NC_032660.1,33381514,34694487,34694490,a,aaac,3
NC_037338.1,NC_032660.1,33403576,34716553,34716554,g,ga,1
NC_037338.1,NC_032660.1,33403584,34716562,34716563,g,ga,1
NC_037338.1,NC_032660.1,33413609,34726592,34726594,T,TWW,2
NC_037338.1,NC_032660.1,33438214,34751203,34751205,a,aaN,2
NC_037338.1,NC_032660.1,33547048,34868966,34868967,c,ct,1
NC_037338.1,NC_032660.1,33547122,34869041,34869042,t,tN,1
NC_037338.1,NC_032660.1,33575897,34897675,34897676,a,at,1
NC_037338.1,NC_032660.1,33619890,34941592,34941593,g,gt,1
NC_037338.1,NC_032660.1,33631243,34952947,34952948,T,TC,1
NC_037338.1,NC_032660.1,33631883,34953588,34953589,g,gc,1
NC_037338.1,NC_032660.1,33645003,34966712,34966714,c,ctt,2
NC_037338.1,NC_032660.1,33832110,35096823,35096834,t,tgcgaccccatg,11
NC_037338.1,NC_032660.1,33841091,35105820,35105821,A,AG,1
NC_037338.1,NC_032660.1,33844312,35109047,35109048,C,CT,1
NC_037338.1,NC_032660.1,33862545,35127333,35127334,c,ca,1
NC_037338.1,NC_032660.1,33865217,35130006,35130007,a,at,1
NC_037338.1,NC_032660.1,33932302,35200436,35200437,a,aM,1
NC_037338.1,NC_032660.1,33941588,35209721,35209722,a,at,1
NC_037338.1,NC_032660.1,33969931,35237127,35237130,A,ATTG,3
NC_037338.1,NC_032660.1,33998608,35336241,35336242,t,ta,1
NC_037338.1,NC_032660.1,33999626,35337260,35337268,c,caactgaca,8
NC_037338.1,NC_032660.1,34000391,35338031,35338032,g,gt,1
NC_037338.1,NC_032660.1,34042173,35380808,35380809,t,tW,1
NC_037338.1,NC_032660.1,34058250,35396900,35396901,t,tg,1
NC_037338.1,NC_032660.1,34058701,35397352,35397353,c,ct,1
NC_037338.1,NC_032660.1,34062379,35401032,35401033,g,ga,1
NC_037338.1,NC_032660.1,34064698,35403273,35403275,T,TTG,2
NC_037338.1,NC_032660.1,34066017,35404593,35404595,g,gga,2
NC_037338.1,NC_032660.1,34076181,35414750,35414755,a,ataaat,5
NC_037338.1,NC_032660.1,34093392,35432168,35432170,c,cta,2
NC_037338.1,NC_032660.1,34098497,35437275,35437276,a,at,1
NC_037338.1,NC_032660.1,34101460,35440239,35440240,c,ct,1
NC_037338.1,NC_032660.1,34128009,35466797,35466798,T,TA,1
NC_037338.1,NC_032660.1,34129435,35468224,35468225,T,TC,1
NC_037338.1,NC_032660.1,34134733,35473524,35473525,a,ag,1
NC_037338.1,NC_032660.1,34309518,35648367,35648368,A,AW,1
NC_037338.1,NC_032660.1,34334929,35673789,35673792,c,catt,3
NC_037338.1,NC_032660.1,34415532,35825943,35825944,t,ta,1
NC_037338.1,NC_032660.1,34418814,35829269,35829276,a,attttttt,7
NC_037338.1,NC_032660.1,34420101,35830563,35830566,g,gagc,3
NC_037338.1,NC_032660.1,34586061,35982551,35982552,a,at,1
NC_037338.1,NC_032660.1,34639123,36035455,36035456,T,TW,1
NC_037338.1,NC_032660.1,34666115,36062456,36062457,a,ac,1
NC_037338.1,NC_032660.1,34680148,36076487,36076488,C,CT,1
NC_037338.1,NC_032660.1,34711738,36108082,36108083,C,CA,1
NC_037338.1,NC_032660.1,34712673,36109018,36109028,t,tggaacaagag,10
NC_037338.1,NC_032660.1,34713562,36109916,36109917,g,gt,1
NC_037338.1,NC_032660.1,34713661,36110016,36110017,A,AG,1
NC_037338.1,NC_032660.1,34713709,36110065,36110066,G,GK,1
NC_037338.1,NC_032660.1,34713929,36110285,36110286,A,AT,1
NC_037338.1,NC_032660.1,34717251,36113607,36113609,A,ACT,2
NC_037338.1,NC_032660.1,34720773,36117136,36117139,a,atat,3
NC_037338.1,NC_032660.1,34725638,36122000,36122002,G,GTA,2
NC_037338.1,NC_032660.1,34726442,36122793,36122803,A,ATTCatctttt,10
NC_037338.1,NC_032660.1,34729571,36125934,36125935,a,ag,1
NC_037338.1,NC_032660.1,34729934,36126298,36126316,t,tatttttttgtgtggaTTA,18
NC_037338.1,NC_032660.1,34730276,36126658,36126660,C,CTT,2
NC_037338.1,NC_032660.1,34732574,36128969,36128971,c,ctt,2
NC_037338.1,NC_032660.1,34732644,36129041,36129043,T,TTA,2
NC_037338.1,NC_032660.1,34772915,36170788,36170789,a,at,1
NC_037338.1,NC_032660.1,34773715,36171589,36171590,g,ga,1
NC_037338.1,NC_032660.1,34776832,36174707,36174744,t,tttttgatattttgaatgaggtattatatattttgata,37
NC_037338.1,NC_032660.1,34792882,36190788,36190790,A,ATT,2
NC_037338.1,NC_032660.1,34846366,36200347,36200355,g,gtatatata,8
NC_037338.1,NC_032660.1,34897321,36253095,36253096,G,GC,1
NC_037338.1,NC_032660.1,34906538,36262313,36262314,t,tg,1
NC_037338.1,NC_032660.1,34922639,36278421,36278422,g,gc,1
NC_037338.1,NC_032660.1,34950962,36307530,36307532,a,aNN,2
NC_037338.1,NC_032660.1,34961804,36317912,36317913,t,tc,1
NC_037338.1,NC_032660.1,34963197,36319307,36319308,T,TA,1
NC_037338.1,NC_032660.1,34967806,36323917,36323918,a,ag,1
NC_037338.1,NC_032660.1,34970322,36326595,36326596,c,ca,1
NC_037338.1,NC_032660.1,34992695,36349408,36349409,a,ag,1
NC_037338.1,NC_032660.1,34993652,36350366,36350368,c,cct,2
NC_037338.1,NC_032660.1,34999040,36355765,36355770,a,atatat,5
NC_037338.1,NC_032660.1,35002162,36358889,36358890,t,tg,1
NC_037338.1,NC_032660.1,35021116,36377846,36377847,a,ac,1
NC_037338.1,NC_032660.1,35026298,36383028,36383034,c,ctttctt,6
NC_037338.1,NC_032660.1,35030696,36387430,36387431,G,GS,1
NC_037338.1,NC_032660.1,35033540,36390281,36390294,a,ataaaaatattttt,13
NC_037338.1,NC_032660.1,35043862,36400955,36400961,a,aacacac,6
NC_037338.1,NC_032660.1,35045410,36402509,36402510,G,GC,1
NC_037338.1,NC_032660.1,35080429,36438004,36438006,c,ctg,2
NC_037338.1,NC_032660.1,35082352,36439928,36439929,A,AK,1
NC_037338.1,NC_032660.1,35189723,36591885,36591887,C,CTT,2
NC_037338.1,NC_032660.1,35205108,36607248,36607249,a,ac,1
NC_037338.1,NC_032660.1,35229771,36632507,36632508,c,ct,1
NC_037338.1,NC_032660.1,35251637,36654386,36654408,G,GGACGTTTTGTGTCCTTGCTTAA,22
NC_037338.1,NC_032660.1,35328227,36738681,36738682,a,ac,1
NC_037338.1,NC_032660.1,35331478,36741914,36741915,A,AT,1
NC_037338.1,NC_032660.1,35343492,36753929,36753930,G,GA,1
NC_037338.1,NC_032660.1,35396475,36806824,36806825,t,tg,1
NC_037338.1,NC_032660.1,35463688,36874040,36874041,t,tc,1
NC_037338.1,NC_032660.1,35463752,36874105,36874106,t,ta,1
NC_037338.1,NC_032660.1,35466527,36876881,36876882,g,gt,1
NC_037338.1,NC_032660.1,35466817,36877172,36877173,t,ta,1
NC_037338.1,NC_032660.1,35478108,36888427,36888430,A,ATAT,3
NC_037338.1,NC_032660.1,35478281,36888602,36888603,T,TA,1
NC_037338.1,NC_032660.1,35478401,36888723,36888749,C,CAAactacttcagtaaaaaaaaatata,26
NC_037338.1,NC_032660.1,35478907,36889256,36889257,A,AT,1
NC_037338.1,NC_032660.1,35478935,36889285,36889286,A,AT,1
NC_037338.1,NC_032660.1,35499237,36909589,36909590,T,TW,1
NC_037338.1,NC_032660.1,35500510,36910864,36910865,a,ac,1
NC_037338.1,NC_032660.1,35564253,36974670,36974671,C,CG,1
NC_037338.1,NC_032660.1,35587399,36996899,36996900,g,gt,1
NC_037338.1,NC_032660.1,35650291,37075306,37075307,A,AC,1
NC_037338.1,NC_032660.1,35652126,37077134,37077135,A,AT,1
NC_037338.1,NC_032660.1,35663165,37088268,37088269,G,GA,1
NC_037338.1,NC_032660.1,35700064,37125065,37125066,g,gt,1
NC_037338.1,NC_032660.1,35708358,37133462,37133463,a,at,1
NC_037338.1,NC_032660.1,35776242,37201355,37201356,a,at,1
NC_037338.1,NC_032660.1,35955460,37382826,37382828,t,tNN,2
NC_037338.1,NC_032660.1,35994457,37421670,37421700,C,CTAAAGCaaaattcagagagaaaatataGTT,30
NC_037338.1,NC_032660.1,35997303,37424533,37424535,t,ttc,2
NC_037338.1,NC_032660.1,35997922,37425154,37425157,t,tttg,3
NC_037338.1,NC_032660.1,36000238,37427470,37427473,t,tcta,3
NC_037338.1,NC_032660.1,36032772,37460313,37460316,c,caga,3
NC_037338.1,NC_032660.1,36088145,37515696,37515707,C,CAAAAtaacaaa,11
NC_037338.1,NC_032660.1,36132104,37559689,37559690,t,ta,1
NC_037338.1,NC_032660.1,36209268,37633013,37633014,G,GS,1
NC_037338.1,NC_032660.1,36210824,37634570,37634571,C,CT,1
NC_037338.1,NC_032660.1,36243191,37666943,37666944,g,gt,1
NC_037338.1,NC_032660.1,36270045,37694004,37694008,c,ctgat,4
NC_037338.1,NC_032660.1,36274133,37698097,37698098,C,CA,1
NC_037338.1,NC_032660.1,36579476,38001394,38001395,C,CG,1
NC_037338.1,NC_032660.1,36735349,38157532,38157533,G,GA,1
NC_037338.1,NC_032660.1,36745355,38167557,38167558,T,TC,1
NC_037338.1,NC_032660.1,36907617,38394609,38394610,C,CA,1
NC_037338.1,NC_032660.1,37102146,38611806,38611807,A,AR,1
NC_037338.1,NC_032660.1,37148049,38658248,38658249,a,at,1
NC_037338.1,NC_032660.1,37467516,39038335,39038336,A,AC,1
NC_037338.1,NC_032660.1,37713098,39283921,39283922,A,AM,1
NC_037338.1,NC_032660.1,37713205,39284030,39284031,A,AW,1
NC_037338.1,NC_032660.1,37757027,39327848,39327849,T,TA,1
NC_037338.1,NC_032660.1,37757030,39327852,39327857,C,CAGGCA,5
NC_037338.1,NC_032660.1,37764704,39335531,39335532,G,GA,1
NC_037338.1,NC_032660.1,37952844,39524386,39524387,g,ga,1
NC_037338.1,NC_032660.1,37977159,39548702,39548703,a,ac,1
NC_037338.1,NC_032660.1,38001758,39573303,39573305,t,tNN,2
NC_037338.1,NC_032660.1,38205601,39776985,39776986,C,CT,1
NC_037338.1,NC_032660.1,38251397,39822784,39822787,C,CGAT,3
NC_037338.1,NC_032660.1,38316549,39887941,39887943,C,CCT,2
NC_037338.1,NC_032660.1,38402108,39974526,39974528,a,aNN,2
NC_037338.1,NC_032660.1,38444252,40016677,40016678,A,AG,1
NC_037338.1,NC_032660.1,38839006,40385288,40385289,A,AR,1
NC_037338.1,NC_032660.1,38912399,40458522,40458523,C,CS,1
NC_037338.1,NC_032660.1,38945669,40491451,40491452,T,TA,1
NC_037338.1,NC_032660.1,39097333,40643092,40643097,t,tgaatc,5
NC_037338.1,NC_032660.1,39108272,40654038,40654040,t,taa,2
NC_037338.1,NC_032660.1,39128229,40673990,40674007,a,atggctccacccactacC,17
NC_037338.1,NC_032660.1,39130261,40676041,40676042,g,ga,1
NC_037338.1,NC_032660.1,39209932,40754165,40754166,t,ta,1
NC_037338.1,NC_032660.1,39209951,40754185,40754187,a,aat,2
NC_037338.1,NC_032660.1,39259893,40804214,40804216,t,tga,2
NC_037338.1,NC_032660.1,39266510,40810462,40810463,t,tc,1
NC_037338.1,NC_032660.1,39266515,40810468,40810469,t,tc,1
NC_037338.1,NC_032660.1,39394894,40938886,40938887,t,tg,1
NC_037338.1,NC_032660.1,39395865,40939858,40939860,g,gat,2
NC_037338.1,NC_032660.1,39432804,40980026,40980027,t,tg,1
NC_037338.1,NC_032660.1,39446382,40993605,40993609,a,aaaat,4
NC_037338.1,NC_032660.1,39667324,41262377,41262378,t,tc,1
NC_037338.1,NC_032660.1,39911198,41508504,41508506,a,aNN,2
NC_037338.1,NC_032660.1,39952889,41550207,41550208,C,CT,1
NC_037338.1,NC_032660.1,39952896,41550215,41550216,A,AT,1
NC_037338.1,NC_032660.1,39974800,41572123,41572124,a,ag,1
NC_037338.1,NC_032660.1,40015982,41613298,41613299,a,at,1
NC_037338.1,NC_032660.1,40081883,41684021,41684028,g,ggtttttt,7
NC_037338.1,NC_032660.1,40119567,41721636,41721637,a,at,1
NC_037338.1,NC_032660.1,40220641,41824256,41824258,g,gta,2
NC_037338.1,NC_032660.1,40221896,41825511,41825512,t,ta,1
NC_037338.1,NC_032660.1,40252500,41856274,41856275,g,gc,1
NC_037338.1,NC_032660.1,40282217,41885346,41885349,a,attc,3
NC_037338.1,NC_032660.1,40311453,41916032,41916035,c,cttt,3
NC_037338.1,NC_032660.1,40327605,41932222,41932223,g,gt,1
NC_037338.1,NC_032660.1,40404717,42009340,42009342,a,aac,2
NC_037338.1,NC_032660.1,40475876,42095811,42095812,t,tc,1
NC_037338.1,NC_032660.1,40803524,42467923,42467924,a,ac,1
NC_037338.1,NC_032660.1,40831046,42495441,42495442,T,TC,1
NC_037338.1,NC_032660.1,40831089,42495485,42495486,A,AC,1
NC_037338.1,NC_032660.1,40869165,42533514,42533516,a,aag,2
NC_037338.1,NC_032660.1,41059295,42721117,42721118,t,tc,1
NC_037338.1,NC_032660.1,41096737,42758561,42758562,g,gc,1
NC_037338.1,NC_032660.1,41280880,42943516,42943518,c,ctt,2
NC_037338.1,NC_032660.1,41303990,42966633,42966634,a,ag,1
NC_037338.1,NC_032660.1,41368871,43031091,43031095,T,TAGAA,4
NC_037338.1,NC_032660.1,41408630,43070866,43070869,G,GACA,3
NC_037338.1,NC_032660.1,41449572,43111832,43111834,t,tNN,2
NC_037338.1,NC_032660.1,41464146,43126407,43126408,A,AT,1
NC_037338.1,NC_032660.1,41483466,43145727,43145729,a,aNN,2
NC_037338.1,NC_032660.1,41529734,43191998,43192000,t,tNN,2
NC_037338.1,NC_032660.1,41559986,43222118,43222119,T,TK,1
NC_037338.1,NC_032660.1,41786714,43453034,43453055,c,ctgcaggctgcaactaagagtt,21
NC_037338.1,NC_032660.1,41794062,43460397,43460399,t,tNN,2
NC_037338.1,NC_032660.1,41836567,43502908,43502910,a,aat,2
NC_037338.1,NC_032660.1,42087683,43754571,43754572,T,TK,1
NC_037338.1,NC_032660.1,42195754,43859219,43859220,t,tW,1
NC_037338.1,NC_032660.1,42227457,43890923,43890924,T,TK,1
NC_037338.1,NC_032660.1,42454124,44169764,44169765,T,TA,1
NC_037338.1,NC_032660.1,42631897,44348399,44348400,G,GS,1
NC_037338.1,NC_032660.1,42676546,44392947,44392948,C,CA,1
NC_037338.1,NC_032660.1,42931706,44647929,44647930,T,TC,1
NC_037338.1,NC_032660.1,42931725,44647948,44647949,C,CT,1
NC_037338.1,NC_032660.1,43079757,44795868,44795869,c,ca,1
NC_037338.1,NC_032660.1,43079772,44795884,44795885,t,ta,1
NC_037338.1,NC_032660.1,43079793,44795906,44795907,a,at,1
NC_037338.1,NC_032660.1,43200448,44916569,44916570,a,ac,1
NC_037338.1,NC_032660.1,43467727,45187281,45187282,G,GR,1
NC_037338.1,NC_032660.1,43793587,45512139,45512140,t,tc,1
NC_037338.1,NC_032660.1,44137295,45855541,45855542,g,ga,1
NC_037338.1,NC_032660.1,44181945,45900278,45900279,c,ca,1
NC_037338.1,NC_032660.1,44249382,45967717,45967718,a,ag,1
NC_037338.1,NC_032660.1,44350995,46087351,46087352,G,GT,1
NC_037338.1,NC_032660.1,44351164,46087521,46087522,T,TY,1
NC_037338.1,NC_032660.1,44473244,46209602,46209603,G,GS,1
NC_037338.1,NC_032660.1,44601509,46355594,46355595,G,GS,1
NC_037338.1,NC_032660.1,44611965,46366052,46366056,g,gtgaa,4
NC_037338.1,NC_032660.1,44661272,46415362,46415363,A,AG,1
NC_037338.1,NC_032660.1,44866600,46640544,46640549,g,gcaACT,5
NC_037338.1,NC_032660.1,44866990,46640939,46640942,G,GATA,3
NC_037338.1,NC_032660.1,45008076,46782491,46782495,T,TTAAA,4
NC_037338.1,NC_032660.1,45008351,46782770,46782782,a,atgctgctgctgc,12
NC_037338.1,NC_032660.1,45025738,46801922,46801924,A,AAT,2
NC_037338.1,NC_032660.1,45029900,46806085,46806086,G,GT,1
NC_037338.1,NC_032660.1,45040059,46816247,46816248,a,ag,1
NC_037338.1,NC_032660.1,45152375,46911867,46911868,C,CT,1
NC_037338.1,NC_032660.1,45649232,47419414,47419415,g,ga,1
NC_037338.1,NC_032660.1,45699037,47469221,47469222,t,tc,1
NC_037338.1,NC_032660.1,45781670,47552035,47552037,G,GAT,2
NC_037338.1,NC_032660.1,45810416,47582934,47582935,c,ca,1
NC_037338.1,NC_032660.1,45814869,47587387,47587388,G,GC,1
NC_037338.1,NC_032660.1,45820771,47593290,47593292,t,taa,2
NC_037338.1,NC_032660.1,45870819,47643339,47643342,A,AAGG,3
NC_037338.1,NC_032660.1,45984354,47756904,47756913,T,TTATCGAAAG,9
NC_037338.1,NC_032660.1,46025087,47797646,47797686,C,CGANNNNNNNNNNNNNNNNNNNNNNNNNNNNNNNNNNNNNN,40
NC_037338.1,NC_032660.1,46048165,47820453,47820455,G,GAA,2
NC_037338.1,NC_032660.1,46134214,47906032,47906033,C,CT,1
NC_037338.1,NC_032660.1,46305735,48076890,48076904,a,agtcagcaaaagcat,14
NC_037338.1,NC_032660.1,46798151,48569833,48569839,c,ctgaagt,6
NC_037338.1,NC_032660.1,46847119,48619490,48619496,c,ctttttt,6
NC_037338.1,NC_032660.1,46878649,48651154,48651155,G,GC,1
NC_037338.1,NC_032660.1,46878762,48651268,48651356,t,tacccatccattcatccatccctcCTTNNNNNNNNNNNNNNNNNNNNNNNNNNNNNNNNNNNNTAATTGAAGGGCGGCTCCATCCACCW,88
NC_037338.1,NC_032660.1,46884065,48656659,48656660,c,ct,1
NC_037338.1,NC_032660.1,47113031,48885432,48885433,a,at,1
NC_037338.1,NC_032660.1,47171689,48944190,48944191,T,TA,1
NC_037338.1,NC_032660.1,47171705,48944207,48944208,T,TA,1
NC_037338.1,NC_032660.1,47175104,48987176,48987181,g,gcttct,5
NC_037338.1,NC_032660.1,47175108,48987185,48987186,c,ct,1
NC_037338.1,NC_032660.1,47232427,49067815,49067817,t,tNN,2
NC_037338.1,NC_032660.1,47249841,49085231,49085233,t,tNN,2
NC_037338.1,NC_032660.1,47379687,49225784,49225790,t,tactgaa,6
NC_037338.1,NC_032660.1,47432610,49288753,49288754,A,AT,1
NC_037338.1,NC_032660.1,47454335,49314352,49314355,T,TATC,3
NC_037338.1,NC_032660.1,47500897,49360920,49360921,a,at,1
NC_037338.1,NC_032660.1,47515183,49374391,49374396,A,AAGCTR,5
NC_037338.1,NC_032660.1,47517975,49377188,49377200,A,AGGGGTCGCCAGG,12
NC_037338.1,NC_032660.1,47530562,49389988,49390010,c,cacacacacacacatatatatat,22
NC_037338.1,NC_032660.1,47567687,49427093,49427094,a,ag,1
NC_037338.1,NC_032660.1,47595094,49454808,49454810,a,aNN,2
NC_037338.1,NC_032660.1,47746347,49548542,49548543,g,gt,1
NC_037338.1,NC_032660.1,47795849,49598049,49598050,A,AG,1
NC_037338.1,NC_032660.1,47795863,49598064,49598065,G,GC,1
NC_037338.1,NC_032660.1,47795982,49598183,49598184,A,AC,1
NC_037338.1,NC_032660.1,47854071,49657482,49657483,A,AG,1
NC_037338.1,NC_032660.1,47866183,49669632,49669633,t,tc,1
NC_037338.1,NC_032660.1,47898993,49702697,49702698,a,ac,1
NC_037338.1,NC_032660.1,47917094,49720799,49720800,g,gt,1
NC_037338.1,NC_032660.1,47938165,49741874,49741876,c,ctt,2
NC_037338.1,NC_032660.1,48082166,49885879,49885880,A,AR,1
NC_037338.1,NC_032660.1,48300960,50101064,50101065,C,CG,1
NC_037338.1,NC_032660.1,48446851,50247011,50247013,t,taa,2
NC_037338.1,NC_032660.1,48465534,50272162,50272164,t,tNN,2
NC_037338.1,NC_032660.1,48633290,50469218,50469223,T,TAACTA,5
NC_037338.1,NC_032660.1,48743559,50579969,50579970,C,CA,1
NC_037338.1,NC_032660.1,48748847,50585258,50585267,g,gaactctcaa,9
NC_037338.1,NC_032660.1,48749091,50585511,50585512,g,gc,1
NC_037338.1,NC_032660.1,48839650,50676083,50676085,T,TAA,2
NC_037338.1,NC_032660.1,48842808,50679238,50679239,G,GS,1
NC_037338.1,NC_032660.1,48852712,50689130,50689131,T,TA,1
NC_037338.1,NC_032660.1,48872711,50709133,50709134,T,TG,1
NC_037338.1,NC_032660.1,48879473,50715881,50715895,G,GGCATTAATTAAGgc,14
NC_037338.1,NC_032660.1,48927733,50764157,50764170,T,TTTTAAAGTTTAAC,13
NC_037338.1,NC_032660.1,48987322,50823782,50823783,T,TA,1
NC_037338.1,NC_032660.1,49162999,50999226,50999227,G,GA,1
NC_037338.1,NC_032660.1,49187413,51023632,51023633,a,ag,1
NC_037338.1,NC_032660.1,49188104,51024324,51024325,T,TC,1
NC_037338.1,NC_032660.1,49191367,51027760,51027762,G,GTC,2
NC_037338.1,NC_032660.1,49191701,51028076,51028077,T,TA,1
NC_037338.1,NC_032660.1,49201951,51047300,51047301,G,GA,1
NC_037338.1,NC_032660.1,49204544,51049894,51049896,A,AAG,2
NC_037338.1,NC_032660.1,49208012,51053366,51053368,G,GCT,2
NC_037338.1,NC_032660.1,49208128,51053484,51053485,G,GT,1
NC_037338.1,NC_032660.1,49212765,51058122,51058123,c,ca,1
NC_037338.1,NC_032660.1,49215662,51061027,51061029,c,cta,2
NC_037338.1,NC_032660.1,49215749,51061116,51061118,g,gga,2
NC_037338.1,NC_032660.1,49215768,51061137,51061138,a,ag,1
NC_037338.1,NC_032660.1,49218261,51063623,51063624,a,at,1
NC_037338.1,NC_032660.1,49219906,51065269,51065270,G,GA,1
NC_037338.1,NC_032660.1,49236790,51082263,51082264,A,AG,1
NC_037338.1,NC_032660.1,49353546,51179527,51179532,t,tttcgc,5
NC_037338.1,NC_032660.1,49471800,51298498,51298499,C,CA,1
NC_037338.1,NC_032660.1,49527283,51354527,51354530,C,CCTA,3
NC_037338.1,NC_032660.1,49556809,51384059,51384060,C,CN,1
NC_037338.1,NC_032660.1,49780021,51607305,51607306,A,AM,1
NC_037338.1,NC_032660.1,49829100,51655972,51655973,A,AG,1
NC_037338.1,NC_032660.1,49969595,51796749,51796750,C,CA,1
NC_037338.1,NC_032660.1,50032487,51859485,51859486,c,ca,1
NC_037338.1,NC_032660.1,50060966,51887970,51887976,a,atatatg,6
NC_037338.1,NC_032660.1,50061183,51888193,51888195,G,GGC,2
NC_037338.1,NC_032660.1,50121034,51948049,51948065,A,ACCCAAGTGCCCCCCCC,16
NC_037338.1,NC_032660.1,50123486,51950521,51950522,A,AW,1
NC_037338.1,NC_032660.1,50158049,51985088,51985089,t,tN,1
NC_037338.1,NC_032660.1,50168397,51995442,51995448,t,tgtgtgc,6
NC_037338.1,NC_032660.1,50181316,52008371,52008372,G,GR,1
NC_037338.1,NC_032660.1,50195912,52022981,52022982,T,TY,1
NC_037338.1,NC_032660.1,50196865,52023934,52023941,t,tgtgtgtg,7
NC_037338.1,NC_032660.1,50198142,52025214,52025216,A,AAG,2
NC_037338.1,NC_032660.1,50200331,52027404,52027405,C,CT,1
NC_037338.1,NC_032660.1,50225087,52053425,52053426,a,at,1
NC_037338.1,NC_032660.1,50233923,52062274,52062278,g,gaagc,4
NC_037338.1,NC_032660.1,50238376,52066732,52066733,T,TC,1
NC_037338.1,NC_032660.1,50239437,52067795,52067796,T,TY,1
NC_037338.1,NC_032660.1,50241121,52069418,52069430,a,actgatgctaaag,12
NC_037338.1,NC_032660.1,50241754,52070062,52070064,t,ttc,2
NC_037338.1,NC_032660.1,50242349,52070659,52070660,T,TC,1
NC_037338.1,NC_032660.1,50251990,52080260,52080261,C,CT,1
NC_037338.1,NC_032660.1,50260530,52088803,52088804,g,gt,1
NC_037338.1,NC_032660.1,50260715,52088986,52088987,g,ga,1
NC_037338.1,NC_032660.1,50261735,52090001,52090002,t,ta,1
NC_037338.1,NC_032660.1,50264722,52092986,52092988,a,agg,2
NC_037338.1,NC_032660.1,50271603,52099947,52099949,t,ttN,2
NC_037338.1,NC_032660.1,50307333,52161560,52161561,t,ta,1
NC_037338.1,NC_032660.1,50311462,52165687,52165707,c,ctggagaatcccagggacggg,20
NC_037338.1,NC_032660.1,50323889,52178543,52178544,T,TA,1
NC_037338.1,NC_032660.1,50336262,52190927,52190928,a,ac,1
NC_037338.1,NC_032660.1,50338922,52193590,52193591,T,TA,1
NC_037338.1,NC_032660.1,50346170,52201494,52201495,g,gt,1
NC_037338.1,NC_032660.1,50431344,52285923,52285927,a,aattt,4
NC_037338.1,NC_032660.1,50460949,52315527,52315533,c,cttcact,6
NC_037338.1,NC_032660.1,50497111,52352272,52352273,G,GT,1
NC_037338.1,NC_032660.1,50507911,52363093,52363095,t,tgc,2
NC_037338.1,NC_032660.1,50517728,52372910,52372911,A,AG,1
NC_037338.1,NC_032660.1,50528618,52383806,52383810,C,CTTAA,4
NC_037338.1,NC_032660.1,50529198,52384389,52384392,C,CCCT,3
NC_037338.1,NC_032660.1,50547417,52402943,52402944,T,TA,1
NC_037338.1,NC_032660.1,50605285,52460914,52460915,G,GA,1
NC_037338.1,NC_032660.1,50612636,52468267,52468268,C,CG,1
NC_037338.1,NC_032660.1,50724886,52588369,52588370,g,gc,1
NC_037338.1,NC_032660.1,50738589,52602074,52602075,g,ga,1
NC_037338.1,NC_032660.1,51126754,52990174,52990175,t,tc,1
NC_037338.1,NC_032660.1,51145167,53007045,53007046,t,ta,1
NC_037338.1,NC_032660.1,51164613,53026484,53026486,T,TCG,2
NC_037338.1,NC_032660.1,51264579,53126112,53126113,g,gt,1
NC_037338.1,NC_032660.1,51562074,53457015,53457016,G,GK,1
NC_037338.1,NC_032660.1,51570895,53465838,53465839,g,ga,1
NC_037338.1,NC_032660.1,51574667,53469611,53469612,c,ca,1
NC_037338.1,NC_032660.1,51833965,53689801,53689802,c,ct,1
NC_037338.1,NC_032660.1,52016529,53870003,53870005,a,agt,2
NC_037338.1,NC_032660.1,52088025,53943012,53943013,t,tg,1
NC_037338.1,NC_032660.1,52272279,54128485,54128486,G,GT,1
NC_037338.1,NC_032660.1,52356383,54212106,54212107,t,tc,1
NC_037338.1,NC_032660.1,52370246,54224925,54224946,A,AAANNNNNNNNNNNNNNNNNNN,21
NC_037338.1,NC_032660.1,52483866,54338769,54338770,a,aN,1
NC_037338.1,NC_032660.1,52514866,54369422,54369424,t,tNN,2
NC_037338.1,NC_032660.1,52525371,54379929,54379930,g,gA,1
NC_037338.1,NC_032660.1,52575592,54430173,54430174,c,ct,1
NC_037338.1,NC_032660.1,52579435,54434014,54434015,G,GC,1
NC_037338.1,NC_032660.1,52637803,54520175,54520176,t,tg,1
NC_037338.1,NC_032660.1,52697797,54580115,54580116,c,ct,1
NC_037338.1,NC_032660.1,52697898,54580217,54580218,a,ag,1
NC_037338.1,NC_032660.1,52698988,54581308,54581312,a,agagt,4
NC_037338.1,NC_032660.1,52700983,54583311,54583312,C,CG,1
NC_037338.1,NC_032660.1,52717291,54600365,54600367,t,tta,2
NC_037338.1,NC_032660.1,52826899,54709982,54709983,a,ag,1
NC_037338.1,NC_032660.1,52942494,54827258,54827259,t,ta,1
NC_037338.1,NC_032660.1,53098933,54909915,54909921,t,ttttaag,6
NC_037338.1,NC_032660.1,53132399,54943723,54943724,c,ct,1
NC_037338.1,NC_032660.1,53146210,54957149,54957150,G,GA,1
NC_037338.1,NC_032660.1,53167823,54979220,54979221,A,AT,1
NC_037338.1,NC_032660.1,53755110,55205675,55205676,t,ta,1
NC_037338.1,NC_032660.1,53900871,55353169,55353170,t,tg,1
NC_037338.1,NC_032660.1,53949437,55401738,55401740,t,tNN,2
NC_037338.1,NC_032660.1,53971397,55423702,55423703,g,gc,1
NC_037338.1,NC_032660.1,54048160,55500470,55500471,C,CM,1
NC_037338.1,NC_032660.1,54075312,55527623,55527632,t,tggggaaaca,9
NC_037338.1,NC_032660.1,54340553,55822669,55822682,t,tttttttttttttg,13
NC_037338.1,NC_032660.1,54952886,56574982,56574983,a,ag,1
NC_037338.1,NC_032660.1,54970178,56592276,56592277,c,ct,1
NC_037338.1,NC_032660.1,55035919,56656764,56656765,t,tc,1
NC_037338.1,NC_032660.1,55292207,56925431,56925432,C,CY,1
NC_037338.1,NC_032660.1,55297196,56930414,56930415,A,AR,1
NC_037338.1,NC_032660.1,55310742,56943952,56943953,t,tY,1
NC_037338.1,NC_032660.1,55338959,56972172,56972173,c,ca,1
NC_037338.1,NC_032660.1,55360786,57042178,57042191,c,cttcactttcactt,13
NC_037338.1,NC_032660.1,55426552,57107872,57107873,G,GT,1
NC_037338.1,NC_032660.1,55429451,57110772,57110773,A,AR,1
NC_037338.1,NC_032660.1,55446089,57127410,57127411,t,tS,1
NC_037338.1,NC_032660.1,55473682,57155005,57155007,t,tNN,2
NC_037338.1,NC_032660.1,55496119,57177443,57177445,t,tNN,2
NC_037338.1,NC_032660.1,55662409,57360299,57360300,g,ga,1
NC_037338.1,NC_032660.1,55699778,57397604,57397605,a,ag,1
NC_037338.1,NC_032660.1,56004516,57699918,57699919,g,gc,1
NC_037338.1,NC_032660.1,56043356,57738783,57738785,t,taa,2
NC_037338.1,NC_032660.1,56078500,57773926,57773928,c,cag,2
NC_037338.1,NC_032660.1,56162221,57857319,57857320,C,CG,1
NC_037338.1,NC_032660.1,56390709,58085995,58085996,a,ag,1
NC_037338.1,NC_032660.1,56503427,58195585,58195586,T,TK,1
NC_037338.1,NC_032660.1,56542323,58234435,58234436,g,ga,1
NC_037338.1,NC_032660.1,56606816,58311148,58311149,T,TK,1
NC_037338.1,NC_032660.1,56658917,58367102,58367103,c,ct,1
NC_037338.1,NC_032660.1,56658932,58420334,58420335,t,tN,1
NC_037338.1,NC_032660.1,56938892,58718257,58718261,a,acttt,4
NC_037338.1,NC_032660.1,57002322,58782099,58782100,c,ca,1
NC_037338.1,NC_032660.1,57013892,58795335,58795337,t,tNN,2
NC_037338.1,NC_032660.1,57040412,58822358,58822359,c,ca,1
NC_037338.1,NC_032660.1,57059318,58841964,58841968,t,tatag,4
NC_037338.1,NC_032660.1,57111194,58894122,58894124,c,cgt,2
NC_037338.1,NC_032660.1,57181299,58963442,58963445,t,taac,3
NC_037338.1,NC_032660.1,57184323,58966469,58966470,A,AC,1
NC_037338.1,NC_032660.1,57283133,59063385,59063389,a,aNNNN,4
NC_037338.1,NC_032660.1,57283399,59063655,59063657,g,gNN,2
NC_037338.1,NC_032660.1,57465798,59246068,59246069,c,ct,1
NC_037338.1,NC_032660.1,57501953,59340015,59340017,a,aNN,2
NC_037338.1,NC_032660.1,57533623,59371688,59371689,a,at,1
NC_037338.1,NC_032660.1,57563044,59401021,59401022,A,AW,1
NC_037338.1,NC_032660.1,57564536,59402514,59402517,A,AAAT,3
NC_037338.1,NC_032660.1,57569683,59407657,59407658,c,ct,1
NC_037338.1,NC_032660.1,57571402,59409373,59409374,a,at,1
NC_037338.1,NC_032660.1,57573122,59411096,59411097,t,ta,1
NC_037338.1,NC_032660.1,57580272,59417885,59417892,t,tgtCTGTC,7
NC_037338.1,NC_032660.1,57582131,59419731,59419732,T,TW,1
NC_037338.1,NC_032660.1,57584403,59422005,59422007,t,tac,2
NC_037338.1,NC_032660.1,57584420,59422024,59422026,c,cta,2
NC_037338.1,NC_032660.1,57590461,59428068,59428069,T,TG,1
NC_037338.1,NC_032660.1,57590940,59428548,59428549,G,GT,1
NC_037338.1,NC_032660.1,57591447,59429056,59429057,T,TY,1
NC_037338.1,NC_032660.1,57593814,59431425,59431426,A,AT,1
NC_037338.1,NC_032660.1,57598085,59435697,59435698,C,CY,1
NC_037338.1,NC_032660.1,57602748,59440381,59440384,a,aaat,3
NC_037338.1,NC_032660.1,57641843,59663072,59663073,A,AW,1
NC_037338.1,NC_032660.1,57642150,59663380,59663381,C,CS,1
NC_037338.1,NC_032660.1,57653105,59674343,59674344,a,at,1
NC_037338.1,NC_032660.1,57653550,59674789,59674791,T,TAC,2
NC_037338.1,NC_032660.1,57693518,59541618,59541619,a,ag,1
NC_037338.1,NC_032660.1,57693537,59541638,59541641,a,aggt,3
NC_037338.1,NC_032660.1,57713920,59562035,59562036,a,ac,1
NC_037338.1,NC_032660.1,57717636,59565755,59565757,t,taN,2
NC_037338.1,NC_032660.1,57719165,59567284,59567286,a,aac,2
NC_037338.1,NC_032660.1,57729869,59578601,59578602,A,AG,1
NC_037338.1,NC_032660.1,57737033,59585767,59585768,a,ac,1
NC_037338.1,NC_032660.1,57779234,59813890,59813891,a,at,1
NC_037338.1,NC_032660.1,57879228,59894956,59894964,T,TGNNNNNNN,8
NC_037338.1,NC_032660.1,57894354,59910090,59910092,a,aNN,2
NC_037338.1,NC_032660.1,57982840,59999042,59999043,a,ac,1
NC_037338.1,NC_032660.1,57989300,60005503,60005504,c,ct,1
NC_037338.1,NC_032660.1,58296432,60102326,60102347,a,agaagtaaaactctcactattt,21
NC_037338.1,NC_032660.1,58391633,60202389,60202390,A,AR,1
NC_037338.1,NC_032660.1,58538784,60349178,60349179,a,at,1
NC_037338.1,NC_032660.1,58553320,60363716,60363717,a,ac,1
NC_037338.1,NC_032660.1,58560302,60370701,60370704,t,ttcc,3
NC_037338.1,NC_032660.1,58593108,60403512,60403513,t,tY,1
NC_037338.1,NC_032660.1,58596062,60406271,60406272,a,at,1
NC_037338.1,NC_032660.1,58605267,60415473,60415474,A,AC,1
NC_037338.1,NC_032660.1,58611037,60421230,60421231,a,ac,1
NC_037338.1,NC_032660.1,58650337,60460432,60460433,A,AT,1
NC_037338.1,NC_032660.1,58675896,60486009,60486010,c,ct,1
NC_037338.1,NC_032660.1,58767146,60577322,60577325,a,actt,3
NC_037338.1,NC_032660.1,58778122,60588308,60588314,c,ctatata,6
NC_037338.1,NC_032660.1,58793170,60603365,60603366,C,CM,1
NC_037338.1,NC_032660.1,58801294,60611490,60611491,c,ct,1
NC_037338.1,NC_032660.1,58815926,60626114,60626130,a,aNNNNNNNNNNNNNNNN,16
NC_037338.1,NC_032660.1,58816571,60626773,60626774,g,gc,1
NC_037338.1,NC_032660.1,58833019,60643247,60643248,c,cg,1
NC_037338.1,NC_032660.1,58833208,60643437,60643442,a,atgATC,5
NC_037338.1,NC_032660.1,58843551,60742830,60742831,g,ga,1
NC_037338.1,NC_032660.1,58946196,60830412,60830413,G,GR,1
NC_037338.1,NC_032660.1,59033978,60895859,60895860,A,AG,1
NC_037338.1,NC_032660.1,59052763,60914406,60914407,C,CA,1
NC_037338.1,NC_032660.1,59068520,60930005,60930008,c,cttt,3
NC_037338.1,NC_032660.1,59090787,60952244,60952245,T,TG,1
NC_037338.1,NC_032660.1,59091365,60952823,60952825,T,TTC,2
NC_037338.1,NC_032660.1,59097699,60959155,60959156,t,tc,1
NC_037338.1,NC_032660.1,59102570,60964030,60964031,t,tc,1
NC_037338.1,NC_032660.1,59109637,60971888,60971889,A,AY,1
NC_037338.1,NC_032660.1,59116665,60978897,60978898,T,TK,1
NC_037338.1,NC_032660.1,59149326,61011576,61011578,a,att,2
NC_037338.1,NC_032660.1,59281326,61143451,61143457,G,GGGGNNN,6
NC_037338.1,NC_032660.1,59317849,61182771,61182772,a,at,1
NC_037338.1,NC_032660.1,59398725,61264309,61264310,T,TA,1
NC_037338.1,NC_032660.1,59407370,61272959,61272960,t,tc,1
NC_037338.1,NC_032660.1,59415388,61282257,61282261,T,TACTA,4
NC_037338.1,NC_032660.1,59515902,61387784,61387785,c,cg,1
NC_037338.1,NC_032660.1,59583665,61456165,61456166,G,GA,1
NC_037338.1,NC_032660.1,59802328,61781356,61781359,t,tNNN,3
NC_037338.1,NC_032660.1,59814094,61868324,61868325,C,CT,1
NC_037338.1,NC_032660.1,59822522,61876778,61876780,a,aNN,2
NC_037338.1,NC_032660.1,59852125,61906383,61906387,C,CTTTG,4
NC_037338.1,NC_032660.1,59873030,61927313,61927314,a,at,1
NC_037338.1,NC_032660.1,60091244,62148852,62148853,a,ac,1
NC_037338.1,NC_032660.1,60122828,62180856,62180857,t,tW,1
NC_037338.1,NC_032660.1,60128068,62186097,62186110,t,tggctgcagtcacc,13
NC_037338.1,NC_032660.1,60128424,62186466,62186467,a,at,1
NC_037338.1,NC_032660.1,60128601,62186641,62186643,g,gtt,2
NC_037338.1,NC_032660.1,60145878,62203920,62203921,G,GA,1
NC_037338.1,NC_032660.1,60188193,62246246,62246247,T,TC,1
NC_037338.1,NC_032660.1,60264073,62321449,62321450,c,ct,1
NC_037338.1,NC_032660.1,60265360,62322736,62322737,g,ga,1
NC_037338.1,NC_032660.1,60297050,62355239,62355240,T,TC,1
NC_037338.1,NC_032660.1,60299702,62357890,62357892,A,ACT,2
NC_037338.1,NC_032660.1,60299756,62357946,62357947,A,AR,1
NC_037338.1,NC_032660.1,60311875,62370062,62370065,C,CAGA,3
NC_037338.1,NC_032660.1,60414780,62469366,62469369,t,tgac,3
NC_037338.1,NC_032660.1,60416179,62470775,62470785,T,TCACCTTTGCA,10
NC_037338.1,NC_032660.1,60416463,62471069,62471070,A,AC,1
NC_037338.1,NC_032660.1,60418807,62473409,62473410,a,ag,1
NC_037338.1,NC_032660.1,60443065,62497621,62497622,A,AC,1
NC_037338.1,NC_032660.1,60452964,62507520,62507521,t,tc,1
NC_037338.1,NC_032660.1,60462216,62516781,62516783,A,ATC,2
NC_037338.1,NC_032660.1,60463802,62518369,62518374,A,AAATGT,5
NC_037338.1,NC_032660.1,60467411,62521981,62521982,A,AR,1
NC_037338.1,NC_032660.1,60478122,62532694,62532703,G,GCAGCCCCGA,9
NC_037338.1,NC_032660.1,60497167,62551750,62551751,G,GT,1
NC_037338.1,NC_032660.1,60505546,62559904,62559905,c,ct,1
NC_037338.1,NC_032660.1,60520254,62577333,62577334,g,ga,1
NC_037338.1,NC_032660.1,60528128,62585209,62585214,T,TTTCAG,5
NC_037338.1,NC_032660.1,60530236,62587322,62587323,t,tc,1
NC_037338.1,NC_032660.1,60542705,62599618,62599619,c,ca,1
NC_037338.1,NC_032660.1,60543891,62600805,62600880,G,GAGATAGGAAAATAGTACATATGCATTTATCAAAGACCTNNNNNNNNNNNNNNNNNNNNNNNNNNNNNNNNNNCAA,75
NC_037338.1,NC_032660.1,60570182,62627179,62627187,t,ttttaaaaa,8
NC_037338.1,NC_032660.1,60573199,62630206,62630209,A,AAAG,3
NC_037338.1,NC_032660.1,60630861,62687878,62687879,a,ac,1
NC_037338.1,NC_032660.1,60657746,62714772,62714778,T,TTTGGKK,6
NC_037338.1,NC_032660.1,60676430,62733463,62733464,g,gt,1
NC_037338.1,NC_032660.1,60678087,62735121,62735122,a,at,1
NC_037338.1,NC_032660.1,60678114,62735149,62735177,t,tatcatatcatatcatatcatatcatatY,28
NC_037338.1,NC_032660.1,60678238,62735301,62735315,g,gtgtgtgtgtgtgta,14
NC_037338.1,NC_032660.1,60685079,62742159,62742160,G,GK,1
NC_037338.1,NC_032660.1,60693890,62750972,62750978,C,CACTTCA,6
NC_037338.1,NC_032660.1,60693948,62751036,62751039,A,AAAN,3
NC_037338.1,NC_032660.1,60819262,62883618,62883619,t,tg,1
NC_037338.1,NC_032660.1,60949208,63010538,63010539,T,TG,1
NC_037338.1,NC_032660.1,61497977,63316883,63316886,T,TAAA,3
NC_037338.1,NC_032660.1,61585472,63404424,63404431,g,ggggggga,7
NC_037338.1,NC_032660.1,61592992,63411740,63411741,c,cg,1
NC_037338.1,NC_032660.1,61593080,63411829,63411830,g,ga,1
NC_037338.1,NC_032660.1,61593147,63411897,63411898,t,tc,1
NC_037338.1,NC_032660.1,61750655,63598324,63598326,a,agg,2
NC_037338.1,NC_032660.1,61773999,63627709,63627710,g,gt,1
NC_037338.1,NC_032660.1,62020453,63874830,63874831,c,cg,1
NC_037338.1,NC_032660.1,62029986,63884484,63884485,G,GR,1
NC_037338.1,NC_032660.1,62144190,63997178,63997184,c,caaaaaa,6
NC_037338.1,NC_032660.1,62570091,64419368,64419369,T,TC,1
NC_037338.1,NC_032660.1,62758834,64608816,64608822,g,gtacaca,6
NC_037338.1,NC_032660.1,62772898,64622886,64622899,A,AGAGGAAACTAAAG,13
NC_037338.1,NC_032660.1,62854139,64704239,64704240,A,AG,1
NC_037338.1,NC_032660.1,62861888,64712378,64712379,T,TG,1
NC_037338.1,NC_032660.1,63106289,64956940,64956941,A,AG,1
NC_037338.1,NC_032660.1,63106310,64956962,64956963,A,AC,1
NC_037338.1,NC_032660.1,63106314,64956967,64956968,G,GT,1
NC_037338.1,NC_032660.1,63121181,64971616,64971617,T,TA,1
NC_037338.1,NC_032660.1,63121188,64971624,64971625,C,CA,1
NC_037338.1,NC_032660.1,63121304,64971748,64971749,T,TA,1
NC_037338.1,NC_032660.1,63280567,65133797,65133799,G,GAA,2
NC_037338.1,NC_032660.1,63298918,65152149,65152150,G,GA,1
NC_037338.1,NC_032660.1,63381620,65234863,65234869,a,aaaatat,6
NC_037338.1,NC_032660.1,63426564,65279814,65279815,t,tc,1
NC_037338.1,NC_032660.1,63454553,65307805,65307808,t,tagc,3
NC_037338.1,NC_032660.1,63519844,65375528,65375530,c,cgg,2
NC_037338.1,NC_032660.1,63603220,65459237,65459238,T,TA,1
NC_037338.1,NC_032660.1,63787535,65645703,65645704,t,ta,1
NC_037338.1,NC_032660.1,63865615,65725788,65725792,T,TCATG,4
NC_037338.1,NC_032660.1,63991185,65748288,65748289,a,at,1
NC_037338.1,NC_032660.1,64095624,65855497,65855499,t,tta,2
NC_037338.1,NC_032660.1,64175726,65935622,65935624,a,aaN,2
NC_037338.1,NC_032660.1,64543871,66340032,66340035,t,tctc,3
NC_037338.1,NC_032660.1,64927842,66742995,66742996,C,CY,1
NC_037338.1,NC_032660.1,64989381,66805757,66805760,C,CATT,3
NC_037338.1,NC_032660.1,65201464,67018160,67018162,C,CAG,2
NC_037338.1,NC_032660.1,65333486,67160069,67160070,g,ga,1
NC_037338.1,NC_032660.1,65356779,67183366,67183367,A,AC,1
NC_037338.1,NC_032660.1,65506053,67374111,67374114,t,ttta,3
NC_037338.1,NC_032660.1,65516097,67384328,67384330,c,cat,2
NC_037338.1,NC_032660.1,65785632,67654694,67654695,a,ag,1
NC_037338.1,NC_032660.1,65869658,67738715,67738716,t,tc,1
NC_037338.1,NC_032660.1,66082804,67951867,67951877,t,tacacacacac,10
NC_037338.1,NC_032660.1,66195582,68064776,68064777,C,CY,1
NC_037338.1,NC_032660.1,66201121,68070316,68070317,g,gt,1
NC_037338.1,NC_032660.1,66221975,68091174,68091176,A,AGT,2
NC_037338.1,NC_032660.1,66230345,68099547,68099548,C,CT,1
NC_037338.1,NC_032660.1,66230354,68099557,68099558,G,GT,1
NC_037338.1,NC_032660.1,66278999,68148625,68148626,a,at,1
NC_037338.1,NC_032660.1,66282012,68151185,68151186,C,CA,1
NC_037338.1,NC_032660.1,66302241,68171415,68171416,t,tc,1
NC_037338.1,NC_032660.1,66303489,68172654,68172658,a,aaaat,4
NC_037338.1,NC_032660.1,66303549,68172718,68172719,a,ag,1
NC_037338.1,NC_032660.1,66303600,68172770,68172788,a,aaatgatcaaaaagaAAAR,18
NC_037338.1,NC_032660.1,66305688,68174874,68174876,T,TTG,2
NC_037338.1,NC_032660.1,66305939,68175128,68175134,g,ggttttt,6
NC_037338.1,NC_032660.1,66339811,68315214,68315215,t,ta,1
NC_037338.1,NC_032660.1,66415974,68391370,68391371,a,at,1
NC_037338.1,NC_032660.1,66415999,68391396,68391397,T,TC,1
NC_037338.1,NC_032660.1,66416021,68391419,68391420,T,TA,1
NC_037338.1,NC_032660.1,66501625,68477404,68477405,g,gt,1
NC_037338.1,NC_032660.1,66539129,68514939,68514940,g,ga,1
NC_037338.1,NC_032660.1,66635523,68611340,68611341,c,ca,1
NC_037338.1,NC_032660.1,67082777,69082282,69082283,a,ag,1
NC_037338.1,NC_032660.1,67148096,69147605,69147606,g,gt,1
NC_037338.1,NC_032660.1,67179378,69178897,69178898,C,CT,1
NC_037338.1,NC_032660.1,67296682,69296202,69296203,T,TA,1
NC_037338.1,NC_032660.1,67310146,69309667,69309669,t,tNN,2
NC_037338.1,NC_032660.1,67337015,69336645,69336648,t,ttga,3
NC_037338.1,NC_032660.1,67337115,69336748,69336757,g,gggaaacagt,9
NC_037338.1,NC_032660.1,67418372,69418612,69418613,g,gc,1
NC_037338.1,NC_032660.1,67670282,69671097,69671098,C,CY,1
NC_037338.1,NC_032660.1,67871492,69878926,69878928,t,tag,2
NC_037338.1,NC_032660.1,67871533,69878969,69878970,t,ta,1
NC_037338.1,NC_032660.1,68043261,70050700,70050701,g,gt,1
NC_037338.1,NC_032660.1,68053810,70061198,70061199,c,ct,1
NC_037338.1,NC_032660.1,68083137,70090423,70090424,a,ac,1
NC_037338.1,NC_032660.1,68144494,70153041,70153043,c,ctg,2
NC_037338.1,NC_032660.1,68259402,70267938,70267940,C,CTT,2
NC_037338.1,NC_032660.1,68293253,70301792,70301805,A,AGTTCAATCCACCG,13
NC_037338.1,NC_032660.1,68352027,70360010,70360011,g,gt,1
NC_037338.1,NC_032660.1,68413384,70421354,70421355,C,CG,1
NC_037338.1,NC_032660.1,68750371,70758340,70758341,A,AG,1
NC_037338.1,NC_032660.1,68786222,70794214,70794215,A,AT,1
NC_037338.1,NC_032660.1,68817778,70825774,70825775,G,GC,1
NC_037338.1,NC_032660.1,68819898,70827895,70827903,A,AGGCCTGAT,8
NC_037338.1,NC_032660.1,68893912,70903209,70903210,c,ca,1
NC_037338.1,NC_032660.1,69146727,71173719,71173720,G,GC,1
NC_037338.1,NC_032660.1,69184143,71208937,71208939,g,gct,2
NC_037338.1,NC_032660.1,69232609,71257441,71257442,A,AR,1
NC_037338.1,NC_032660.1,69274622,71299439,71299440,A,AG,1
NC_037338.1,NC_032660.1,69299047,71323870,71323876,G,GGCTGGT,6
NC_037338.1,NC_032660.1,69299651,71324475,71324476,T,TG,1
NC_037338.1,NC_032660.1,69335086,71359891,71359892,g,ga,1
NC_037338.1,NC_032660.1,69363841,71388646,71388656,T,TANNNNNNNNN,10
NC_037338.1,NC_032660.1,69365810,71390626,71390628,A,ATC,2
NC_037338.1,NC_032660.1,69698673,71721657,71721693,T,TNNNNNNNNNNNNNNNNNNNNNNNNNNNNNNNNNNNN,36
NC_037338.1,NC_032660.1,69773381,71796285,71796286,C,CG,1
NC_037338.1,NC_032660.1,69979323,72001794,72001795,A,AT,1
NC_037338.1,NC_032660.1,70144413,72167309,72167310,T,TA,1
NC_037338.1,NC_032660.1,70651167,72683537,72683539,c,cca,2
NC_037338.1,NC_032660.1,70651191,72683563,72683564,c,ca,1
NC_037338.1,NC_032660.1,70651215,72683588,72683589,g,gc,1
NC_037338.1,NC_032660.1,70737069,72769558,72769561,G,GNNA,3
NC_037338.1,NC_032660.1,70777969,72810461,72810462,T,TC,1
NC_037338.1,NC_032660.1,70777979,72810472,72810473,C,CT,1
NC_037338.1,NC_032660.1,70957437,73020248,73020249,a,at,1
NC_037338.1,NC_032660.1,71056164,73340172,73340173,c,ct,1
NC_037338.1,NC_032660.1,71057161,73341170,73341171,a,at,1
NC_037338.1,NC_032660.1,71121850,73181417,73181419,T,TAA,2
NC_037338.1,NC_032660.1,71130419,73189988,73189989,T,TC,1
NC_037338.1,NC_032660.1,71206578,73265994,73265995,A,AG,1
NC_037338.1,NC_032660.1,71206684,73266101,73266102,t,tg,1
NC_037338.1,NC_032660.1,71249145,73394711,73394712,g,ga,1
NC_037338.1,NC_032660.1,71264515,73410371,73410372,A,AC,1
NC_037338.1,NC_032660.1,71657063,73801189,73801190,t,tg,1
NC_037338.1,NC_032660.1,72385897,74542601,74542602,C,CG,1
NC_037338.1,NC_032660.1,72473747,74630335,74630336,g,gc,1
NC_037338.1,NC_032660.1,72473975,74630564,74630565,t,tc,1
NC_037338.1,NC_032660.1,72519040,74675845,74675848,C,CCTG,3
NC_037338.1,NC_032660.1,73318319,75480000,75480001,T,TC,1
NC_037338.1,NC_032660.1,73931382,76133258,76133259,a,ag,1
NC_037338.1,NC_032660.1,73959495,76164083,76164087,g,ggaga,4
NC_037338.1,NC_032660.1,73988524,76193369,76193376,A,ACTGTGGR,7
NC_037338.1,NC_032660.1,74081433,76287158,76287159,T,TG,1
NC_037338.1,NC_032660.1,74323660,76531491,76531492,G,GA,1
NC_037338.1,NC_032660.1,74582445,76790191,76790192,t,tg,1
NC_037338.1,NC_032660.1,74775275,76981239,76981240,c,cY,1
NC_037338.1,NC_032660.1,74958541,77185534,77185536,a,aNN,2
NC_037338.1,NC_032660.1,75038144,77264846,77264848,T,TCW,2
NC_037338.1,NC_032660.1,75383939,77706242,77706243,G,GR,1
NC_037338.1,NC_032660.1,75568471,77928210,77928211,t,tc,1
NC_037338.1,NC_032660.1,75634364,77994078,77994079,t,tg,1
NC_037338.1,NC_032660.1,76048290,78416742,78416743,T,TA,1
NC_037338.1,NC_032660.1,76048301,78416754,78416756,A,ATC,2
NC_037338.1,NC_032660.1,76282084,78627708,78627713,g,gaaaga,5
NC_037338.1,NC_032660.1,76706120,79060032,79060033,C,CG,1
NC_037338.1,NC_032660.1,77111633,79452536,79452537,c,ca,1
NC_037338.1,NC_032660.1,77221158,79562315,79562317,a,aNN,2
NC_037338.1,NC_032660.1,77420454,79759928,79759929,T,TA,1
NC_037338.1,NC_032660.1,77655926,79995896,79995903,t,tgtaagca,7
NC_037338.1,NC_032660.1,77702964,80042941,80042942,g,ga,1
NC_037338.1,NC_032660.1,77703273,80043251,80043252,t,tc,1
NC_037338.1,NC_032660.1,77814751,80154529,80154530,A,AC,1
NC_037338.1,NC_032660.1,77915204,80275427,80275428,G,GR,1
NC_037338.1,NC_032660.1,77976800,80337025,80337026,A,AT,1
NC_037338.1,NC_032660.1,78027139,80446155,80446157,g,gca,2
NC_037338.1,NC_032660.1,78037872,80457526,80457529,G,GNNN,3
NC_037338.1,NC_032660.1,78037932,80457589,80457590,A,AT,1
NC_037338.1,NC_032660.1,78038001,80457660,80457661,T,TA,1
NC_037338.1,NC_032660.1,78105752,80524366,80524367,T,TW,1
NC_037338.1,NC_032660.1,78177479,80595962,80595963,C,CT,1
NC_037338.1,NC_032660.1,78356602,80774611,80774612,g,ga,1
NC_037338.1,NC_032660.1,78375898,80793906,80793907,a,ag,1
NC_037338.1,NC_032660.1,79097566,81505195,81505196,g,gc,1
NC_037338.1,NC_032660.1,79097656,81505286,81505287,C,CY,1
NC_037338.1,NC_032660.1,79200988,81611158,81611159,A,AR,1
NC_037338.1,NC_032660.1,79299693,85133021,85133022,g,gt,1
NC_037338.1,NC_032660.1,79314810,85148139,85148140,C,CN,1
NC_037338.1,NC_032660.1,79490253,85206759,85206760,a,ac,1
NC_037338.1,NC_032660.1,79831973,82056430,82056431,G,GR,1
NC_037338.1,NC_032660.1,80171843,82395086,82395087,g,ga,1
NC_037338.1,NC_032660.1,80369970,82593921,82593922,G,GS,1
NC_037338.1,NC_032660.1,80412304,82635153,82635154,g,ga,1
NC_037338.1,NC_032660.1,80429683,82652534,82652535,T,TA,1
NC_037338.1,NC_032660.1,80430647,82653493,82653494,A,AT,1
NC_037338.1,NC_032660.1,80618737,82847292,82847294,a,aNN,2
NC_037338.1,NC_032660.1,80620756,82849313,82849314,a,ag,1
NC_037338.1,NC_032660.1,80673743,82902295,82902296,a,ag,1
NC_037338.1,NC_032660.1,80743788,82972396,82972397,C,CS,1
NC_037338.1,NC_032660.1,80946270,83174983,83174984,t,tc,1
NC_037338.1,NC_032660.1,80989388,83218047,83218058,t,tactgcaCGAAG,11
NC_037338.1,NC_032660.1,81171680,83404454,83404455,g,gt,1
NC_037338.1,NC_032660.1,81205627,83438402,83438403,g,ga,1
NC_037338.1,NC_032660.1,81224884,83457735,83457736,A,AC,1
NC_037338.1,NC_032660.1,81399542,83633891,83633892,t,tg,1
NC_037338.1,NC_032660.1,81485027,83719391,83719392,T,TA,1
NC_037338.1,NC_032660.1,81508197,83744683,83744693,t,ttgaaatagca,10
NC_037338.1,NC_032660.1,81529014,83765500,83765501,c,ca,1
NC_037338.1,NC_032660.1,81587323,83825084,83825085,T,TA,1
NC_037338.1,NC_032660.1,81615229,83860940,83860942,t,tNN,2
NC_037338.1,NC_032660.1,81760701,84006382,84006385,T,TNNN,3
NC_037338.1,NC_032660.1,81867813,84113139,84113141,t,tca,2
NC_037338.1,NC_032660.1,81873098,84118426,84118427,c,ct,1
NC_037338.1,NC_032660.1,81937679,84182796,84182797,g,ga,1
NC_037338.1,NC_032660.1,81958616,84203731,84203732,t,ta,1
NC_037338.1,NC_032660.1,82361346,84636001,84636002,G,GR,1
NC_037338.1,NC_032660.1,82420051,84695942,84695943,t,tg,1
NC_037338.1,NC_032660.1,82718487,85471711,85471712,a,at,1
NC_037338.1,NC_032660.1,83004413,85637093,85637127,A,AAGCATCGTTGAAGNNNNNNNNNNNNNNNNNNNNN,34
NC_037338.1,NC_032660.1,83009999,85642713,85642714,T,TA,1
NC_037338.1,NC_032660.1,83011748,85644459,85644460,t,tg,1
NC_037338.1,NC_032660.1,83025808,85641849,85641850,t,ta,1
NC_037338.1,NC_032660.1,83676355,86314817,86314818,A,AG,1
NC_037338.1,NC_032660.1,83741041,86380251,86380252,a,ag,1
NC_037338.1,NC_032660.1,83741266,86380477,86380480,g,gaga,3
NC_037338.1,NC_032660.1,84106767,86761625,86761627,c,ccN,2
NC_037338.1,NC_032660.1,84174582,86799113,86799117,T,TTGWK,4
NC_037338.1,NC_032660.1,84336027,86987364,86987365,a,ag,1
NC_037338.1,NC_032660.1,84407691,87058547,87058548,c,ca,1
NC_037338.1,NC_032660.1,84409347,87060201,87060202,a,at,1
NC_037338.1,NC_032660.1,84409462,87060317,87060318,g,ga,1
NC_037338.1,NC_032660.1,84409650,87060505,87060507,a,agt,2
NC_037338.1,NC_032660.1,84409817,87060672,87060673,g,ga,1
NC_037338.1,NC_032660.1,84416213,87050870,87050871,A,AG,1
NC_037338.1,NC_032660.1,84416525,87051182,87051183,A,AG,1
NC_037338.1,NC_032660.1,84416916,87051573,87051574,a,at,1
NC_037338.1,NC_032660.1,84417024,87051682,87051683,C,CA,1
NC_037338.1,NC_032660.1,84417700,87052358,87052359,t,tg,1
NC_037338.1,NC_032660.1,84418164,87052823,87052824,G,GT,1
NC_037338.1,NC_032660.1,84421186,87055845,87055846,c,ca,1
NC_037338.1,NC_032660.1,84575365,87334107,87334108,c,ct,1
NC_037338.1,NC_032660.1,84583207,87341952,87341953,A,AG,1
NC_037338.1,NC_032660.1,84722897,87483497,87483500,G,GAAC,3
NC_037338.1,NC_032660.1,84904533,87670511,87670512,A,AC,1
NC_037338.1,NC_032660.1,85003985,87769966,87769971,t,tttgtg,5
NC_037338.1,NC_032660.1,85019474,87785461,87785468,C,CCATCTCT,7
NC_037338.1,NC_032660.1,85029135,87795129,87795130,t,ta,1
NC_037338.1,NC_032660.1,85110327,87873558,87873559,t,tg,1
NC_037338.1,NC_032660.1,85300176,88066610,88066611,a,at,1
NC_037338.1,NC_032660.1,85301437,88067872,88067876,A,AGTMM,4
NC_037338.1,NC_032660.1,85319371,88085724,88085725,G,GT,1
NC_037338.1,NC_032660.1,85329615,88095969,88095979,T,TTTTTTATAAA,10
NC_037338.1,NC_032660.1,85406901,88173936,88173944,t,tgagcacag,8
NC_037338.1,NC_032660.1,85467927,88234947,88234949,c,cat,2
NC_037338.1,NC_032660.1,85618457,88415500,88415501,C,CG,1
NC_037338.1,NC_032660.1,85693214,88490261,88490262,a,ac,1
NC_037338.1,NC_032660.1,85803326,88538664,88538665,T,TC,1
NC_037338.1,NC_032660.1,85849771,88585107,88585108,T,TG,1
NC_037338.1,NC_032660.1,85946598,88681565,88681566,T,TK,1
NC_037338.1,NC_032660.1,86034501,88767791,88767792,A,AK,1
NC_037338.1,NC_032660.1,86034508,88767799,88767800,T,TA,1
NC_037338.1,NC_032660.1,86034512,88767804,88767805,A,AC,1
NC_037338.1,NC_032660.1,86086146,88817488,88817489,C,CT,1
NC_037338.1,NC_032660.1,86271435,89047763,89047764,G,GA,1
NC_037338.1,NC_032660.1,86488115,89297277,89297279,c,cca,2
NC_037338.1,NC_032660.1,86607342,89415177,89415179,g,gga,2
NC_037338.1,NC_032660.1,86623828,89431659,89431660,C,CM,1
NC_037338.1,NC_032660.1,86623880,89431712,89431713,G,GK,1
NC_037338.1,NC_032660.1,86701920,89511507,89511517,T,TCCCTTGGATG,10
NC_037338.1,NC_032660.1,86704508,89514105,89514106,c,cg,1
NC_037338.1,NC_032660.1,86707850,89517435,89517436,T,TA,1
NC_037338.1,NC_032660.1,86900115,89710311,89710313,t,tgg,2
NC_037338.1,NC_032660.1,86900328,89710526,89710527,g,gc,1
NC_037338.1,NC_032660.1,86955660,89765873,89765874,c,ca,1
NC_037338.1,NC_032660.1,87163043,90170059,90170060,t,ta,1
NC_037338.1,NC_032660.1,87412796,90253217,90253218,G,GC,1
NC_037338.1,NC_032660.1,87525372,90365795,90365796,C,CN,1
NC_037338.1,NC_032660.1,87552387,90393069,90393070,C,CG,1
NC_037338.1,NC_032660.1,87552393,90393076,90393077,T,TC,1
NC_037338.1,NC_032660.1,87716109,90556719,90556720,C,CY,1
NC_037338.1,NC_032660.1,87735783,90576395,90576396,G,GA,1
NC_037338.1,NC_032660.1,87781139,90621757,90621758,G,GC,1
NC_037338.1,NC_032660.1,87866914,90708084,90708086,t,tta,2
NC_037338.1,NC_032660.1,88017401,90859178,90859179,t,tC,1
NC_037338.1,NC_032660.1,88021249,90863027,90863047,G,GGTCAAGGAAATTGACAGGCA,20
NC_037338.1,NC_032660.1,88179152,91020502,91020503,a,ac,1
NC_037338.1,NC_032660.1,88225384,91066274,91066275,t,ta,1
NC_037338.1,NC_032660.1,88309487,91150984,91150989,g,gtgggc,5
NC_037338.1,NC_032660.1,88309918,91151421,91151422,g,ga,1
NC_037338.1,NC_032660.1,88532733,91369387,91369388,a,ac,1
NC_037338.1,NC_032660.1,88557243,91393898,91393899,T,TA,1
NC_037338.1,NC_032660.1,88578891,91415550,91415551,A,AC,1
NC_037338.1,NC_032660.1,88657646,91496215,91496216,c,cY,1
NC_037338.1,NC_032660.1,88727531,91566172,91566173,c,ct,1
NC_037338.1,NC_032660.1,88727572,91566214,91566215,G,GT,1
NC_037338.1,NC_032660.1,88938194,91777696,91777698,C,CCA,2
NC_037338.1,NC_032660.1,88938200,91777704,91777705,A,AG,1
NC_037338.1,NC_032660.1,88961082,91800867,91800868,G,GA,1
NC_037338.1,NC_032660.1,89047690,91885611,91885612,C,CA,1
NC_037338.1,NC_032660.1,89265842,92105854,92105864,g,gcagagtacat,10
NC_037338.1,NC_032660.1,89394884,92235121,92235123,C,CAA,2
NC_037338.1,NC_032660.1,89466185,92326346,92326347,g,ga,1
NC_037338.1,NC_032660.1,89706013,92584145,92584146,t,tc,1
NC_037338.1,NC_032660.1,89813736,92691476,92691478,t,ttg,2
NC_037338.1,NC_032660.1,90095998,92983021,92983022,G,GT,1
NC_037338.1,NC_032660.1,90144293,93031666,93031667,G,GA,1
NC_037338.1,NC_032660.1,90234896,93122299,93122301,t,tac,2
NC_037338.1,NC_032660.1,90356986,93244311,93244315,T,TCTAA,4
NC_037338.1,NC_032660.1,90360657,93247987,93247988,a,at,1
NC_037338.1,NC_032660.1,90365744,93253075,93253084,t,tttttttttc,9
NC_037338.1,NC_032660.1,90409017,93296358,93296367,c,caaagtattg,9
NC_037338.1,NC_032660.1,90429741,93317099,93317106,t,tgggtggg,7
NC_037338.1,NC_032660.1,90446959,93334325,93334326,t,ta,1
NC_037338.1,NC_032660.1,90447379,93334746,93334748,a,aat,2
NC_037338.1,NC_032660.1,90465301,93352670,93352671,C,CG,1
NC_037338.1,NC_032660.1,90522173,93407159,93407160,t,tg,1
NC_037338.1,NC_032660.1,90758947,93812421,93812422,t,tg,1
NC_037338.1,NC_032660.1,90850529,93903908,93903909,A,AC,1
NC_037338.1,NC_032660.1,90874936,93928318,93928319,a,ag,1
NC_037338.1,NC_032660.1,90878635,93932052,93932053,g,gt,1
NC_037338.1,NC_032660.1,90917670,93971980,93971981,C,CA,1
NC_037338.1,NC_032660.1,91123873,94207654,94207655,T,TW,1
NC_037338.1,NC_032660.1,91144387,94228171,94228172,a,ac,1
NC_037338.1,NC_032660.1,91204946,94288733,94288734,a,at,1
NC_037338.1,NC_032660.1,91224081,94307869,94307870,G,GR,1
NC_037338.1,NC_032660.1,91276479,94360269,94360270,a,at,1
NC_037338.1,NC_032660.1,91396714,94480767,94480768,g,ga,1
NC_037338.1,NC_032660.1,91461714,94545769,94545795,G,GWCTTTTCATACTAGACTACTTCATAC,26
NC_037338.1,NC_032660.1,91498068,94582878,94582879,t,tc,1
NC_037338.1,NC_032660.1,92016814,95110985,95110986,g,gc,1
NC_037338.1,NC_032660.1,92065047,95159221,95159222,g,ga,1
NC_037338.1,NC_032660.1,92076367,95170498,95170499,g,gc,1
NC_037338.1,NC_032660.1,92230209,95360688,95360689,t,ta,1
NC_037338.1,NC_032660.1,92350883,95481373,95481386,C,CGTTCCTCTCTCGG,13
NC_037338.1,NC_032660.1,92546005,95677960,95677990,G,GCCTAAAAGAATTCACNNNNNNNNNNNNNNN,30
NC_037338.1,NC_032660.1,92549963,95682163,95682166,A,ANNN,3
NC_037338.1,NC_032660.1,92623784,95755956,95755957,G,GC,1
NC_037338.1,NC_032660.1,92699802,95832372,95832373,T,TA,1
NC_037338.1,NC_032660.1,92899033,96035204,96035205,T,TC,1
NC_037338.1,NC_032660.1,92964131,96100909,96100910,C,CM,1
NC_037338.1,NC_032660.1,92967853,96104634,96104635,T,TA,1
NC_037338.1,NC_032660.1,93090378,96225379,96225380,C,CM,1
NC_037338.1,NC_032660.1,93159692,96294695,96294696,T,TA,1
NC_037338.1,NC_032660.1,93369504,96542969,96542970,t,ta,1
NC_037338.1,NC_032660.1,93369694,96543160,96543161,a,at,1
NC_037338.1,NC_032660.1,93369967,96543434,96543435,a,at,1
NC_037338.1,NC_032660.1,93370043,96543511,96543512,t,ta,1
NC_037338.1,NC_032660.1,93370315,96543784,96543785,t,ta,1
NC_037338.1,NC_032660.1,93390683,96564224,96564225,A,AG,1
NC_037338.1,NC_032660.1,93399748,96573289,96573290,c,ct,1
NC_037338.1,NC_032660.1,93522064,96692919,96692920,T,TY,1
NC_037338.1,NC_032660.1,93523437,96694294,96694295,G,GA,1
NC_037338.1,NC_032660.1,93550824,96717412,96717413,a,aM,1
NC_037338.1,NC_032660.1,93939567,97172912,97172915,C,CCTT,3
NC_037338.1,NC_032660.1,93963191,97196539,97196544,C,CNNNNN,5
NC_037338.1,NC_032660.1,93969322,97202674,97202682,c,cacacacat,8
NC_037338.1,NC_032660.1,94041063,97274574,97274575,c,ct,1
NC_037338.1,NC_032660.1,94041081,97274593,97274594,a,ag,1
NC_037338.1,NC_032660.1,94041133,97274647,97274648,A,AT,1
NC_037338.1,NC_032660.1,94235435,97468475,97468476,T,TG,1
NC_037338.1,NC_032660.1,94363539,97596407,97596408,T,TA,1
NC_037338.1,NC_032660.1,94415601,97648185,97648186,T,TA,1
NC_037338.1,NC_032660.1,94422439,97654847,97654848,T,TA,1
NC_037338.1,NC_032660.1,94450611,97739453,97739454,G,GC,1
NC_037338.1,NC_032660.1,94471015,97759858,97759859,t,tg,1
NC_037338.1,NC_032660.1,94508454,97797328,97797344,C,CAGAGATTACACAARAS,16
NC_037338.1,NC_032660.1,94519490,97808377,97808378,G,GC,1
NC_037338.1,NC_032660.1,94622482,97911236,97911237,t,ta,1
NC_037338.1,NC_032660.1,94660865,97949794,97949799,t,ttatta,5
NC_037338.1,NC_032660.1,94673407,97962343,97962344,g,ga,1
NC_037338.1,NC_032660.1,94928855,98217522,98217523,C,CA,1
NC_037338.1,NC_032660.1,94928858,98217526,98217527,A,AG,1
NC_037338.1,NC_032660.1,94935248,98223917,98223919,C,CTT,2
NC_037338.1,NC_032660.1,94976323,98265028,98265029,t,ta,1
NC_037338.1,NC_032660.1,95234898,98522478,98522479,T,TK,1
NC_037338.1,NC_032660.1,95460304,98947773,98947774,T,TA,1
NC_037338.1,NC_032660.1,96138839,99632277,99632290,a,aactttttcactct,13
NC_037338.1,NC_032660.1,96161514,99654971,99654972,G,GC,1
NC_037338.1,NC_032660.1,96310401,99802086,99802087,a,at,1
NC_037338.1,NC_032660.1,96333818,99825464,99825465,g,ga,1
NC_037338.1,NC_032660.1,96386484,99878087,99878088,C,CA,1
NC_037338.1,NC_032660.1,96603737,100094853,100094855,A,AAC,2
NC_037338.1,NC_032660.1,96707863,100193393,100193394,g,gt,1
NC_037338.1,NC_032660.1,96780061,100265654,100265657,G,GGGC,3
NC_037338.1,NC_032660.1,96894401,100382423,100382424,G,GA,1
NC_037338.1,NC_032660.1,96947597,100435342,100435343,T,TA,1
NC_037338.1,NC_032660.1,96947945,100435691,100435692,T,TY,1
NC_037338.1,NC_032660.1,96977155,100464893,100464894,C,CS,1
NC_037338.1,NC_032660.1,97076020,100560942,100560947,a,aatttt,5
NC_037338.1,NC_032660.1,97215822,100698455,100698456,T,TA,1
NC_037338.1,NC_032660.1,97247837,100730473,100730474,c,ca,1
NC_037338.1,NC_032660.1,97250451,100733088,100733089,G,GR,1
NC_037338.1,NC_032660.1,97464483,100977905,100977906,C,CT,1
NC_037338.1,NC_032660.1,97631948,101145372,101145373,G,GA,1
NC_037338.1,NC_032660.1,97661583,101174993,101174995,a,aat,2
NC_037338.1,NC_032660.1,97676965,101190378,101190380,g,ggc,2
NC_037338.1,NC_032660.1,97751496,101265586,101265588,c,ctt,2
NC_037338.1,NC_032660.1,97826391,101340632,101340633,T,TA,1
NC_037338.1,NC_032660.1,98130326,101692205,101692206,G,GT,1
NC_037338.1,NC_032660.1,98137471,101699352,101699355,T,TRAA,3
NC_037338.1,NC_032660.1,98166874,101728690,101728691,T,TG,1
NC_037338.1,NC_032660.1,98185217,101771607,101771608,C,CW,1
NC_037338.1,NC_032660.1,98187474,101773866,101773867,G,GS,1
NC_037338.1,NC_032660.1,98187487,101773880,101773881,T,TK,1
NC_037338.1,NC_032660.1,98385522,102034598,102034599,G,GT,1
NC_037338.1,NC_032660.1,98462847,102111365,102111366,A,AG,1
NC_037338.1,NC_032660.1,98501999,102150188,102150189,G,GS,1
NC_037338.1,NC_032660.1,98595518,102223699,102223700,G,GC,1
NC_037338.1,NC_032660.1,98650592,102278792,102278793,C,CY,1
NC_037338.1,NC_032660.1,98728876,102357929,102357930,t,ta,1
NC_037338.1,NC_032660.1,98774086,102403105,102403106,t,tg,1
NC_037338.1,NC_032660.1,98868417,102497548,102497549,G,GS,1
NC_037338.1,NC_032660.1,98882479,102511860,102511862,G,GGR,2
NC_037338.1,NC_032660.1,98946197,102576322,102576323,G,GC,1
NC_037338.1,NC_032660.1,98946216,102576342,102576343,G,GA,1
NC_037338.1,NC_032660.1,98961417,102591546,102591547,t,tg,1
NC_037338.1,NC_032660.1,98961424,102591554,102591555,a,ag,1
NC_037338.1,NC_032660.1,98961449,102591580,102591581,g,ga,1
NC_037338.1,NC_032660.1,98967501,102597736,102597737,G,GA,1
NC_037338.1,NC_032660.1,99039796,102757480,102757486,A,AGATAGC,6
NC_037338.1,NC_032660.1,99306792,103066618,103066619,c,ct,1
NC_037338.1,NC_032660.1,99308070,103067896,103067898,g,gga,2
NC_037338.1,NC_032660.1,99310498,103070326,103070327,t,tg,1
NC_037338.1,NC_032660.1,99345529,103098030,103098031,c,cg,1
NC_037338.1,NC_032660.1,99350539,103103041,103103043,a,aac,2
NC_037338.1,NC_032660.1,99354347,103106851,103106852,T,TG,1
NC_037338.1,NC_032660.1,99355322,103107827,103107828,A,AG,1
NC_037338.1,NC_032660.1,99359780,103111186,103111190,a,aaaat,4
NC_037338.1,NC_032660.1,99389232,103137629,103137630,C,CT,1
NC_037338.1,NC_032660.1,99394641,103143013,103143015,c,cca,2
NC_037338.1,NC_032660.1,99448805,103197178,103197179,C,CY,1
NC_037338.1,NC_032660.1,99607606,103355383,103355384,a,at,1
NC_037338.1,NC_032660.1,99720346,103468465,103468466,g,ga,1
NC_037338.1,NC_032660.1,99755760,103504696,103504699,T,TCTC,3
NC_037338.1,NC_032660.1,99771967,103520927,103520928,A,AG,1
NC_037338.1,NC_032660.1,100035082,103799608,103799609,a,ac,1
NC_037338.1,NC_032660.1,100066761,103831138,103831139,t,ta,1
NC_037338.1,NC_032660.1,100396519,104189824,104189827,t,ttta,3
NC_037338.1,NC_032660.1,100498662,104291317,104291319,C,CTG,2
NC_037338.1,NC_032660.1,100642618,104435747,104435748,C,CM,1
NC_037338.1,NC_032660.1,100712288,104516290,104516291,T,TK,1
NC_037338.1,NC_032660.1,100715864,104520082,104520083,C,CA,1
NC_037338.1,NC_032660.1,100716637,104520270,104520271,a,ac,1
NC_037338.1,NC_032660.1,100716641,104520275,104520276,g,gt,1
NC_037338.1,NC_032660.1,100781162,104584835,104584838,T,TCGG,3
NC_037338.1,NC_032660.1,100781204,104584880,104584881,C,CM,1
NC_037338.1,NC_032660.1,100817036,104620709,104620711,A,AAG,2
NC_037338.1,NC_032660.1,100817044,104620719,104620721,A,AAC,2
NC_037338.1,NC_032660.1,100817073,104620751,104620752,T,TG,1
NC_037338.1,NC_032660.1,100817090,104620769,104620770,C,CA,1
NC_037338.1,NC_032660.1,100817748,104621430,104621431,G,GR,1
NC_037338.1,NC_032660.1,100892247,104695932,104695933,G,GA,1
NC_037338.1,NC_032660.1,100906389,104710084,104710085,T,TG,1
NC_037338.1,NC_032660.1,100906466,104710163,104710165,g,gtt,2
NC_037338.1,NC_032660.1,100921738,104725437,104725438,C,CA,1
NC_037338.1,NC_032660.1,101083121,104902955,104902956,G,GC,1
NC_037338.1,NC_032660.1,101326894,105148011,105148012,G,GA,1
NC_037338.1,NC_032660.1,101486487,105308124,105308125,C,CN,1
NC_037338.1,NC_032660.1,101537243,105359182,105359183,g,gt,1
NC_037338.1,NC_032660.1,101568364,105390202,105390203,A,AG,1
NC_037338.1,NC_032660.1,101885426,105731512,105731513,c,ct,1
NC_037338.1,NC_032660.1,101919186,105765274,105765275,t,ta,1
NC_037338.1,NC_032660.1,101957133,105801941,105801942,G,GC,1
NC_037338.1,NC_032660.1,101957150,105801959,105801960,A,AC,1
NC_037338.1,NC_032660.1,102081716,105926565,105926566,G,GC,1
NC_037338.1,NC_032660.1,102187665,106029738,106029739,c,ct,1
NC_037338.1,NC_032660.1,102272290,106110499,106110500,g,gc,1
NC_037338.1,NC_032660.1,102497805,106335990,106335991,a,ag,1
NC_037338.1,NC_032660.1,102504878,106343074,106343075,T,TA,1
NC_037338.1,NC_032660.1,102504881,106343078,106343079,C,CG,1
NC_037338.1,NC_032660.1,102641836,106477793,106477794,G,GW,1
NC_037338.1,NC_032660.1,102731602,106566584,106566585,a,at,1
NC_037338.1,NC_032660.1,102933378,106769058,106769059,c,ca,1
NC_037338.1,NC_032660.1,102979166,106815193,106815196,t,tctc,3
NC_037338.1,NC_032660.1,103075013,106911206,106911207,T,TA,1
NC_037338.1,NC_032660.1,103083340,107059953,107059954,G,GN,1
NC_037338.1,NC_032660.1,103127102,106964634,106964635,T,TG,1
NC_037338.1,NC_032660.1,103136428,106973790,106973791,T,TN,1
NC_037338.1,NC_032660.1,103141614,106978978,106978979,g,ga,1
NC_037338.1,NC_032660.1,103174405,107125799,107125800,t,tN,1
NC_037338.1,NC_032660.1,103174784,107012691,107012705,T,TAGTACNNNNNNNNN,14
NC_037338.1,NC_032660.1,103204652,107156064,107156065,C,CA,1
NC_037338.1,NC_032660.1,103239289,107190691,107190692,G,GA,1
NC_037338.1,NC_032660.1,103239294,107190697,107190698,A,AG,1
NC_037338.1,NC_032660.1,103239307,107190711,107190712,C,CT,1
NC_037338.1,NC_032660.1,103363290,107357208,107357209,g,ga,1
NC_037338.1,NC_032660.1,103393544,107387554,107387555,C,CM,1
NC_037338.1,NC_032660.1,103414790,107408801,107408805,T,TGAAG,4
NC_037338.1,NC_032660.1,103438353,107432369,107432370,C,CM,1
NC_037338.1,NC_032660.1,103513986,107507920,107507922,C,CCA,2
NC_037338.1,NC_032660.1,103520006,107513694,107513695,G,GA,1
NC_037338.1,NC_032660.1,103534221,107527817,107527819,a,aNN,2
NC_037338.1,NC_032660.1,103551515,107545115,107545116,G,GA,1
NC_037338.1,NC_032660.1,103566922,107560516,107560525,g,gggaaacagt,9
NC_037338.1,NC_032660.1,103596443,107590048,107590049,T,TA,1
NC_037338.1,NC_032660.1,103693207,107683123,107683124,C,CN,1
NC_037338.1,NC_032660.1,103719839,107709529,107709530,A,AC,1
NC_037338.1,NC_032660.1,103737062,107726753,107726754,A,AG,1
NC_037338.1,NC_032660.1,103794488,107786151,107786152,G,GA,1
NC_037338.1,NC_032660.1,103895252,107885546,107885547,T,TG,1
NC_037338.1,NC_032660.1,103895292,107885588,107885589,A,AR,1
NC_037338.1,NC_032660.1,103921266,107932554,107932555,T,TA,1
NC_037338.1,NC_032660.1,103947927,107958349,107958350,G,GK,1
NC_037338.1,NC_032660.1,103980179,107989444,107989445,G,GA,1
NC_037338.1,NC_032660.1,104023805,108032995,108032996,A,AR,1
NC_037338.1,NC_032660.1,104030776,108039817,108039818,A,AG,1
NC_037338.1,NC_032660.1,104073556,108082613,108082614,T,TY,1
NC_037338.1,NC_032660.1,104077513,108086570,108086571,A,AG,1
NC_037338.1,NC_032660.1,104101187,108110741,108110742,T,TG,1
NC_037338.1,NC_032660.1,104120572,108139093,108139094,C,CA,1
NC_037338.1,NC_032660.1,104157741,108176262,108176264,t,tgc,2
NC_037338.1,NC_032660.1,104158138,108176661,108176663,g,ggc,2
NC_037338.1,NC_032660.1,104339575,108352352,108352353,A,AC,1
NC_037338.1,NC_032660.1,104475136,108488136,108488137,G,GA,1
NC_037338.1,NC_032660.1,104480572,108493593,108493594,G,GA,1
NC_037338.1,NC_032660.1,104508895,108521919,108521920,a,at,1
NC_037338.1,NC_032660.1,104668539,108688620,108688621,c,ct,1
NC_037338.1,NC_032660.1,104668810,108688892,108688897,g,gtcttc,5
NC_037338.1,NC_032660.1,104669050,108689137,108689139,g,gca,2
NC_037338.1,NC_032660.1,104669180,108689269,108689270,a,at,1
NC_037338.1,NC_032660.1,104699670,108719363,108719364,C,CA,1
NC_037338.1,NC_032660.1,104745544,108765237,108765238,T,TY,1
NC_037338.1,NC_032660.1,104795908,108815254,108815255,g,gc,1
NC_037338.1,NC_032660.1,104840960,108859864,108859865,T,TG,1
NC_037338.1,NC_032660.1,104841256,108860161,108860165,G,GGNNN,4
