Reference ID,Query ID,Reference POS,Query POS,Query END,REF,ALT,SVLEN
NC_037334.1,NC_032656.1,139398,9021,9022,c,ca,1
NC_037334.1,NC_032656.1,157280,26963,26966,c,cctt,3
NC_037334.1,NC_032656.1,159678,29369,29371,g,gKK,2
NC_037334.1,NC_032656.1,159721,29414,29431,c,ccaacatatgagAAAGta,17
NC_037334.1,NC_032656.1,192124,104948,104949,a,aN,1
NC_037334.1,NC_032656.1,229446,141352,141396,T,TATGNNNNNNNNNNNNNNNNNNNNNNNNNNNNNNNNNNNNNNNNN,44
NC_037334.1,NC_032656.1,246377,160526,160528,c,ctt,2
NC_037334.1,NC_032656.1,263582,177701,177702,A,AG,1
NC_037334.1,NC_032656.1,317003,233543,233544,t,ta,1
NC_037334.1,NC_032656.1,348069,266814,266816,g,gta,2
NC_037334.1,NC_032656.1,382210,363980,363981,a,ac,1
NC_037334.1,NC_032656.1,398900,380657,380658,T,TC,1
NC_037334.1,NC_032656.1,431805,413575,413576,g,ga,1
NC_037334.1,NC_032656.1,434895,416666,416668,c,cca,2
NC_037334.1,NC_032656.1,449393,431193,431194,a,at,1
NC_037334.1,NC_032656.1,455273,437073,437074,t,ta,1
NC_037334.1,NC_032656.1,677489,658360,658361,T,TC,1
NC_037334.1,NC_032656.1,708395,689954,689955,T,TA,1
NC_037334.1,NC_032656.1,716923,698521,698522,A,AC,1
NC_037334.1,NC_032656.1,789218,742474,742476,c,ctt,2
NC_037334.1,NC_032656.1,792528,745788,745791,c,cttt,3
NC_037334.1,NC_032656.1,793128,746393,746394,t,tY,1
NC_037334.1,NC_032656.1,806232,759310,759311,C,CM,1
NC_037334.1,NC_032656.1,821550,774630,774631,G,GR,1
NC_037334.1,NC_032656.1,821688,774769,774771,T,TYC,2
NC_037334.1,NC_032656.1,821964,775045,775046,A,AR,1
NC_037334.1,NC_032656.1,834185,787620,787621,C,CT,1
NC_037334.1,NC_032656.1,856887,810399,810400,T,TW,1
NC_037334.1,NC_032656.1,893690,847200,847201,g,ga,1
NC_037334.1,NC_032656.1,914993,868507,868508,G,GK,1
NC_037334.1,NC_032656.1,957249,910770,910771,a,ac,1
NC_037334.1,NC_032656.1,966944,920468,920472,C,CACTT,4
NC_037334.1,NC_032656.1,982482,936013,936015,C,CTT,2
NC_037334.1,NC_032656.1,1143745,1102954,1102958,C,CAAAT,4
NC_037334.1,NC_032656.1,1179873,1139514,1139525,a,aaaaaaaccctc,11
NC_037334.1,NC_032656.1,1182297,1141956,1141958,C,CAA,2
NC_037334.1,NC_032656.1,1221619,1181392,1181393,T,TA,1
NC_037334.1,NC_032656.1,1320784,1298932,1298937,T,TAACTC,5
NC_037334.1,NC_032656.1,1447046,1424816,1424817,C,CN,1
NC_037334.1,NC_032656.1,1493136,1470906,1470911,c,cttttt,5
NC_037334.1,NC_032656.1,1787463,1637991,1637992,G,GA,1
NC_037334.1,NC_032656.1,1789077,1639605,1639606,a,ac,1
NC_037334.1,NC_032656.1,1789494,1640023,1640027,g,gaatt,4
NC_037334.1,NC_032656.1,1800819,1651352,1651353,c,ca,1
NC_037334.1,NC_032656.1,1801423,1651957,1651965,t,tNNNNNNNN,8
NC_037334.1,NC_032656.1,1809367,1659910,1659921,g,gatcccgttgcc,11
NC_037334.1,NC_032656.1,1812342,1662896,1662897,t,tN,1
NC_037334.1,NC_032656.1,1836103,1686588,1686594,A,ATCATTG,6
NC_037334.1,NC_032656.1,1873456,1741200,1741249,C,CTNNNNNNNNNNNNNNNNNNNNNNNNNNNNNNNNNNNNNNNNNNNNNNNN,49
NC_037334.1,NC_032656.1,1921619,1789413,1789414,T,TC,1
NC_037334.1,NC_032656.1,1928595,1796395,1796396,t,tc,1
NC_037334.1,NC_032656.1,1949927,1817729,1817730,t,tg,1
NC_037334.1,NC_032656.1,1964670,1833356,1833357,t,ta,1
NC_037334.1,NC_032656.1,1984901,1853585,1853586,C,CY,1
NC_037334.1,NC_032656.1,1985607,1854293,1854294,A,AC,1
NC_037334.1,NC_032656.1,2066237,1934846,1934847,G,GC,1
NC_037334.1,NC_032656.1,2066247,1934857,1934859,A,AAT,2
NC_037334.1,NC_032656.1,2076916,1945528,1945529,G,GA,1
NC_037334.1,NC_032656.1,2116928,1985438,1985439,a,ag,1
NC_037334.1,NC_032656.1,2123850,1992361,1992362,t,tc,1
NC_037334.1,NC_032656.1,2126792,1995305,1995306,A,AG,1
NC_037334.1,NC_032656.1,2163682,2030780,2030781,C,CY,1
NC_037334.1,NC_032656.1,2178438,2045972,2045973,T,TA,1
NC_037334.1,NC_032656.1,2178472,2046007,2046008,G,GC,1
NC_037334.1,NC_032656.1,2250908,2118489,2118490,G,GA,1
NC_037334.1,NC_032656.1,2290480,2158690,2158693,a,agac,3
NC_037334.1,NC_032656.1,2364227,2232875,2232876,g,gc,1
NC_037334.1,NC_032656.1,2364353,2233002,2233006,a,agaat,4
NC_037334.1,NC_032656.1,2373422,2242071,2242072,g,gc,1
NC_037334.1,NC_032656.1,2529011,2401965,2401966,T,TA,1
NC_037334.1,NC_032656.1,2529035,2401991,2401992,t,tc,1
NC_037334.1,NC_032656.1,2555739,2428813,2428814,T,TC,1
NC_037334.1,NC_032656.1,2559104,2432339,2432341,t,tta,2
NC_037334.1,NC_032656.1,2586743,55381783,55381784,a,ag,1
NC_037334.1,NC_032656.1,2586743,2499006,2499007,a,ag,1
NC_037334.1,NC_032656.1,2591619,2503895,2503896,a,ag,1
NC_037334.1,NC_032656.1,2626952,2539226,2539227,A,AT,1
NC_037334.1,NC_032656.1,2628243,2540520,2540535,C,CGGTGCCCTCAGCACA,15
NC_037334.1,NC_032656.1,2631354,2543526,2543528,T,TAC,2
NC_037334.1,NC_032656.1,2666100,2578285,2578287,T,TTA,2
NC_037334.1,NC_032656.1,2679968,2592153,2592154,C,CG,1
NC_037334.1,NC_032656.1,2682206,2594379,2594406,G,GACCCCCACACCAGCATGGAAGGGGTCC,27
NC_037334.1,NC_032656.1,2753599,2670174,2670175,T,TG,1
NC_037334.1,NC_032656.1,2843886,2760462,2760477,G,GTCTGATTGTCTGATT,15
NC_037334.1,NC_032656.1,2846919,2763488,2763489,A,AC,1
NC_037334.1,NC_032656.1,2850032,2766597,2766598,a,at,1
NC_037334.1,NC_032656.1,2850162,2766728,2766729,t,tg,1
NC_037334.1,NC_032656.1,2850181,2766748,2766749,g,gt,1
NC_037334.1,NC_032656.1,2851274,2767845,2767846,T,TG,1
NC_037334.1,NC_032656.1,2880014,2796643,2796644,t,ta,1
NC_037334.1,NC_032656.1,2880037,2796667,2796668,t,tg,1
NC_037334.1,NC_032656.1,2880045,2796676,2796677,t,tA,1
NC_037334.1,NC_032656.1,2880060,2796692,2796693,T,TA,1
NC_037334.1,NC_032656.1,2885020,2801655,2801658,A,ACAG,3
NC_037334.1,NC_032656.1,2890777,2807413,2807414,a,at,1
NC_037334.1,NC_032656.1,2890799,2807436,2807438,a,aag,2
NC_037334.1,NC_032656.1,2898103,2814747,2814748,C,CS,1
NC_037334.1,NC_032656.1,2899153,2815798,2815799,G,GA,1
NC_037334.1,NC_032656.1,2899634,2816280,2816281,G,GN,1
NC_037334.1,NC_032656.1,2903083,2819728,2819729,C,CT,1
NC_037334.1,NC_032656.1,2903423,2820069,2820070,C,CM,1
NC_037334.1,NC_032656.1,2903988,2820635,2820636,T,TY,1
NC_037334.1,NC_032656.1,2904166,2820814,2820815,A,AR,1
NC_037334.1,NC_032656.1,2909431,2826086,2826087,A,AG,1
NC_037334.1,NC_032656.1,2910284,2826941,2826942,t,ta,1
NC_037334.1,NC_032656.1,2910660,2827318,2827320,g,gtt,2
NC_037334.1,NC_032656.1,2928638,2846069,2846072,t,taag,3
NC_037334.1,NC_032656.1,2931948,2849376,2849377,c,ct,1
NC_037334.1,NC_032656.1,2981209,2898524,2898525,A,AG,1
NC_037334.1,NC_032656.1,2981857,2899171,2899172,T,TC,1
NC_037334.1,NC_032656.1,3015549,2932865,2932866,g,ga,1
NC_037334.1,NC_032656.1,3015560,2932877,2932878,c,ca,1
NC_037334.1,NC_032656.1,3025056,2942375,2942376,T,TG,1
NC_037334.1,NC_032656.1,3033939,2951260,2951261,G,GT,1
NC_037334.1,NC_032656.1,3098636,3015959,3015960,T,TA,1
NC_037334.1,NC_032656.1,3125226,3045675,3045677,T,TTG,2
NC_037334.1,NC_032656.1,3177147,3097458,3097461,c,caga,3
NC_037334.1,NC_032656.1,3177515,3097829,3097830,c,ca,1
NC_037334.1,NC_032656.1,3201696,3122010,3122011,G,GC,1
NC_037334.1,NC_032656.1,3201703,3122018,3122019,T,TC,1
NC_037334.1,NC_032656.1,3205272,3125587,3125588,C,CA,1
NC_037334.1,NC_032656.1,3344239,3283868,3283870,t,tac,2
NC_037334.1,NC_032656.1,3475839,3415555,3415556,A,AG,1
NC_037334.1,NC_032656.1,3475841,3415558,3415559,G,GA,1
NC_037334.1,NC_032656.1,3568160,3482166,3482167,t,tg,1
NC_037334.1,NC_032656.1,3569891,3483898,3483899,c,ct,1
NC_037334.1,NC_032656.1,3569905,3483913,3483917,g,gtatt,4
NC_037334.1,NC_032656.1,3572510,3486523,3486524,T,TA,1
NC_037334.1,NC_032656.1,3573094,3487108,3487109,G,GC,1
NC_037334.1,NC_032656.1,3573632,3487640,3487641,A,AC,1
NC_037334.1,NC_032656.1,3574603,3488605,3488606,c,cg,1
NC_037334.1,NC_032656.1,3587100,3499845,3499846,t,ta,1
NC_037334.1,NC_032656.1,3589772,3502518,3502519,t,ta,1
NC_037334.1,NC_032656.1,3591244,3503991,3504007,t,tcatataatatatatca,16
NC_037334.1,NC_032656.1,3612703,3535362,3535364,c,cca,2
NC_037334.1,NC_032656.1,3612710,3535371,3535372,c,ca,1
NC_037334.1,NC_032656.1,3633137,3555999,3556000,t,tc,1
NC_037334.1,NC_032656.1,3633212,3556077,3556078,t,tg,1
NC_037334.1,NC_032656.1,3633237,3556103,3556104,t,tg,1
NC_037334.1,NC_032656.1,3725479,3648434,3648435,c,ca,1
NC_037334.1,NC_032656.1,3845729,3768402,3768403,A,AW,1
NC_037334.1,NC_032656.1,3997629,3920534,3920535,T,TA,1
NC_037334.1,NC_032656.1,4254246,4180770,4180771,A,AR,1
NC_037334.1,NC_032656.1,4254510,4181026,4181028,A,AGC,2
NC_037334.1,NC_032656.1,4254568,4181086,4181110,A,ACATCTGAAGCCCTGCACTGCTGCT,24
NC_037334.1,NC_032656.1,4255512,4182050,4182054,A,ACAGT,4
NC_037334.1,NC_032656.1,4265150,4191693,4191694,C,CY,1
NC_037334.1,NC_032656.1,4274106,4200658,4200660,a,att,2
NC_037334.1,NC_032656.1,4288701,4215259,4215260,g,gc,1
NC_037334.1,NC_032656.1,4328367,4254912,4254914,C,CTT,2
NC_037334.1,NC_032656.1,4367768,4294024,4294025,A,AG,1
NC_037334.1,NC_032656.1,4401600,4327688,4327689,C,CS,1
NC_037334.1,NC_032656.1,4402738,4328841,4328844,C,CCCA,3
NC_037334.1,NC_032656.1,4419305,4345267,4345268,A,AR,1
NC_037334.1,NC_032656.1,4463816,4390499,4390512,A,ACGATAAGGATGTG,13
NC_037334.1,NC_032656.1,4560512,4487455,4487456,t,tc,1
NC_037334.1,NC_032656.1,4564081,4491027,4491028,c,ct,1
NC_037334.1,NC_032656.1,4565327,4492273,4492274,g,ga,1
NC_037334.1,NC_032656.1,4589139,4515780,4515781,G,GT,1
NC_037334.1,NC_032656.1,4589957,4516599,4516601,A,AAT,2
NC_037334.1,NC_032656.1,4756318,4682877,4682878,G,GA,1
NC_037334.1,NC_032656.1,4777547,4703046,4703047,A,AW,1
NC_037334.1,NC_032656.1,4788391,4713909,4713910,G,GC,1
NC_037334.1,NC_032656.1,4794490,4720008,4720010,c,ctt,2
NC_037334.1,NC_032656.1,4799442,4724984,4724986,T,TTA,2
NC_037334.1,NC_032656.1,4819902,4745447,4745450,g,gNNN,3
NC_037334.1,NC_032656.1,4822807,4748355,4748356,C,CG,1
NC_037334.1,NC_032656.1,4823557,4749106,4749107,C,CM,1
NC_037334.1,NC_032656.1,4826987,4752537,4752543,a,aNNNNNN,6
NC_037334.1,NC_032656.1,4853877,4779410,4779412,c,ctY,2
NC_037334.1,NC_032656.1,4860050,4785587,4785588,G,GC,1
NC_037334.1,NC_032656.1,4861319,4786859,4786864,c,cccccg,5
NC_037334.1,NC_032656.1,4861339,4786884,4786887,c,cNNN,3
NC_037334.1,NC_032656.1,4863698,4789245,4789246,a,at,1
NC_037334.1,NC_032656.1,4863733,4789281,4789282,a,at,1
NC_037334.1,NC_032656.1,4865474,4791023,4791024,g,gt,1
NC_037334.1,NC_032656.1,4873618,4800591,4800592,C,CT,1
NC_037334.1,NC_032656.1,4876375,4803345,4803346,T,TA,1
NC_037334.1,NC_032656.1,4897303,4824166,4824167,C,CA,1
NC_037334.1,NC_032656.1,4901442,4828307,4828308,T,TY,1
NC_037334.1,NC_032656.1,4901459,4828325,4828327,C,CTT,2
NC_037334.1,NC_032656.1,4913634,4840615,4840616,c,ct,1
NC_037334.1,NC_032656.1,4922063,4849053,4849055,C,CGT,2
NC_037334.1,NC_032656.1,4925726,4852713,4852714,T,TG,1
NC_037334.1,NC_032656.1,4952237,4879480,4879484,t,tagag,4
NC_037334.1,NC_032656.1,4965184,4892433,4892435,g,gtt,2
NC_037334.1,NC_032656.1,4972864,4900115,4900116,A,AR,1
NC_037334.1,NC_032656.1,4984475,4916686,4916687,T,TG,1
NC_037334.1,NC_032656.1,5015768,4947978,4947982,A,AAGAT,4
NC_037334.1,NC_032656.1,5016955,4949180,4949183,t,tttg,3
NC_037334.1,NC_032656.1,5032003,4964265,4964268,A,AACC,3
NC_037334.1,NC_032656.1,5032048,4964317,4964319,g,gga,2
NC_037334.1,NC_032656.1,5034388,4966660,4966661,A,AC,1
NC_037334.1,NC_032656.1,5088994,5021268,5021269,G,GA,1
NC_037334.1,NC_032656.1,5334741,5267018,5267019,c,ca,1
NC_037334.1,NC_032656.1,5651352,5588294,5588300,c,caaaaaa,6
NC_037334.1,NC_032656.1,5651956,5588899,5588900,G,GT,1
NC_037334.1,NC_032656.1,5706298,5647375,5647376,G,GC,1
NC_037334.1,NC_032656.1,5718353,5659437,5659446,t,tttcccattg,9
NC_037334.1,NC_032656.1,5731448,5672316,5672327,a,acattcatgtcc,11
NC_037334.1,NC_032656.1,5744219,5685098,5685099,A,AG,1
NC_037334.1,NC_032656.1,5748475,5689351,5689352,C,CY,1
NC_037334.1,NC_032656.1,5774464,5715336,5715339,A,AAGT,3
NC_037334.1,NC_032656.1,5830390,5772055,5772057,t,tta,2
NC_037334.1,NC_032656.1,5856733,5798318,5798319,c,cg,1
NC_037334.1,NC_032656.1,5856805,5798391,5798392,G,GS,1
NC_037334.1,NC_032656.1,5858024,5799612,5799613,c,cg,1
NC_037334.1,NC_032656.1,5873567,5815050,5815060,G,GTGATTTCTAN,10
NC_037334.1,NC_032656.1,5877551,5819044,5819045,t,tg,1
NC_037334.1,NC_032656.1,5879327,5820821,5820822,t,ta,1
NC_037334.1,NC_032656.1,5896166,5837661,5837662,G,GS,1
NC_037334.1,NC_032656.1,5938342,5879803,5879804,G,GA,1
NC_037334.1,NC_032656.1,5938356,5879818,5879819,A,AC,1
NC_037334.1,NC_032656.1,5938367,5879830,5879831,C,CT,1
NC_037334.1,NC_032656.1,5957187,5901408,5901409,A,AC,1
NC_037334.1,NC_032656.1,6018088,5962313,5962332,C,CNNNNNNNNNNNNNNNNNNN,19
NC_037334.1,NC_032656.1,6018472,5962740,5962741,T,TG,1
NC_037334.1,NC_032656.1,6121495,6574706,6574707,g,ga,1
NC_037334.1,NC_032656.1,6143086,6596296,6596311,C,CATGCGTAAGATTCAT,15
NC_037334.1,NC_032656.1,6153605,6606832,6606833,t,tg,1
NC_037334.1,NC_032656.1,6159743,6612963,6612964,C,CT,1
NC_037334.1,NC_032656.1,6162279,6615499,6615500,G,GA,1
NC_037334.1,NC_032656.1,6166023,6619244,6619245,T,TG,1
NC_037334.1,NC_032656.1,6167340,6620560,6620561,G,GA,1
NC_037334.1,NC_032656.1,6167573,6620793,6620812,G,GGGGTCTAGCGGGGTGGGCA,19
NC_037334.1,NC_032656.1,6174884,6628265,6628272,A,ATGTGGTG,7
NC_037334.1,NC_032656.1,6182954,6636343,6636344,G,GC,1
NC_037334.1,NC_032656.1,6182968,6636358,6636359,G,GC,1
NC_037334.1,NC_032656.1,6188674,6642064,6642085,C,CAGTCCATTCCCCACCTGCCAY,21
NC_037334.1,NC_032656.1,6190038,6643449,6643473,T,TCGGTCAGTGGCGCTGCTCCCTGAC,24
NC_037334.1,NC_032656.1,6195836,6649269,6649272,g,ggTA,3
NC_037334.1,NC_032656.1,6202705,6656137,6656138,C,CY,1
NC_037334.1,NC_032656.1,6216600,6669859,6669870,G,GGTGCAGGGAGA,11
NC_037334.1,NC_032656.1,6239803,6692328,6692329,g,ga,1
NC_037334.1,NC_032656.1,6240535,6693061,6693062,c,cM,1
NC_037334.1,NC_032656.1,6254689,6707258,6707259,a,ag,1
NC_037334.1,NC_032656.1,6264694,6715989,6715990,T,TC,1
NC_037334.1,NC_032656.1,6277555,6728850,6728863,t,ttggactataaaga,13
NC_037334.1,NC_032656.1,6331418,6784384,6784385,A,AT,1
NC_037334.1,NC_032656.1,6335278,6788243,6788249,t,tNNNNNN,6
NC_037334.1,NC_032656.1,6341127,6794113,6794114,t,tg,1
NC_037334.1,NC_032656.1,6342682,6795670,6795672,t,ttg,2
NC_037334.1,NC_032656.1,6349323,6802308,6802309,a,ag,1
NC_037334.1,NC_032656.1,6352195,6805034,6805039,G,GCATGT,5
NC_037334.1,NC_032656.1,6354466,6807313,6807315,c,cct,2
NC_037334.1,NC_032656.1,6374029,6827369,6827371,G,GGA,2
NC_037334.1,NC_032656.1,6388722,6842064,6842065,t,ta,1
NC_037334.1,NC_032656.1,6426176,6879847,6879850,A,AWAG,3
NC_037334.1,NC_032656.1,6492073,6945288,6945297,G,GCCGCGCACC,9
NC_037334.1,NC_032656.1,6495699,6948921,6948923,C,CAA,2
NC_037334.1,NC_032656.1,6532315,6986870,6986872,t,tta,2
NC_037334.1,NC_032656.1,6551355,7007176,7007177,a,aW,1
NC_037334.1,NC_032656.1,6564911,7020732,7020745,c,cttttcactttcat,13
NC_037334.1,NC_032656.1,6584954,7040804,7040805,t,ta,1
NC_037334.1,NC_032656.1,6675648,7151932,7151933,C,CS,1
NC_037334.1,NC_032656.1,6772590,7248613,7248614,c,ca,1
NC_037334.1,NC_032656.1,6796772,7272911,7272912,T,TC,1
NC_037334.1,NC_032656.1,6841969,7319230,7319231,G,GA,1
NC_037334.1,NC_032656.1,6842177,7319439,7319442,t,tctc,3
NC_037334.1,NC_032656.1,6843616,7320881,7320882,t,ta,1
NC_037334.1,NC_032656.1,6844361,7321623,7321624,T,TW,1
NC_037334.1,NC_032656.1,6893697,7370962,7370963,G,GS,1
NC_037334.1,NC_032656.1,6921375,7398686,7398687,a,aR,1
NC_037334.1,NC_032656.1,6941102,7501886,7501887,a,at,1
NC_037334.1,NC_032656.1,6960801,7521815,7521817,t,tNN,2
NC_037334.1,NC_032656.1,7040222,8217355,8217359,c,ctctt,4
NC_037334.1,NC_032656.1,7041510,8218649,8218650,a,at,1
NC_037334.1,NC_032656.1,7076512,8274914,8274915,a,at,1
NC_037334.1,NC_032656.1,7076528,8274931,8274932,g,gc,1
NC_037334.1,NC_032656.1,7102619,8291539,8291540,t,tg,1
NC_037334.1,NC_032656.1,7116536,8305471,8305472,t,ta,1
NC_037334.1,NC_032656.1,7134294,8323232,8323233,A,AG,1
NC_037334.1,NC_032656.1,7143396,8332329,8332330,A,AG,1
NC_037334.1,NC_032656.1,7284329,8479272,8479274,a,act,2
NC_037334.1,NC_032656.1,7284434,8479379,8479396,t,taactttccttccaagca,17
NC_037334.1,NC_032656.1,7284492,8479454,8479455,a,ag,1
NC_037334.1,NC_032656.1,7422359,8617903,8617909,c,ctataag,6
NC_037334.1,NC_032656.1,7422887,8618435,8618437,c,caa,2
NC_037334.1,NC_032656.1,7564347,8761029,8761034,T,TTTTGC,5
NC_037334.1,NC_032656.1,7705558,8923322,8923323,C,CT,1
NC_037334.1,NC_032656.1,7757408,8975871,8975872,T,TG,1
NC_037334.1,NC_032656.1,7838549,9184951,9184952,T,TK,1
NC_037334.1,NC_032656.1,7861024,9208235,9208236,T,TK,1
NC_037334.1,NC_032656.1,8496791,7663514,7663515,A,AC,1
NC_037334.1,NC_032656.1,8497025,7663749,7663750,A,AT,1
NC_037334.1,NC_032656.1,8497061,7663786,7663793,g,gttttttt,7
NC_037334.1,NC_032656.1,8497451,7664182,7664183,T,TG,1
NC_037334.1,NC_032656.1,8499362,7666094,7666106,t,tagcagcagcagc,12
NC_037334.1,NC_032656.1,8499563,7666307,7666308,C,CT,1
NC_037334.1,NC_032656.1,8500132,7666877,7666885,g,gtataaata,8
NC_037334.1,NC_032656.1,8500603,7667355,7667359,g,gtttt,4
NC_037334.1,NC_032656.1,8501124,7667880,7667884,a,aaaMM,4
NC_037334.1,NC_032656.1,8501450,7668210,7668211,c,ct,1
NC_037334.1,NC_032656.1,8501590,7668351,7668353,t,tac,2
NC_037334.1,NC_032656.1,8511534,7678297,7678298,G,GC,1
NC_037334.1,NC_032656.1,8519503,7686267,7686270,a,actt,3
NC_037334.1,NC_032656.1,8520063,7686830,7686831,g,gt,1
NC_037334.1,NC_032656.1,8520097,7686865,7686867,a,aag,2
NC_037334.1,NC_032656.1,8531585,7706930,7706932,c,ctg,2
NC_037334.1,NC_032656.1,8540829,7716177,7716181,g,ggtta,4
NC_037334.1,NC_032656.1,8540922,7716274,7716277,g,ggtt,3
NC_037334.1,NC_032656.1,8540953,7716308,7716309,c,ca,1
NC_037334.1,NC_032656.1,8541412,7716768,7716770,c,ccg,2
NC_037334.1,NC_032656.1,8579627,7741336,7741350,G,GCTGATCAGACTGGC,14
NC_037334.1,NC_032656.1,8583224,7744938,7744939,c,ca,1
NC_037334.1,NC_032656.1,8601388,7766044,7766046,t,tcc,2
NC_037334.1,NC_032656.1,8601673,7766331,7766332,G,GC,1
NC_037334.1,NC_032656.1,8650595,7815254,7815255,A,AT,1
NC_037334.1,NC_032656.1,8654208,7818868,7818869,A,AY,1
NC_037334.1,NC_032656.1,8654246,7818907,7818909,t,ttc,2
NC_037334.1,NC_032656.1,8675892,7840556,7840557,a,ag,1
NC_037334.1,NC_032656.1,8690468,7855138,7855139,T,TA,1
NC_037334.1,NC_032656.1,8710000,7874346,7874347,t,ta,1
NC_037334.1,NC_032656.1,8741658,7897444,7897445,a,ag,1
NC_037334.1,NC_032656.1,8766375,7922198,7922201,a,aNNN,3
NC_037334.1,NC_032656.1,8776939,7932767,7932769,t,ttc,2
NC_037334.1,NC_032656.1,8787038,7942868,7942876,a,aNNNNNNNN,8
NC_037334.1,NC_032656.1,8792352,7948190,7948194,c,cagtt,4
NC_037334.1,NC_032656.1,8799924,7955766,7955767,C,CT,1
NC_037334.1,NC_032656.1,8800129,7955972,7955973,C,CA,1
NC_037334.1,NC_032656.1,8800135,7955979,7955980,T,TA,1
NC_037334.1,NC_032656.1,8800179,7956024,7956025,T,TA,1
NC_037334.1,NC_032656.1,8800294,7956138,7956139,T,TC,1
NC_037334.1,NC_032656.1,8800331,7956176,7956177,T,TY,1
NC_037334.1,NC_032656.1,8800344,7956190,7956191,T,TC,1
NC_037334.1,NC_032656.1,8800357,7956204,7956205,C,CA,1
NC_037334.1,NC_032656.1,8800406,7956254,7956255,c,ca,1
NC_037334.1,NC_032656.1,8800464,7956314,7956315,t,tc,1
NC_037334.1,NC_032656.1,8802461,7958366,7958367,t,tg,1
NC_037334.1,NC_032656.1,8802492,7958399,7958400,g,ga,1
NC_037334.1,NC_032656.1,8802503,7958411,7958412,c,ca,1
NC_037334.1,NC_032656.1,8802537,7958446,7958448,a,agg,2
NC_037334.1,NC_032656.1,8802550,7958461,7958462,c,cM,1
NC_037334.1,NC_032656.1,8802751,7958663,7958664,C,CT,1
NC_037334.1,NC_032656.1,8802894,7958815,7958817,g,gat,2
NC_037334.1,NC_032656.1,8803316,7959239,7959242,t,tgtg,3
NC_037334.1,NC_032656.1,8803339,7959265,7959266,c,ct,1
NC_037334.1,NC_032656.1,8889740,21568641,21568642,t,tg,1
NC_037334.1,NC_032656.1,11520146,9692997,9692998,T,TA,1
NC_037334.1,NC_032656.1,11520224,9693076,9693077,G,GT,1
NC_037334.1,NC_032656.1,11540866,9713722,9713723,G,GS,1
NC_037334.1,NC_032656.1,11712820,9916271,9916273,A,AAC,2
NC_037334.1,NC_032656.1,11899984,10163203,10163204,a,at,1
NC_037334.1,NC_032656.1,12069241,10332976,10332977,C,CA,1
NC_037334.1,NC_032656.1,12238068,10501431,10501432,G,GM,1
NC_037334.1,NC_032656.1,12362500,10625810,10625812,g,ggt,2
NC_037334.1,NC_032656.1,12362708,10626045,10626046,A,AT,1
NC_037334.1,NC_032656.1,12575036,10838692,10838694,t,ttc,2
NC_037334.1,NC_032656.1,12623935,10889124,10889135,g,gtNNNNNNNNNN,11
NC_037334.1,NC_032656.1,12700406,10965894,10965895,T,TG,1
NC_037334.1,NC_032656.1,12730619,10999585,10999586,A,AG,1
NC_037334.1,NC_032656.1,12761012,11029981,11029983,a,aNN,2
NC_037334.1,NC_032656.1,12787250,11056197,11056198,g,gS,1
NC_037334.1,NC_032656.1,12953100,11222442,11222444,c,cca,2
NC_037334.1,NC_032656.1,13012528,11283127,11283128,g,gt,1
NC_037334.1,NC_032656.1,13012532,11283132,11283133,c,ca,1
NC_037334.1,NC_032656.1,13012668,11283269,11283270,a,ag,1
NC_037334.1,NC_032656.1,13128383,11407034,11407035,a,at,1
NC_037334.1,NC_032656.1,13202406,11481086,11481087,G,GA,1
NC_037334.1,NC_032656.1,13202742,11481423,11481428,G,GCAAAT,5
NC_037334.1,NC_032656.1,13225786,11504509,11504511,t,tta,2
NC_037334.1,NC_032656.1,13244961,11523687,11523688,t,ta,1
NC_037334.1,NC_032656.1,13247617,11526358,11526359,a,at,1
NC_037334.1,NC_032656.1,13273838,11552291,11552294,t,taaa,3
NC_037334.1,NC_032656.1,13277794,11556164,11556275,g,gaacctgggtctcccacattgcaggcagattcctgaccatctgagccaccagggaNNNNNNNNNNNNNNNNNNNNNNNNNNNNNNNNNNNNNNNNNNNNNNNNNNNNNNNNN,111
NC_037334.1,NC_032656.1,13451527,11805608,11805609,C,CT,1
NC_037334.1,NC_032656.1,13451876,11805957,11805960,A,AAAG,3
NC_037334.1,NC_032656.1,13454248,11808328,11808330,A,AGT,2
NC_037334.1,NC_032656.1,13593187,11960247,11960248,C,CM,1
NC_037334.1,NC_032656.1,13775927,12145230,12145231,t,ta,1
NC_037334.1,NC_032656.1,13921235,12305136,12305137,t,tc,1
NC_037334.1,NC_032656.1,14009035,12414931,12414937,c,caaaact,6
NC_037334.1,NC_032656.1,14009553,12415455,12415456,t,tc,1
NC_037334.1,NC_032656.1,14061086,12472192,12472196,a,acagt,4
NC_037334.1,NC_032656.1,14096744,12508581,12508583,c,cNN,2
NC_037334.1,NC_032656.1,14096758,12508597,12508598,t,tg,1
NC_037334.1,NC_032656.1,14096776,12508616,12508617,a,ag,1
NC_037334.1,NC_032656.1,14096784,12508625,12508626,g,ga,1
NC_037334.1,NC_032656.1,14096804,12508646,12508647,c,ca,1
NC_037334.1,NC_032656.1,14096807,12508650,12508651,t,tg,1
NC_037334.1,NC_032656.1,14128234,12540095,12540096,T,TG,1
NC_037334.1,NC_032656.1,14153354,12565211,12565213,a,acg,2
NC_037334.1,NC_032656.1,14185731,12599566,12599570,g,gatat,4
NC_037334.1,NC_032656.1,14185734,12599573,12599574,t,ta,1
NC_037334.1,NC_032656.1,14186884,12600719,12600722,t,tagc,3
NC_037334.1,NC_032656.1,14191084,12604906,12604907,T,TK,1
NC_037334.1,NC_032656.1,14191563,12605386,12605393,c,caaaaaaa,7
NC_037334.1,NC_032656.1,14220683,12634531,12634533,C,CAG,2
NC_037334.1,NC_032656.1,14220775,12634625,12634626,A,AC,1
NC_037334.1,NC_032656.1,14244084,12657928,12657934,g,ggtttGA,6
NC_037334.1,NC_032656.1,14252321,12666058,12666059,c,ct,1
NC_037334.1,NC_032656.1,14255385,12669123,12669124,C,CT,1
NC_037334.1,NC_032656.1,14285966,12734946,12734952,a,atctact,6
NC_037334.1,NC_032656.1,14308197,12757185,12757187,c,ctg,2
NC_037334.1,NC_032656.1,14308197,12763057,12763059,c,ctg,2
NC_037334.1,NC_032656.1,14316812,12771674,12771675,a,ag,1
NC_037334.1,NC_032656.1,14389445,12844320,12844321,g,gc,1
NC_037334.1,NC_032656.1,14502857,12965702,12965703,c,ct,1
NC_037334.1,NC_032656.1,14505253,12968099,12968100,C,CG,1
NC_037334.1,NC_032656.1,14558735,13022312,13022314,G,GTT,2
NC_037334.1,NC_032656.1,14601158,13064739,13064740,C,CA,1
NC_037334.1,NC_032656.1,14640355,13103938,13103939,C,CA,1
NC_037334.1,NC_032656.1,14847018,13310010,13310011,A,AT,1
NC_037334.1,NC_032656.1,14847217,13310210,13310211,C,CA,1
NC_037334.1,NC_032656.1,14859534,13322528,13322529,g,ga,1
NC_037334.1,NC_032656.1,14879959,13342957,13342958,G,GC,1
NC_037334.1,NC_032656.1,15051875,13511713,13511715,t,tNN,2
NC_037334.1,NC_032656.1,15060173,13520013,13520014,T,TC,1
NC_037334.1,NC_032656.1,15128854,13588348,13588349,G,GT,1
NC_037334.1,NC_032656.1,15134818,13594352,13594353,G,GK,1
NC_037334.1,NC_032656.1,15185959,13644613,13644614,G,GA,1
NC_037334.1,NC_032656.1,15210433,13660783,13660784,C,CY,1
NC_037334.1,NC_032656.1,15323510,13774162,13774163,g,gt,1
NC_037334.1,NC_032656.1,15624375,14076779,14076782,T,TNNN,3
NC_037334.1,NC_032656.1,15813156,14265098,14265100,A,ACC,2
NC_037334.1,NC_032656.1,15843124,14295032,14295033,T,TN,1
NC_037334.1,NC_032656.1,15885419,14337349,14337350,a,ac,1
NC_037334.1,NC_032656.1,15964342,14416159,14416160,C,CY,1
NC_037334.1,NC_032656.1,15997451,14449322,14449323,T,TK,1
NC_037334.1,NC_032656.1,16064489,14520362,14520363,a,ac,1
NC_037334.1,NC_032656.1,16179974,14633081,14633082,A,AC,1
NC_037334.1,NC_032656.1,16266399,14718996,14718997,A,AC,1
NC_037334.1,NC_032656.1,16415431,14866002,14866003,G,GA,1
NC_037334.1,NC_032656.1,16604942,15056147,15056148,C,CT,1
NC_037334.1,NC_032656.1,16604948,15056154,15056155,G,GT,1
NC_037334.1,NC_032656.1,16604984,15056192,15056193,C,CA,1
NC_037334.1,NC_032656.1,16604993,15056202,15056203,G,GC,1
NC_037334.1,NC_032656.1,16873804,15333278,15333279,c,ca,1
NC_037334.1,NC_032656.1,17094468,15554471,15554472,T,TY,1
NC_037334.1,NC_032656.1,17356904,15836525,15836526,T,TG,1
NC_037334.1,NC_032656.1,17357714,15837336,15837337,t,tc,1
NC_037334.1,NC_032656.1,17357883,15837506,15837508,T,TGA,2
NC_037334.1,NC_032656.1,17358270,15837895,15837896,g,gc,1
NC_037334.1,NC_032656.1,17358464,15838090,15838091,c,ca,1
NC_037334.1,NC_032656.1,17417241,15822008,15822011,c,cttt,3
NC_037334.1,NC_032656.1,17430028,15834799,15834800,g,gc,1
NC_037334.1,NC_032656.1,17432017,15836789,15836792,T,TTGA,3
NC_037334.1,NC_032656.1,17434061,15838836,15838837,C,CG,1
NC_037334.1,NC_032656.1,17435759,15840534,15840535,g,ga,1
NC_037334.1,NC_032656.1,17441321,15846094,15846098,A,ATATT,4
NC_037334.1,NC_032656.1,17441398,15846175,15846176,T,TA,1
NC_037334.1,NC_032656.1,17459614,15903269,15903270,g,gc,1
NC_037334.1,NC_032656.1,17650834,16090375,16090376,c,ca,1
NC_037334.1,NC_032656.1,17655149,16094691,16094692,t,ta,1
NC_037334.1,NC_032656.1,17841491,16385226,16385227,C,CS,1
NC_037334.1,NC_032656.1,17863116,16406853,16406854,A,AC,1
NC_037334.1,NC_032656.1,17865148,16408686,16408718,C,CCGGCTGGTCCAGAAAAAATAGACNNNNNNNNN,32
NC_037334.1,NC_032656.1,17865387,16408956,16408957,t,tg,1
NC_037334.1,NC_032656.1,17974897,16518048,16518050,A,ATT,2
NC_037334.1,NC_032656.1,17974966,16518119,16518121,G,GGT,2
NC_037334.1,NC_032656.1,18007065,16550222,16550223,T,TG,1
NC_037334.1,NC_032656.1,18028702,16571478,16571479,c,ca,1
NC_037334.1,NC_032656.1,18125243,16668182,16668183,A,AC,1
NC_037334.1,NC_032656.1,18222209,16765090,16765091,A,AT,1
NC_037334.1,NC_032656.1,18460243,17025177,17025178,T,TY,1
NC_037334.1,NC_032656.1,18484011,17049034,17049035,G,GC,1
NC_037334.1,NC_032656.1,18500803,17065833,17065840,c,cctttttt,7
NC_037334.1,NC_032656.1,18505471,17070509,17070533,t,tagcagcagcagcagcagcagcagc,24
NC_037334.1,NC_032656.1,18568295,17132815,17132817,C,CCA,2
NC_037334.1,NC_032656.1,18581878,17146393,17146394,T,TC,1
NC_037334.1,NC_032656.1,18588689,17153205,17153206,G,GR,1
NC_037334.1,NC_032656.1,18754375,17364316,17364317,a,ac,1
NC_037334.1,NC_032656.1,18755673,17365616,17365617,t,tc,1
NC_037334.1,NC_032656.1,18757320,17367262,17367263,G,GA,1
NC_037334.1,NC_032656.1,18769914,17357050,17357051,A,AG,1
NC_037334.1,NC_032656.1,18769957,17357094,17357095,A,AC,1
NC_037334.1,NC_032656.1,18770214,17357351,17357352,A,AG,1
NC_037334.1,NC_032656.1,18770259,17357394,17357395,T,TG,1
NC_037334.1,NC_032656.1,18770355,17357489,17357490,G,GT,1
NC_037334.1,NC_032656.1,18770446,17357580,17357582,T,TCA,2
NC_037334.1,NC_032656.1,18770484,17357620,17357621,A,AT,1
NC_037334.1,NC_032656.1,18770887,17358022,17358023,T,TG,1
NC_037334.1,NC_032656.1,18771047,17358183,17358184,T,TG,1
NC_037334.1,NC_032656.1,18771204,17358341,17358342,c,ca,1
NC_037334.1,NC_032656.1,18772373,17359510,17359511,G,GN,1
NC_037334.1,NC_032656.1,18772874,17360013,17360014,T,TC,1
NC_037334.1,NC_032656.1,18774615,17361755,17361756,t,tg,1
NC_037334.1,NC_032656.1,18779867,17367007,17367008,t,ta,1
NC_037334.1,NC_032656.1,18781901,17369038,17369039,g,ga,1
NC_037334.1,NC_032656.1,18788933,17376077,17376078,t,tg,1
NC_037334.1,NC_032656.1,18805049,17392198,17392199,T,TC,1
NC_037334.1,NC_032656.1,18842165,17429318,17429319,c,ct,1
NC_037334.1,NC_032656.1,18842174,17429329,17429339,G,GCCCCGTGTCT,10
NC_037334.1,NC_032656.1,19132609,17719868,17719869,C,CA,1
NC_037334.1,NC_032656.1,19152694,17739969,17739970,T,TN,1
NC_037334.1,NC_032656.1,19153459,17740735,17740736,C,CA,1
NC_037334.1,NC_032656.1,19197068,17784512,17784513,A,AC,1
NC_037334.1,NC_032656.1,19227895,17828362,17828364,A,ANN,2
NC_037334.1,NC_032656.1,19267634,17868092,17868094,c,cgg,2
NC_037334.1,NC_032656.1,19310549,17909910,17909931,A,ATCCTAGTGTGGGTGACGTGTG,21
NC_037334.1,NC_032656.1,19320943,17920342,17920344,t,tgc,2
NC_037334.1,NC_032656.1,19324645,17924047,17924048,t,ta,1
NC_037334.1,NC_032656.1,19330108,17929540,17929541,g,gt,1
NC_037334.1,NC_032656.1,19330134,17929567,17929568,g,ga,1
NC_037334.1,NC_032656.1,19468666,18067949,18067950,a,at,1
NC_037334.1,NC_032656.1,19474119,18073403,18073404,A,AC,1
NC_037334.1,NC_032656.1,19505533,18104819,18104820,c,cg,1
NC_037334.1,NC_032656.1,19639936,18271252,18271253,g,ga,1
NC_037334.1,NC_032656.1,19674197,18305524,18305536,G,GTTCCTCATTCCT,12
NC_037334.1,NC_032656.1,19729051,18360392,18360398,G,GGGGCTC,6
NC_037334.1,NC_032656.1,19801210,18432881,18432882,A,AR,1
NC_037334.1,NC_032656.1,19801290,18432962,18432964,t,ttc,2
NC_037334.1,NC_032656.1,19915444,18548761,18548762,G,GS,1
NC_037334.1,NC_032656.1,19952761,18586077,18586078,a,aN,1
NC_037334.1,NC_032656.1,19956719,18590039,18590040,C,CS,1
NC_037334.1,NC_032656.1,19967838,18601055,18601056,t,tY,1
NC_037334.1,NC_032656.1,20019943,18652956,18652957,G,GR,1
NC_037334.1,NC_032656.1,20074694,18707671,18707673,C,CTA,2
NC_037334.1,NC_032656.1,20091755,18724725,18724726,g,gt,1
NC_037334.1,NC_032656.1,20105929,18738901,18738902,C,CT,1
NC_037334.1,NC_032656.1,20121843,18754645,18754647,t,tgg,2
NC_037334.1,NC_032656.1,20145260,18778068,18778069,A,AG,1
NC_037334.1,NC_032656.1,20252382,18884939,18884940,T,TA,1
NC_037334.1,NC_032656.1,20369596,19002725,19002726,A,AC,1
NC_037334.1,NC_032656.1,20497345,19161675,19161685,G,GTCAAGTAGTT,10
NC_037334.1,NC_032656.1,20570171,19234286,19234287,g,gt,1
NC_037334.1,NC_032656.1,20570185,19234301,19234303,c,ctt,2
NC_037334.1,NC_032656.1,20570205,19234323,19234324,c,ct,1
NC_037334.1,NC_032656.1,20613674,19277670,19277671,C,CG,1
NC_037334.1,NC_032656.1,20644842,19309188,19309189,A,AC,1
NC_037334.1,NC_032656.1,20690304,19353836,19353837,t,ta,1
NC_037334.1,NC_032656.1,20710135,19373389,19373390,T,TK,1
NC_037334.1,NC_032656.1,20740436,19402412,19402413,t,tc,1
NC_037334.1,NC_032656.1,20745903,19407882,19407883,a,ac,1
NC_037334.1,NC_032656.1,20752517,19414501,19414502,G,GS,1
NC_037334.1,NC_032656.1,20795220,19539717,19539718,G,GS,1
NC_037334.1,NC_032656.1,20796241,19540739,19540740,C,CY,1
NC_037334.1,NC_032656.1,20827368,19571871,19571874,G,GAGA,3
NC_037334.1,NC_032656.1,20829228,19573743,19573745,A,ATC,2
NC_037334.1,NC_032656.1,20830166,19574688,19574689,c,ct,1
NC_037334.1,NC_032656.1,20830441,19574958,19574959,g,gt,1
NC_037334.1,NC_032656.1,20836665,19581172,19581174,G,GGA,2
NC_037334.1,NC_032656.1,20861013,19605528,19605537,c,ctggtgggct,9
NC_037334.1,NC_032656.1,20919083,19663601,19663602,a,ac,1
NC_037334.1,NC_032656.1,20920398,19673703,19673707,g,gacaa,4
NC_037334.1,NC_032656.1,20923366,19676672,19676673,g,ga,1
NC_037334.1,NC_032656.1,20923385,19676692,19676693,A,AT,1
NC_037334.1,NC_032656.1,20923829,19668350,19668351,g,ga,1
NC_037334.1,NC_032656.1,20941403,19694712,19694713,t,ta,1
NC_037334.1,NC_032656.1,20953023,19706387,19706388,C,CS,1
NC_037334.1,NC_032656.1,20953648,19707013,19707014,T,TK,1
NC_037334.1,NC_032656.1,21100088,19852204,19852205,t,ta,1
NC_037334.1,NC_032656.1,21108772,19861410,19861411,a,at,1
NC_037334.1,NC_032656.1,21161120,19913657,19913658,C,CT,1
NC_037334.1,NC_032656.1,21227871,19980724,19980737,G,GRCCTGTGCCCTCT,13
NC_037334.1,NC_032656.1,21232396,19985262,19985273,c,cggccccgNNNN,11
NC_037334.1,NC_032656.1,21494335,20255644,20255645,G,GA,1
NC_037334.1,NC_032656.1,21497993,20259303,20259305,C,CTT,2
NC_037334.1,NC_032656.1,21525607,20286929,20286930,c,ct,1
NC_037334.1,NC_032656.1,21747247,20535978,20535979,C,CA,1
NC_037334.1,NC_032656.1,21771005,20559735,20559736,c,ct,1
NC_037334.1,NC_032656.1,22025358,20740506,20740507,T,TA,1
NC_037334.1,NC_032656.1,22228242,20943518,20943522,T,TTTCA,4
NC_037334.1,NC_032656.1,22274167,20989456,20989457,c,ct,1
NC_037334.1,NC_032656.1,22325238,21040591,21040593,A,AAG,2
NC_037334.1,NC_032656.1,22361271,21076631,21076632,c,ct,1
NC_037334.1,NC_032656.1,22433466,21148831,21148834,a,aaat,3
NC_037334.1,NC_032656.1,22449542,21164915,21164916,a,at,1
NC_037334.1,NC_032656.1,22473695,21189072,21189079,c,ctttcact,7
NC_037334.1,NC_032656.1,22544819,21260224,21260225,G,GS,1
NC_037334.1,NC_032656.1,22557930,21273644,21273645,g,gt,1
NC_037334.1,NC_032656.1,22561173,21276889,21276890,t,tg,1
NC_037334.1,NC_032656.1,22562227,21278416,21278417,a,ac,1
NC_037334.1,NC_032656.1,22566223,21282422,21282423,G,GT,1
NC_037334.1,NC_032656.1,22769665,21363037,21363039,T,TTC,2
NC_037334.1,NC_032656.1,22783212,21376591,21376595,t,ttata,4
NC_037334.1,NC_032656.1,22789302,21382087,21382088,t,ta,1
NC_037334.1,NC_032656.1,22938778,21525206,21525207,A,AT,1
NC_037334.1,NC_032656.1,23008357,21603102,21603104,C,CAT,2
NC_037334.1,NC_032656.1,23123054,21717805,21717806,A,AG,1
NC_037334.1,NC_032656.1,23138535,21761105,21761106,C,CY,1
NC_037334.1,NC_032656.1,23216878,21844098,21844099,C,CY,1
NC_037334.1,NC_032656.1,23222300,21849521,21849522,G,GC,1
NC_037334.1,NC_032656.1,23236399,21863108,21863109,a,aM,1
NC_037334.1,NC_032656.1,23238600,21865308,21865309,T,TG,1
NC_037334.1,NC_032656.1,23331462,21958204,21958206,a,aat,2
NC_037334.1,NC_032656.1,23335754,21962500,21962504,G,GTCTK,4
NC_037334.1,NC_032656.1,23338506,21965256,21965257,c,ca,1
NC_037334.1,NC_032656.1,23340436,21967188,21967189,G,GA,1
NC_037334.1,NC_032656.1,23350160,21976922,21976923,A,AW,1
NC_037334.1,NC_032656.1,23350444,21977207,21977208,T,TW,1
NC_037334.1,NC_032656.1,23351024,21977788,21977789,G,GT,1
NC_037334.1,NC_032656.1,23353394,21980155,21980156,t,tc,1
NC_037334.1,NC_032656.1,23371816,21997450,21997451,C,CT,1
NC_037334.1,NC_032656.1,23374900,22000496,22000504,t,ttttttttg,8
NC_037334.1,NC_032656.1,23378011,22003616,22003617,C,CA,1
NC_037334.1,NC_032656.1,23395229,22017980,22017981,C,CA,1
NC_037334.1,NC_032656.1,23398232,22020986,22020987,T,TK,1
NC_037334.1,NC_032656.1,23445626,22075726,22075728,c,cta,2
NC_037334.1,NC_032656.1,23470304,22100442,22100443,T,TC,1
NC_037334.1,NC_032656.1,23470852,22100991,22100996,T,TCTAAA,5
NC_037334.1,NC_032656.1,23471000,22101144,22101145,c,ct,1
NC_037334.1,NC_032656.1,23472874,22103602,22103609,t,taaaatta,7
NC_037334.1,NC_032656.1,23499477,22146843,22146855,a,attttgatttctt,12
NC_037334.1,NC_032656.1,23500455,22147832,22147834,t,taa,2
NC_037334.1,NC_032656.1,23500564,22147943,22147952,c,cttgtgtgtt,9
NC_037334.1,NC_032656.1,23502638,22150026,22150027,t,tc,1
NC_037334.1,NC_032656.1,23505431,22152819,22152820,c,ca,1
NC_037334.1,NC_032656.1,23509713,22156971,22156972,a,at,1
NC_037334.1,NC_032656.1,23510054,22157313,22157314,g,ga,1
NC_037334.1,NC_032656.1,23510398,22158971,22158972,g,ga,1
NC_037334.1,NC_032656.1,23511245,22159821,22159822,a,ag,1
NC_037334.1,NC_032656.1,23511356,22159933,22159934,a,ac,1
NC_037334.1,NC_032656.1,23513520,22162097,22162098,a,aR,1
NC_037334.1,NC_032656.1,23515127,22163703,22163704,G,GA,1
NC_037334.1,NC_032656.1,23516384,22164961,22164965,G,GAATT,4
NC_037334.1,NC_032656.1,23527048,22175629,22175632,t,ttta,3
NC_037334.1,NC_032656.1,23538648,22187237,22187245,G,GTGTTCTCT,8
NC_037334.1,NC_032656.1,23543701,22192298,22192300,c,ctt,2
NC_037334.1,NC_032656.1,23557266,22211936,22211938,t,tNN,2
NC_037334.1,NC_032656.1,23561113,22215785,22215787,A,AAC,2
NC_037334.1,NC_032656.1,23561235,22215909,22215910,a,ag,1
NC_037334.1,NC_032656.1,23561389,22216063,22216069,C,CCTGCCT,6
NC_037334.1,NC_032656.1,23563926,22218609,22218610,T,TY,1
NC_037334.1,NC_032656.1,23564741,22219422,22219425,A,ACAG,3
NC_037334.1,NC_032656.1,23567967,22222233,22222235,T,TAA,2
NC_037334.1,NC_032656.1,23588011,22242276,22242282,t,tctgctg,6
NC_037334.1,NC_032656.1,23610396,22264780,22264782,T,TCA,2
NC_037334.1,NC_032656.1,23685680,22340005,22340006,a,ag,1
NC_037334.1,NC_032656.1,23699264,22353591,22353592,A,AG,1
NC_037334.1,NC_032656.1,23722971,22377591,22377593,C,CTG,2
NC_037334.1,NC_032656.1,23730278,22384914,22384915,G,GA,1
NC_037334.1,NC_032656.1,23736412,22391050,22391052,A,AAG,2
NC_037334.1,NC_032656.1,23737223,22391863,22391864,a,at,1
NC_037334.1,NC_032656.1,23818099,22472971,22472972,c,ca,1
NC_037334.1,NC_032656.1,23818577,22473476,22473477,c,ca,1
NC_037334.1,NC_032656.1,23865063,22519961,22519962,t,ta,1
NC_037334.1,NC_032656.1,24223623,22878601,22878604,A,AGAT,3
NC_037334.1,NC_032656.1,24264323,22919331,22919334,c,cNNN,3
NC_037334.1,NC_032656.1,24310827,22965843,22965844,c,ct,1
NC_037334.1,NC_032656.1,24590606,23286178,23286179,g,gc,1
NC_037334.1,NC_032656.1,24614875,23310447,23310448,t,tg,1
NC_037334.1,NC_032656.1,25115242,23874159,23874160,C,CS,1
NC_037334.1,NC_032656.1,25195841,23954764,23954765,A,AC,1
NC_037334.1,NC_032656.1,25279304,24038233,24038234,a,at,1
NC_037334.1,NC_032656.1,25396196,24157211,24157212,a,at,1
NC_037334.1,NC_032656.1,25469652,24230671,24230675,t,tggaG,4
NC_037334.1,NC_032656.1,25711498,24666680,24666681,c,ct,1
NC_037334.1,NC_032656.1,25713632,24668818,24668830,t,taataataataac,12
NC_037334.1,NC_032656.1,25727518,24682643,24682644,t,ta,1
NC_037334.1,NC_032656.1,25829141,24784276,24784277,A,AT,1
NC_037334.1,NC_032656.1,25839134,24794270,24794271,A,AG,1
NC_037334.1,NC_032656.1,25844274,24799411,24799412,g,gc,1
NC_037334.1,NC_032656.1,25877256,24832374,24832375,a,at,1
NC_037334.1,NC_032656.1,25925659,24881732,24881733,a,ac,1
NC_037334.1,NC_032656.1,25925748,24881822,24881823,c,ca,1
NC_037334.1,NC_032656.1,25926001,24882076,24882078,a,agt,2
NC_037334.1,NC_032656.1,25928343,24884420,24884423,a,attt,3
NC_037334.1,NC_032656.1,25982240,24946341,24946342,T,TA,1
NC_037334.1,NC_032656.1,25985325,24949427,24949434,g,ggtaggct,7
NC_037334.1,NC_032656.1,26001928,24966481,24966482,C,CT,1
NC_037334.1,NC_032656.1,26004760,24969321,24969324,t,tagc,3
NC_037334.1,NC_032656.1,26011803,24976424,24976425,g,ga,1
NC_037334.1,NC_032656.1,26044703,25008033,25008034,G,GT,1
NC_037334.1,NC_032656.1,26046026,25009357,25009359,c,caa,2
NC_037334.1,NC_032656.1,26058728,25022051,25022052,g,gt,1
NC_037334.1,NC_032656.1,26065776,25029103,25029111,t,tcaaagaag,8
NC_037334.1,NC_032656.1,26075532,25038867,25038869,g,gtc,2
NC_037334.1,NC_032656.1,26159969,25123305,25123310,g,gaaaaa,5
NC_037334.1,NC_032656.1,26171699,25135044,25135075,A,ACTCCCNNNNNNNNNNNNNNNNNNNNNNNNNN,31
NC_037334.1,NC_032656.1,26176292,25139921,25139923,A,ACW,2
NC_037334.1,NC_032656.1,26188479,25152110,25152115,a,aatccg,5
NC_037334.1,NC_032656.1,26188542,25152178,25152190,g,ggctttctatttt,12
NC_037334.1,NC_032656.1,26193455,25157104,25157105,T,TC,1
NC_037334.1,NC_032656.1,26220601,25184283,25184287,T,TATTA,4
NC_037334.1,NC_032656.1,26221772,25185466,25185467,A,AG,1
NC_037334.1,NC_032656.1,26225515,25189240,25189245,g,gaacat,5
NC_037334.1,NC_032656.1,26225808,25189538,25189539,c,ca,1
NC_037334.1,NC_032656.1,26282730,25246476,25246479,A,ATGC,3
NC_037334.1,NC_032656.1,26312172,25275955,25275956,t,tc,1
NC_037334.1,NC_032656.1,26349509,25313305,25313306,a,at,1
NC_037334.1,NC_032656.1,26350997,25314791,25314809,g,gctatttgtaaggcctctt,18
NC_037334.1,NC_032656.1,26353330,25317143,25317144,t,tg,1
NC_037334.1,NC_032656.1,26361431,25325253,25325259,g,ggttttt,6
NC_037334.1,NC_032656.1,26373349,25337200,25337224,G,GCTCAATTAGTCTACTCTCTCTACT,24
NC_037334.1,NC_032656.1,26380718,25344607,25344610,t,tagc,3
NC_037334.1,NC_032656.1,26382863,25346757,25346758,a,at,1
NC_037334.1,NC_032656.1,26399124,25363057,25363058,c,ct,1
NC_037334.1,NC_032656.1,26417766,25381710,25381719,g,gtccatggaa,9
NC_037334.1,NC_032656.1,26497435,25461514,25461516,G,GTK,2
NC_037334.1,NC_032656.1,26501781,25465859,25465860,c,ca,1
NC_037334.1,NC_032656.1,26503488,25467575,25467576,g,gc,1
NC_037334.1,NC_032656.1,26503728,25467817,25467818,c,cY,1
NC_037334.1,NC_032656.1,26504787,25468870,25468871,g,ga,1
NC_037334.1,NC_032656.1,26510968,25475024,25475028,T,TACTA,4
NC_037334.1,NC_032656.1,26511053,25475112,25475113,T,TG,1
NC_037334.1,NC_032656.1,26537082,25500328,25500329,g,gt,1
NC_037334.1,NC_032656.1,26540775,25504019,25504020,a,ag,1
NC_037334.1,NC_032656.1,26568661,25531983,25531984,c,ca,1
NC_037334.1,NC_032656.1,26643607,25606938,25606939,g,gt,1
NC_037334.1,NC_032656.1,26683953,25647291,25647292,a,ag,1
NC_037334.1,NC_032656.1,26713420,25676724,25676742,g,gacacgactgagcgactga,18
NC_037334.1,NC_032656.1,26753631,25716957,25716959,a,aac,2
NC_037334.1,NC_032656.1,26769175,25732516,25732518,T,TTG,2
NC_037334.1,NC_032656.1,26772068,25735411,25735413,T,TAG,2
NC_037334.1,NC_032656.1,26800211,25763559,25763561,a,att,2
NC_037334.1,NC_032656.1,26807528,25770881,25770882,a,at,1
NC_037334.1,NC_032656.1,26828952,25792312,25792314,c,cta,2
NC_037334.1,NC_032656.1,26872164,25835526,25835535,A,ATTAAGTGGW,9
NC_037334.1,NC_032656.1,26876096,25839467,25839468,A,AS,1
NC_037334.1,NC_032656.1,26877253,25840625,25840626,t,tg,1
NC_037334.1,NC_032656.1,26902204,25865512,25865514,g,gaa,2
NC_037334.1,NC_032656.1,26902825,25866135,25866137,t,taa,2
NC_037334.1,NC_032656.1,26907108,25870416,25870420,C,CTTCT,4
NC_037334.1,NC_032656.1,26915120,25878435,25878440,T,TTGCTC,5
NC_037334.1,NC_032656.1,26916990,25880306,25880307,t,ta,1
NC_037334.1,NC_032656.1,26931366,25894703,25894704,A,AG,1
NC_037334.1,NC_032656.1,26964363,25931071,25931072,G,GT,1
NC_037334.1,NC_032656.1,26968220,25934934,25934935,T,TC,1
NC_037334.1,NC_032656.1,26968237,25934952,25934975,G,GTGAAAACAGTGTTTGGAAGTGTT,23
NC_037334.1,NC_032656.1,27017532,25984274,25984276,g,gca,2
NC_037334.1,NC_032656.1,27027898,25994633,25994634,A,AG,1
NC_037334.1,NC_032656.1,27071232,26038115,26038118,t,tttc,3
NC_037334.1,NC_032656.1,27079278,26046166,26046167,c,ct,1
NC_037334.1,NC_032656.1,27097653,26064553,26064554,C,CG,1
NC_037334.1,NC_032656.1,27218294,23616536,23616553,g,gcgaagagttgactcatt,17
NC_037334.1,NC_032656.1,27232992,23631251,23631253,c,cag,2
NC_037334.1,NC_032656.1,27233386,23631647,23631648,c,ca,1
NC_037334.1,NC_032656.1,27233502,23631764,23631770,t,tttcacc,6
NC_037334.1,NC_032656.1,27265619,26179664,26179665,T,TW,1
NC_037334.1,NC_032656.1,27290649,26204702,26204703,c,cg,1
NC_037334.1,NC_032656.1,27297645,26211723,26211724,G,GA,1
NC_037334.1,NC_032656.1,27297681,26211759,26211760,G,GA,1
NC_037334.1,NC_032656.1,27300899,26214970,26214971,C,CG,1
NC_037334.1,NC_032656.1,27357734,26271872,26271874,C,CTT,2
NC_037334.1,NC_032656.1,27445745,26359892,26359893,t,ta,1
NC_037334.1,NC_032656.1,27531644,26371523,26371524,A,AC,1
NC_037334.1,NC_032656.1,27599777,26442860,26442861,T,TW,1
NC_037334.1,NC_032656.1,27617088,26460186,26460189,c,caaa,3
NC_037334.1,NC_032656.1,27628485,26471584,26471585,a,at,1
NC_037334.1,NC_032656.1,27655899,26499000,26499001,c,ct,1
NC_037334.1,NC_032656.1,27702172,26545283,26545286,A,AACT,3
NC_037334.1,NC_032656.1,27740655,26583763,26583764,A,AG,1
NC_037334.1,NC_032656.1,27830514,26673634,26673635,T,TY,1
NC_037334.1,NC_032656.1,27848149,26691276,26691280,A,ATATT,4
NC_037334.1,NC_032656.1,27873365,26716510,26716512,a,aag,2
NC_037334.1,NC_032656.1,27896814,26739969,26739970,t,tc,1
NC_037334.1,NC_032656.1,27897277,26740433,26740437,a,ataNN,4
NC_037334.1,NC_032656.1,27930760,26774105,26774107,t,ttc,2
NC_037334.1,NC_032656.1,27944936,26788267,26788268,g,gt,1
NC_037334.1,NC_032656.1,27946531,26789862,26789872,g,gactgaactga,10
NC_037334.1,NC_032656.1,27997006,26840249,26840250,t,ta,1
NC_037334.1,NC_032656.1,27998160,26846445,26846446,t,tc,1
NC_037334.1,NC_032656.1,28004709,26853002,26853003,t,ta,1
NC_037334.1,NC_032656.1,28007833,26858024,26858025,t,ta,1
NC_037334.1,NC_032656.1,28033537,26883732,26883733,t,ta,1
NC_037334.1,NC_032656.1,28037841,26888040,26888041,a,ac,1
NC_037334.1,NC_032656.1,28038333,26888533,26888534,g,gt,1
NC_037334.1,NC_032656.1,28038970,26889172,26889177,g,gccctt,5
NC_037334.1,NC_032656.1,28039439,26889646,26889647,t,tc,1
NC_037334.1,NC_032656.1,28039521,26889729,26889731,t,ttg,2
NC_037334.1,NC_032656.1,28061321,26910592,26910593,A,AT,1
NC_037334.1,NC_032656.1,28064844,26914117,26914118,C,CY,1
NC_037334.1,NC_032656.1,28066206,26915481,26915482,T,TW,1
NC_037334.1,NC_032656.1,28098237,26948642,26948643,t,tc,1
NC_037334.1,NC_032656.1,28116141,26966548,26966556,a,attttgcct,8
NC_037334.1,NC_032656.1,28119642,26970057,26970062,g,gactga,5
NC_037334.1,NC_032656.1,28132484,26982907,26982909,c,ctg,2
NC_037334.1,NC_032656.1,28132581,26983006,26983007,g,gt,1
NC_037334.1,NC_032656.1,28147176,26997586,26997587,c,ct,1
NC_037334.1,NC_032656.1,28270679,27121115,27121122,a,acaaacac,7
NC_037334.1,NC_032656.1,28305423,27155869,27155870,t,ta,1
NC_037334.1,NC_032656.1,28305775,27156222,27156223,a,ag,1
NC_037334.1,NC_032656.1,28309588,27160490,27160491,T,TW,1
NC_037334.1,NC_032656.1,28316391,27167283,27167284,T,TY,1
NC_037334.1,NC_032656.1,28382781,27249954,27249955,A,AC,1
NC_037334.1,NC_032656.1,28415891,27283064,27283065,t,tc,1
NC_037334.1,NC_032656.1,28557752,27425128,27425129,A,AG,1
NC_037334.1,NC_032656.1,28607236,27474613,27474614,t,tc,1
NC_037334.1,NC_032656.1,28609435,27476813,27476814,g,ga,1
NC_037334.1,NC_032656.1,28652678,27517700,27517701,T,TA,1
NC_037334.1,NC_032656.1,28706035,27570762,27570771,c,cgtaGTGAAG,9
NC_037334.1,NC_032656.1,28736383,27602194,27602197,a,aaat,3
NC_037334.1,NC_032656.1,28850650,27712097,27712098,t,tg,1
NC_037334.1,NC_032656.1,28853267,27714716,27714719,C,CAGG,3
NC_037334.1,NC_032656.1,28897090,27758230,27758232,c,cgt,2
NC_037334.1,NC_032656.1,28915253,27776262,27776266,G,GGAAT,4
NC_037334.1,NC_032656.1,28919168,27780184,27780185,T,TW,1
NC_037334.1,NC_032656.1,28923151,27784169,27784170,T,TY,1
NC_037334.1,NC_032656.1,28947270,27808292,27808293,t,ta,1
NC_037334.1,NC_032656.1,28949709,27810743,27810744,g,ga,1
NC_037334.1,NC_032656.1,28950843,27811878,27811879,g,ga,1
NC_037334.1,NC_032656.1,28964380,27825428,27825429,A,AR,1
NC_037334.1,NC_032656.1,29013867,27874920,27874921,A,AR,1
NC_037334.1,NC_032656.1,29021918,27882961,27882962,A,AR,1
NC_037334.1,NC_032656.1,29055419,27916472,27916473,G,GT,1
NC_037334.1,NC_032656.1,29068195,27929249,27929252,t,tttK,3
NC_037334.1,NC_032656.1,29087897,27948956,27948957,g,gt,1
NC_037334.1,NC_032656.1,29098208,27959035,27959036,C,CA,1
NC_037334.1,NC_032656.1,29316664,28124822,28124823,C,CT,1
NC_037334.1,NC_032656.1,29331041,28139201,28139202,C,CT,1
NC_037334.1,NC_032656.1,29335564,28143729,28143731,G,GAR,2
NC_037334.1,NC_032656.1,29362373,28170540,28170542,c,ccg,2
NC_037334.1,NC_032656.1,29375353,28183519,28183520,t,tY,1
NC_037334.1,NC_032656.1,29415411,28223585,28223586,G,GK,1
NC_037334.1,NC_032656.1,29424548,28232723,28232735,T,TAGMTGGTTCTAK,12
NC_037334.1,NC_032656.1,29445319,28292050,28292051,a,ac,1
NC_037334.1,NC_032656.1,29458783,28305519,28305520,A,AC,1
NC_037334.1,NC_032656.1,29469673,28317233,28317246,g,gcacacagtacATA,13
NC_037334.1,NC_032656.1,29487982,28335543,28335544,a,ag,1
NC_037334.1,NC_032656.1,29512264,28359826,28359830,g,gtata,4
NC_037334.1,NC_032656.1,29597889,28448423,28448424,T,TG,1
NC_037334.1,NC_032656.1,29611367,28461901,28461902,C,CY,1
NC_037334.1,NC_032656.1,29629294,28479545,28479548,a,aagg,3
NC_037334.1,NC_032656.1,29631930,28482155,28482156,G,GK,1
NC_037334.1,NC_032656.1,29873735,28630797,28630798,t,ta,1
NC_037334.1,NC_032656.1,29893316,28650169,28650173,A,AACTG,4
NC_037334.1,NC_032656.1,29893361,28650218,28650219,t,tc,1
NC_037334.1,NC_032656.1,29901646,28658508,28658510,G,GAT,2
NC_037334.1,NC_032656.1,29910776,28667095,28667098,a,acac,3
NC_037334.1,NC_032656.1,29914018,28670967,28670968,t,ta,1
NC_037334.1,NC_032656.1,29914029,28670979,28670981,c,ctt,2
NC_037334.1,NC_032656.1,29929177,28686140,28686143,T,TATC,3
NC_037334.1,NC_032656.1,29931479,28688428,28688429,C,CM,1
NC_037334.1,NC_032656.1,29965130,28722085,28722086,c,ca,1
NC_037334.1,NC_032656.1,30037986,28793120,28793121,C,CY,1
NC_037334.1,NC_032656.1,30050364,28802795,28802821,a,agaggagcctggtgggctgcggtccat,26
NC_037334.1,NC_032656.1,30050595,28803053,28803054,T,TC,1
NC_037334.1,NC_032656.1,30052735,28805183,28805184,C,CM,1
NC_037334.1,NC_032656.1,30096077,28847303,28847304,g,gc,1
NC_037334.1,NC_032656.1,30097529,28848759,28848761,A,AAG,2
NC_037334.1,NC_032656.1,30101248,28852480,28852484,A,ATGGT,4
NC_037334.1,NC_032656.1,30101250,28852486,28852489,A,AAAG,3
NC_037334.1,NC_032656.1,30169109,28920345,28920346,t,ta,1
NC_037334.1,NC_032656.1,30260938,29040138,29040139,g,gc,1
NC_037334.1,NC_032656.1,30320669,29099799,29099800,a,at,1
NC_037334.1,NC_032656.1,30333350,29113126,29113127,a,ac,1
NC_037334.1,NC_032656.1,30404419,29184225,29184226,T,TY,1
NC_037334.1,NC_032656.1,30460235,29239520,29239521,T,TG,1
NC_037334.1,NC_032656.1,30533093,29326545,29326566,T,TGACTTGCCATAATGAGGTTCG,21
NC_037334.1,NC_032656.1,30559202,29352680,29352681,g,gt,1
NC_037334.1,NC_032656.1,30561966,29355445,29355446,t,ta,1
NC_037334.1,NC_032656.1,30599055,29392680,29392681,T,TG,1
NC_037334.1,NC_032656.1,30672606,29466234,29466235,g,gt,1
NC_037334.1,NC_032656.1,30684083,29477747,29477748,g,ga,1
NC_037334.1,NC_032656.1,30723264,29516937,29516938,C,CS,1
NC_037334.1,NC_032656.1,30726889,29520565,29520566,C,CT,1
NC_037334.1,NC_032656.1,30728866,29522543,29522544,G,GT,1
NC_037334.1,NC_032656.1,30739612,29533292,29533296,c,cacta,4
NC_037334.1,NC_032656.1,30741280,29535470,29535473,C,CGTG,3
NC_037334.1,NC_032656.1,30851845,29647209,29647210,A,AG,1
NC_037334.1,NC_032656.1,30865691,29661056,29661057,t,ta,1
NC_037334.1,NC_032656.1,30866216,29661596,29661597,G,GA,1
NC_037334.1,NC_032656.1,30886352,29681689,29681692,A,AACC,3
NC_037334.1,NC_032656.1,30886587,29681927,29681942,c,cRctcagtcgtatccg,15
NC_037334.1,NC_032656.1,30963816,29758181,29758182,T,TC,1
NC_037334.1,NC_032656.1,30964861,29759226,29759229,a,aaac,3
NC_037334.1,NC_032656.1,30967614,29762098,29762099,g,ga,1
NC_037334.1,NC_032656.1,31053254,29810743,29810744,g,gt,1
NC_037334.1,NC_032656.1,31068679,29826168,29826169,c,ct,1
NC_037334.1,NC_032656.1,31080774,29843143,29843146,t,ttta,3
NC_037334.1,NC_032656.1,31087376,29849735,29849737,c,ctt,2
NC_037334.1,NC_032656.1,31096857,29853353,29853355,C,CTT,2
NC_037334.1,NC_032656.1,31105753,29862095,29862096,t,tc,1
NC_037334.1,NC_032656.1,31115529,29871839,29871840,T,TG,1
NC_037334.1,NC_032656.1,31117122,29873447,29873455,a,aggagacag,8
NC_037334.1,NC_032656.1,31146492,29902836,29902837,c,ct,1
NC_037334.1,NC_032656.1,31155043,29911390,29911391,g,gt,1
NC_037334.1,NC_032656.1,31183074,29940109,29940110,t,tc,1
NC_037334.1,NC_032656.1,31187218,29944255,29944257,c,ctg,2
NC_037334.1,NC_032656.1,31223439,29980490,29980491,a,ag,1
NC_037334.1,NC_032656.1,31228123,29985172,29985178,C,CTGTATG,6
NC_037334.1,NC_032656.1,31246364,30003421,30003422,c,ct,1
NC_037334.1,NC_032656.1,31295888,30053126,30053128,G,GNN,2
NC_037334.1,NC_032656.1,31309530,30066873,30066874,A,AW,1
NC_037334.1,NC_032656.1,31312917,30070256,30070257,A,AC,1
NC_037334.1,NC_032656.1,31313563,30070902,30070911,g,gtttccacta,9
NC_037334.1,NC_032656.1,31315919,30073268,30073269,C,CY,1
NC_037334.1,NC_032656.1,31333105,30090798,30090799,T,TA,1
NC_037334.1,NC_032656.1,31337713,30096045,30096052,g,gggtgggt,7
NC_037334.1,NC_032656.1,31348191,30106531,30106532,C,CY,1
NC_037334.1,NC_032656.1,31428993,30187338,30187339,c,ca,1
NC_037334.1,NC_032656.1,31428998,30187344,30187345,g,gc,1
NC_037334.1,NC_032656.1,31429026,30187374,30187375,T,TG,1
NC_037334.1,NC_032656.1,31429073,30187423,30187424,C,CT,1
NC_037334.1,NC_032656.1,31438431,30196782,30196783,A,AR,1
NC_037334.1,NC_032656.1,31570793,30328903,30328904,g,gt,1
NC_037334.1,NC_032656.1,31571268,30329379,30329385,A,AGTATCT,6
NC_037334.1,NC_032656.1,31575427,30333544,30333556,a,atatatatatgtg,12
NC_037334.1,NC_032656.1,31575433,30333562,30333564,a,atg,2
NC_037334.1,NC_032656.1,31596066,30354199,30354201,t,tga,2
NC_037334.1,NC_032656.1,31650466,30408823,30408828,c,cctaaa,5
NC_037334.1,NC_032656.1,31756174,30514580,30514581,C,CT,1
NC_037334.1,NC_032656.1,31794884,30554032,30554034,C,CAT,2
NC_037334.1,NC_032656.1,31840603,30599774,30599775,A,AG,1
NC_037334.1,NC_032656.1,31843748,30602918,30602919,C,CM,1
NC_037334.1,NC_032656.1,31932032,30690748,30690750,a,aNN,2
NC_037334.1,NC_032656.1,32077646,30875688,30875689,C,CW,1
NC_037334.1,NC_032656.1,32084074,30882114,30882115,c,ca,1
NC_037334.1,NC_032656.1,32132194,30930037,30930038,c,ct,1
NC_037334.1,NC_032656.1,32148166,30946053,30946054,t,ta,1
NC_037334.1,NC_032656.1,32153160,30951052,30951053,g,ga,1
NC_037334.1,NC_032656.1,32192786,31004558,31004559,t,ta,1
NC_037334.1,NC_032656.1,32201353,31013053,31013054,A,AC,1
NC_037334.1,NC_032656.1,32249313,31060206,31060220,G,GACCCTCTGGTAGGC,14
NC_037334.1,NC_032656.1,32251379,31062285,31062286,c,ct,1
NC_037334.1,NC_032656.1,32260722,31071627,31071628,A,AW,1
NC_037334.1,NC_032656.1,32261241,31072147,31072148,c,cg,1
NC_037334.1,NC_032656.1,32269915,31080829,31080830,t,ta,1
NC_037334.1,NC_032656.1,32270542,31081457,31081458,t,tc,1
NC_037334.1,NC_032656.1,32277186,31088103,31088104,t,ta,1
NC_037334.1,NC_032656.1,32289925,31101719,31101720,a,at,1
NC_037334.1,NC_032656.1,32300052,31111687,31111688,C,CT,1
NC_037334.1,NC_032656.1,32300070,31111706,31111707,C,CA,1
NC_037334.1,NC_032656.1,32300086,31111723,31111724,T,TA,1
NC_037334.1,NC_032656.1,32349635,31161272,31161273,a,at,1
NC_037334.1,NC_032656.1,32349990,31161628,31161630,c,cca,2
NC_037334.1,NC_032656.1,32422079,31233722,31233723,G,GA,1
NC_037334.1,NC_032656.1,32484785,31296516,31296518,t,taa,2
NC_037334.1,NC_032656.1,32489516,31301253,31301254,c,ca,1
NC_037334.1,NC_032656.1,32503731,31315578,31315579,T,TA,1
NC_037334.1,NC_032656.1,32511537,31323417,31323418,t,ta,1
NC_037334.1,NC_032656.1,32514345,31326262,31326263,A,AW,1
NC_037334.1,NC_032656.1,32520169,31332092,31332093,G,GR,1
NC_037334.1,NC_032656.1,32520505,31332428,31332429,a,ag,1
NC_037334.1,NC_032656.1,32530008,31341933,31341934,G,GK,1
NC_037334.1,NC_032656.1,32545228,31360001,31360002,a,at,1
NC_037334.1,NC_032656.1,32545508,31360282,31360294,A,AATCAACAATCCT,12
NC_037334.1,NC_032656.1,32595620,31410465,31410469,t,taacN,4
NC_037334.1,NC_032656.1,32626812,31441668,31441681,c,cttttcactttcat,13
NC_037334.1,NC_032656.1,32650876,31465772,31465773,t,tc,1
NC_037334.1,NC_032656.1,32651906,31466804,31466806,c,ctg,2
NC_037334.1,NC_032656.1,32651993,31466895,31466896,A,AG,1
NC_037334.1,NC_032656.1,32652191,31467094,31467095,a,at,1
NC_037334.1,NC_032656.1,32652217,31467121,31467123,a,att,2
NC_037334.1,NC_032656.1,32663313,31478220,31478222,g,gta,2
NC_037334.1,NC_032656.1,32746773,31561696,31561700,t,taaaa,4
NC_037334.1,NC_032656.1,32802543,31617483,31617485,g,gta,2
NC_037334.1,NC_032656.1,32803991,31618933,31618934,a,ac,1
NC_037334.1,NC_032656.1,32815667,31630615,31630619,t,tatac,4
NC_037334.1,NC_032656.1,32826217,31641171,31641172,g,ga,1
NC_037334.1,NC_032656.1,32826350,31641305,31641306,A,AT,1
NC_037334.1,NC_032656.1,32826577,31641533,31641547,t,taaaaagaatgcatc,14
NC_037334.1,NC_032656.1,32945900,31774963,31774964,T,TC,1
NC_037334.1,NC_032656.1,33014571,31840976,31840979,A,ATAK,3
NC_037334.1,NC_032656.1,33019393,31845801,31845802,A,AG,1
NC_037334.1,NC_032656.1,33032629,31957552,31957553,g,gc,1
NC_037334.1,NC_032656.1,33066206,31892751,31892753,a,att,2
NC_037334.1,NC_032656.1,33087696,32015177,32015179,G,GGA,2
NC_037334.1,NC_032656.1,33111322,32038806,32038807,T,TC,1
NC_037334.1,NC_032656.1,33185604,32112751,32112753,T,TAA,2
NC_037334.1,NC_032656.1,33185922,32113072,32113073,C,CM,1
NC_037334.1,NC_032656.1,33195203,32122357,32122358,A,AG,1
NC_037334.1,NC_032656.1,33201364,32128518,32128521,a,acat,3
NC_037334.1,NC_032656.1,33211366,32138524,32138525,A,AT,1
NC_037334.1,NC_032656.1,33227115,32154280,32154284,A,AGACR,4
NC_037334.1,NC_032656.1,33279062,32206250,32206256,g,gcagagt,6
NC_037334.1,NC_032656.1,33281852,32209046,32209047,g,gt,1
NC_037334.1,NC_032656.1,33295882,32223079,32223080,C,CM,1
NC_037334.1,NC_032656.1,33372483,32300059,32300065,c,cacacat,6
NC_037334.1,NC_032656.1,33399304,32326887,32326888,A,AG,1
NC_037334.1,NC_032656.1,33454820,32576261,32576262,C,CA,1
NC_037334.1,NC_032656.1,33455426,32576873,32576874,G,GT,1
NC_037334.1,NC_032656.1,33465253,32586704,32586708,C,CTGTT,4
NC_037334.1,NC_032656.1,33468878,32590333,32590335,G,GAA,2
NC_037334.1,NC_032656.1,33475504,32596965,32596967,g,gta,2
NC_037334.1,NC_032656.1,33485957,32607636,32607639,a,aaat,3
NC_037334.1,NC_032656.1,33555400,32512369,32512390,G,GTAATTCTTATAAACAACTCTA,21
NC_037334.1,NC_032656.1,33555400,32635558,32635579,G,GTAATTCTTATAAACAACTCTA,21
NC_037334.1,NC_032656.1,33601759,32817195,32817204,a,acactgtttc,9
NC_037334.1,NC_032656.1,33603602,32819047,32819052,t,ttttta,5
NC_037334.1,NC_032656.1,33654621,32792474,32792475,t,ta,1
NC_037334.1,NC_032656.1,33685000,32851936,32851937,G,GS,1
NC_037334.1,NC_032656.1,33697763,32864581,32864582,t,tg,1
NC_037334.1,NC_032656.1,33698669,32865488,32865493,t,ttatca,5
NC_037334.1,NC_032656.1,33698675,32865499,32865500,t,ta,1
NC_037334.1,NC_032656.1,33698679,32865504,32865506,g,gat,2
NC_037334.1,NC_032656.1,33726034,32891824,32891825,t,tc,1
NC_037334.1,NC_032656.1,33727563,32893354,32893355,C,CT,1
NC_037334.1,NC_032656.1,33732393,32898209,32898210,C,CA,1
NC_037334.1,NC_032656.1,33733551,32899381,32899387,a,aaaaaac,6
NC_037334.1,NC_032656.1,33735891,32901726,32901727,A,AR,1
NC_037334.1,NC_032656.1,33736340,32902175,32902176,A,AM,1
NC_037334.1,NC_032656.1,33737742,32903577,32903578,t,tg,1
NC_037334.1,NC_032656.1,33779954,32949742,32949745,a,atat,3
NC_037334.1,NC_032656.1,33781667,32951458,32951459,G,GC,1
NC_037334.1,NC_032656.1,33811998,32981960,32981961,c,ca,1
NC_037334.1,NC_032656.1,33816527,32986490,32986491,T,TC,1
NC_037334.1,NC_032656.1,33821501,32991468,32991470,c,cta,2
NC_037334.1,NC_032656.1,33821540,32991509,32991511,t,tga,2
NC_037334.1,NC_032656.1,33866980,33036966,33036967,T,TA,1
NC_037334.1,NC_032656.1,34242500,33409632,33409633,g,ga,1
NC_037334.1,NC_032656.1,34723952,33918332,33918335,t,tttc,3
NC_037334.1,NC_032656.1,34781470,33975860,33975864,g,gaagt,4
NC_037334.1,NC_032656.1,35027968,34217526,34217527,t,tY,1
NC_037334.1,NC_032656.1,35097058,34286619,34286621,t,tNN,2
NC_037334.1,NC_032656.1,35139776,34330005,34330006,a,ac,1
NC_037334.1,NC_032656.1,35149573,34339806,34339807,T,TA,1
NC_037334.1,NC_032656.1,35229770,34422660,34422661,c,ct,1
NC_037334.1,NC_032656.1,35609954,34802969,34802970,c,ct,1
NC_037334.1,NC_032656.1,35616254,34809270,34809274,a,aaaaM,4
NC_037334.1,NC_032656.1,35696663,34889103,34889104,C,CT,1
NC_037334.1,NC_032656.1,35699050,34891491,34891493,G,GGN,2
NC_037334.1,NC_032656.1,35699171,34891614,34891615,t,tc,1
NC_037334.1,NC_032656.1,35714614,34907392,34907393,c,ca,1
NC_037334.1,NC_032656.1,35742313,34957109,34957110,a,at,1
NC_037334.1,NC_032656.1,35746436,34961846,34961847,a,at,1
NC_037334.1,NC_032656.1,35753208,34968620,34968622,c,cat,2
NC_037334.1,NC_032656.1,35754907,34970319,34970321,A,AAT,2
NC_037334.1,NC_032656.1,35758580,34973891,34973892,C,CY,1
NC_037334.1,NC_032656.1,35759082,34974393,34974394,T,TY,1
NC_037334.1,NC_032656.1,35773282,34988857,34988858,T,TC,1
NC_037334.1,NC_032656.1,35803008,34937476,34937477,T,TA,1
NC_037334.1,NC_032656.1,35833755,35030630,35030644,t,tacacacacacacac,14
NC_037334.1,NC_032656.1,35834023,35030912,35030913,t,tg,1
NC_037334.1,NC_032656.1,35835470,35032372,35032400,C,CACATGTGTAAATTGGAGCACATGTGTAA,28
NC_037334.1,NC_032656.1,35842599,35039521,35039523,t,tNN,2
NC_037334.1,NC_032656.1,35847809,35044736,35044744,t,tNNNNNNNN,8
NC_037334.1,NC_032656.1,35932544,35149268,35149269,A,AC,1
NC_037334.1,NC_032656.1,35933196,35149921,35149926,c,cacacM,5
NC_037334.1,NC_032656.1,35939801,35156530,35156531,G,GA,1
NC_037334.1,NC_032656.1,35957320,35174038,35174041,G,GTCT,3
NC_037334.1,NC_032656.1,35960397,35177119,35177120,t,ta,1
NC_037334.1,NC_032656.1,35969714,35186430,35186431,a,at,1
NC_037334.1,NC_032656.1,35973873,35190587,35190588,t,tc,1
NC_037334.1,NC_032656.1,35974271,35190986,35190987,g,ga,1
NC_037334.1,NC_032656.1,35975011,35191727,35191728,T,TG,1
NC_037334.1,NC_032656.1,35976612,35193329,35193331,a,atg,2
NC_037334.1,NC_032656.1,35977578,35194297,35194302,T,TACTTA,5
NC_037334.1,NC_032656.1,35979398,35196115,35196116,G,GS,1
NC_037334.1,NC_032656.1,35981353,35198072,35198073,C,CA,1
NC_037334.1,NC_032656.1,35981401,35198121,35198129,A,ACTTTCTGG,8
NC_037334.1,NC_032656.1,35981538,35202637,35202638,c,ct,1
NC_037334.1,NC_032656.1,35999758,35220871,35220872,C,CY,1
NC_037334.1,NC_032656.1,36025888,35247008,35247009,c,ct,1
NC_037334.1,NC_032656.1,36159572,35380735,35380736,A,AT,1
NC_037334.1,NC_032656.1,36159586,35380750,35380751,G,GA,1
NC_037334.1,NC_032656.1,36159628,35380793,35380794,T,TG,1
NC_037334.1,NC_032656.1,36159641,35380807,35380808,C,CA,1
NC_037334.1,NC_032656.1,36159673,35380840,35380841,A,AC,1
NC_037334.1,NC_032656.1,36159700,35380868,35380869,T,TW,1
NC_037334.1,NC_032656.1,36335791,35557006,35557007,t,tc,1
NC_037334.1,NC_032656.1,36335794,35557010,35557011,g,gt,1
NC_037334.1,NC_032656.1,36463279,35685054,35685055,a,at,1
NC_037334.1,NC_032656.1,36463337,35685113,35685114,T,TG,1
NC_037334.1,NC_032656.1,36467403,35689181,35689183,a,aRt,2
NC_037334.1,NC_032656.1,36508794,35729458,35729460,c,caa,2
NC_037334.1,NC_032656.1,36540218,35760891,35760892,A,AW,1
NC_037334.1,NC_032656.1,36554014,35774633,35774636,A,AATG,3
NC_037334.1,NC_032656.1,36577787,35798365,35798369,a,acgac,4
NC_037334.1,NC_032656.1,36577912,35798494,35798496,g,gca,2
NC_037334.1,NC_032656.1,36582063,35802204,35802218,c,ctatatatatatata,14
NC_037334.1,NC_032656.1,36600954,35821111,35821112,g,ga,1
NC_037334.1,NC_032656.1,36603469,35823627,35823652,a,aaaaaaaatatatatatNNNNNNNNN,25
NC_037334.1,NC_032656.1,36620879,35841063,35841064,g,ga,1
NC_037334.1,NC_032656.1,36620879,35849742,35849743,g,ga,1
NC_037334.1,NC_032656.1,36656072,35885166,35885168,g,gtt,2
NC_037334.1,NC_032656.1,36662501,35891587,35891588,C,CY,1
NC_037334.1,NC_032656.1,36739641,35969812,35969814,T,TTC,2
NC_037334.1,NC_032656.1,36806848,36050764,36050766,a,aag,2
NC_037334.1,NC_032656.1,36956603,36210835,36210836,c,ct,1
NC_037334.1,NC_032656.1,37101929,36461884,36461885,C,CY,1
NC_037334.1,NC_032656.1,37202293,36562184,36562190,C,CCTTGTA,6
NC_037334.1,NC_032656.1,37204041,36563934,36563935,C,CT,1
NC_037334.1,NC_032656.1,37214169,36574066,36574068,A,ACT,2
NC_037334.1,NC_032656.1,37225941,36585843,36585844,T,TY,1
NC_037334.1,NC_032656.1,37261112,36621025,36621026,C,CT,1
NC_037334.1,NC_032656.1,37267934,36627848,36627860,G,GANNNNNNNNNNN,12
NC_037334.1,NC_032656.1,37294036,36646388,36646389,c,ca,1
NC_037334.1,NC_032656.1,37296895,36649248,36649251,g,gaaa,3
NC_037334.1,NC_032656.1,37296895,36656821,36656822,g,ga,1
NC_037334.1,NC_032656.1,37314562,36666914,36666916,C,CGG,2
NC_037334.1,NC_032656.1,37316685,36669042,36669047,c,cccccg,5
NC_037334.1,NC_032656.1,37346767,36699156,36699171,G,GGATATGAGGAAAAAA,15
NC_037334.1,NC_032656.1,37353264,36705669,36705670,G,GA,1
NC_037334.1,NC_032656.1,37357740,36710144,36710147,g,gcta,3
NC_037334.1,NC_032656.1,37360235,36712642,36712646,a,aaggg,4
NC_037334.1,NC_032656.1,37365212,36717873,36717878,a,aaaggg,5
NC_037334.1,NC_032656.1,37430128,36782792,36782795,t,taaa,3
NC_037334.1,NC_032656.1,37471115,36823803,36823804,C,CT,1
NC_037334.1,NC_032656.1,37472878,36825565,36825566,G,GS,1
NC_037334.1,NC_032656.1,37477842,36830581,36830587,g,gtgtgta,6
NC_037334.1,NC_032656.1,37477860,36830605,36830610,a,atatac,5
NC_037334.1,NC_032656.1,37479121,36831868,36831869,t,tg,1
NC_037334.1,NC_032656.1,37493508,36846980,36846986,A,AACTGGG,6
NC_037334.1,NC_032656.1,37526098,36879580,36879582,a,aNN,2
NC_037334.1,NC_032656.1,37566467,36919848,36919852,a,aNNNN,4
NC_037334.1,NC_032656.1,37576009,36929397,36929398,T,TA,1
NC_037334.1,NC_032656.1,37576692,36930082,36930083,C,CG,1
NC_037334.1,NC_032656.1,37594983,36945850,36945854,C,CTAAT,4
NC_037334.1,NC_032656.1,37617996,36968865,36968867,t,tca,2
NC_037334.1,NC_032656.1,37635262,36986130,36986146,T,TTTTACTTCAGTAATTC,16
NC_037334.1,NC_032656.1,37653220,37004107,37004109,t,taa,2
NC_037334.1,NC_032656.1,37721645,37072555,37072559,g,gtttt,4
NC_037334.1,NC_032656.1,37736648,37087564,37087567,t,tgac,3
NC_037334.1,NC_032656.1,37758887,37109867,37109871,C,CCTCa,4
NC_037334.1,NC_032656.1,37768210,37119208,37119210,A,AAY,2
NC_037334.1,NC_032656.1,37773374,37124372,37124373,T,TA,1
NC_037334.1,NC_032656.1,37851167,37202872,37202877,T,TCTTTA,5
NC_037334.1,NC_032656.1,37923629,37275329,37275330,C,CA,1
NC_037334.1,NC_032656.1,38030678,37361353,37361354,g,gc,1
NC_037334.1,NC_032656.1,38073994,37404851,37404852,T,TK,1
NC_037334.1,NC_032656.1,38081879,37412741,37412742,t,tc,1
NC_037334.1,NC_032656.1,38101373,37432241,37432248,T,TATGACTG,7
NC_037334.1,NC_032656.1,38194554,37525177,37525183,C,CAGAGYK,6
NC_037334.1,NC_032656.1,38199301,37529930,37529931,T,TY,1
NC_037334.1,NC_032656.1,38231973,37562615,37562617,C,CAT,2
NC_037334.1,NC_032656.1,38245445,37576100,37576104,G,GAAAA,4
NC_037334.1,NC_032656.1,38259574,37590250,37590263,A,AGTTTCAGCTGGCC,13
NC_037334.1,NC_032656.1,38265313,37595994,37595995,G,GT,1
NC_037334.1,NC_032656.1,38270096,37600779,37600780,C,CY,1
NC_037334.1,NC_032656.1,38360824,37691847,37691848,c,ct,1
NC_037334.1,NC_032656.1,38360830,37691854,37691855,a,ag,1
NC_037334.1,NC_032656.1,38381850,37712886,37712890,a,aaaac,4
NC_037334.1,NC_032656.1,38395626,37726670,37726671,t,ta,1
NC_037334.1,NC_032656.1,38416433,37747477,37747479,t,tNN,2
NC_037334.1,NC_032656.1,38454715,37785762,37785763,c,ct,1
NC_037334.1,NC_032656.1,38454724,37785772,37785773,c,ca,1
NC_037334.1,NC_032656.1,38590042,37921592,37921594,a,acg,2
NC_037334.1,NC_032656.1,38616428,37947984,37947986,C,CTG,2
NC_037334.1,NC_032656.1,38639426,37970753,37970754,G,GA,1
NC_037334.1,NC_032656.1,38679335,38008240,38008241,a,ag,1
NC_037334.1,NC_032656.1,38707440,38036343,38036344,T,TA,1
NC_037334.1,NC_032656.1,38973815,38315060,38315061,G,GS,1
NC_037334.1,NC_032656.1,39003279,38344527,38344528,G,GR,1
NC_037334.1,NC_032656.1,39086348,38427443,38427444,T,TA,1
NC_037334.1,NC_032656.1,39110448,38451609,38451612,A,ATCT,3
NC_037334.1,NC_032656.1,39205674,38547111,38547119,c,caacattca,8
NC_037334.1,NC_032656.1,39205681,38547126,38547127,t,ta,1
NC_037334.1,NC_032656.1,39254759,38596206,38596207,G,GT,1
NC_037334.1,NC_032656.1,39385783,38732672,38732673,A,AM,1
NC_037334.1,NC_032656.1,39398698,38744280,38744283,c,cttt,3
NC_037334.1,NC_032656.1,39438536,38784124,38784131,A,AGATGTAC,7
NC_037334.1,NC_032656.1,39527838,38873448,38873450,A,ATC,2
NC_037334.1,NC_032656.1,39540040,38885657,38885658,T,TW,1
NC_037334.1,NC_032656.1,39541911,38887529,38887535,a,atcttct,6
NC_037334.1,NC_032656.1,39549818,38891918,38891925,g,gctaaaaa,7
NC_037334.1,NC_032656.1,39571076,38913180,38913182,a,aag,2
NC_037334.1,NC_032656.1,39573267,38915373,38915377,C,CCTGA,4
NC_037334.1,NC_032656.1,39635236,38977339,38977340,g,ga,1
NC_037334.1,NC_032656.1,39635630,38978873,38978874,t,ta,1
NC_037334.1,NC_032656.1,39696521,39039895,39039898,C,CATG,3
NC_037334.1,NC_032656.1,39697172,39040549,39040550,a,at,1
NC_037334.1,NC_032656.1,39714981,39058368,39058372,t,tataa,4
NC_037334.1,NC_032656.1,39730134,39073320,39073323,t,tata,3
NC_037334.1,NC_032656.1,39732321,39075510,39075511,c,ct,1
NC_037334.1,NC_032656.1,39736095,39079286,39079287,g,ga,1
NC_037334.1,NC_032656.1,39741910,39085102,39085103,g,ga,1
NC_037334.1,NC_032656.1,39742158,39085351,39085352,T,TY,1
NC_037334.1,NC_032656.1,39751194,39094386,39094387,A,AR,1
NC_037334.1,NC_032656.1,39751784,39094977,39094979,t,ttW,2
NC_037334.1,NC_032656.1,39752898,39096093,39096095,c,caa,2
NC_037334.1,NC_032656.1,39752928,39096125,39096126,A,AT,1
NC_037334.1,NC_032656.1,39753019,39096217,39096232,g,gatgatTATAAAATCT,15
NC_037334.1,NC_032656.1,39763052,39106206,39106207,T,TA,1
NC_037334.1,NC_032656.1,39763499,39106653,39106654,a,ac,1
NC_037334.1,NC_032656.1,39763655,39106810,39106815,G,GAACAA,5
NC_037334.1,NC_032656.1,39831958,39183244,39183245,t,ta,1
NC_037334.1,NC_032656.1,39836956,39188243,39188245,t,tac,2
NC_037334.1,NC_032656.1,39854458,39205741,39205746,a,atatat,5
NC_037334.1,NC_032656.1,39856166,39207466,39207467,G,GR,1
NC_037334.1,NC_032656.1,39943898,39295080,39295081,a,at,1
NC_037334.1,NC_032656.1,39963885,39315072,39315073,A,AR,1
NC_037334.1,NC_032656.1,40070168,39442157,39442158,a,ag,1
NC_037334.1,NC_032656.1,40130726,39455757,39455758,c,ct,1
NC_037334.1,NC_032656.1,40131073,39456106,39456111,g,gacttc,5
NC_037334.1,NC_032656.1,40131325,39456363,39456364,a,at,1
NC_037334.1,NC_032656.1,40133314,39458353,39458354,T,TY,1
NC_037334.1,NC_032656.1,40133335,39458375,39458376,T,TG,1
NC_037334.1,NC_032656.1,40133528,39458568,39458571,a,aaag,3
NC_037334.1,NC_032656.1,40147349,39472704,39472705,T,TY,1
NC_037334.1,NC_032656.1,40181784,39498955,39498956,C,CA,1
NC_037334.1,NC_032656.1,40192751,39509927,39509931,g,gtctt,4
NC_037334.1,NC_032656.1,40192819,39509999,39510000,t,tc,1
NC_037334.1,NC_032656.1,40197948,39515189,39515190,C,CT,1
NC_037334.1,NC_032656.1,40203106,39520364,39520365,g,gc,1
NC_037334.1,NC_032656.1,40203259,39520518,39520520,A,AAG,2
NC_037334.1,NC_032656.1,40208980,39525856,39525860,c,caaaa,4
NC_037334.1,NC_032656.1,40212752,39529636,39529637,a,ac,1
NC_037334.1,NC_032656.1,40212994,39529885,39529888,T,TAGA,3
NC_037334.1,NC_032656.1,40244197,39560810,39560816,T,TAATGAA,6
NC_037334.1,NC_032656.1,40268192,39645806,39645831,t,tgcAATTCTATTCCGCGTAACNNNNN,25
NC_037334.1,NC_032656.1,40273535,39651177,39651178,T,TK,1
NC_037334.1,NC_032656.1,40304998,39682585,39682589,t,tatga,4
NC_037334.1,NC_032656.1,40305027,39682618,39682620,g,gat,2
NC_037334.1,NC_032656.1,40320662,39698551,39698553,c,cag,2
NC_037334.1,NC_032656.1,40320667,39698558,39698566,t,tggtgaagg,8
NC_037334.1,NC_032656.1,40351990,39729884,39729885,G,GC,1
NC_037334.1,NC_032656.1,40398126,39776007,39776010,c,cacg,3
NC_037334.1,NC_032656.1,40404795,39782678,39782679,G,GA,1
NC_037334.1,NC_032656.1,40404971,39782855,39782856,G,GA,1
NC_037334.1,NC_032656.1,40410463,39788349,39788350,T,TC,1
NC_037334.1,NC_032656.1,40441933,39793461,39793462,T,TY,1
NC_037334.1,NC_032656.1,40466485,39818026,39818027,T,TA,1
NC_037334.1,NC_032656.1,40474985,39826529,39826530,C,CT,1
NC_037334.1,NC_032656.1,40478778,39830324,39830325,A,AT,1
NC_037334.1,NC_032656.1,40496611,39891157,39891158,t,ta,1
NC_037334.1,NC_032656.1,40563676,39935607,39935608,T,TN,1
NC_037334.1,NC_032656.1,40563877,39935809,39935811,C,CCT,2
NC_037334.1,NC_032656.1,40563939,39935871,39935873,C,CCT,2
NC_037334.1,NC_032656.1,40658932,40032078,40032083,g,ggtttt,5
NC_037334.1,NC_032656.1,40660214,40033365,40033366,A,AW,1
NC_037334.1,NC_032656.1,40662077,40035231,40035233,G,GGA,2
NC_037334.1,NC_032656.1,40662187,40035343,40035346,C,CAGA,3
NC_037334.1,NC_032656.1,40665695,40038855,40038859,G,GTGTT,4
NC_037334.1,NC_032656.1,40667274,40040441,40040445,t,tNNNN,4
NC_037334.1,NC_032656.1,40716996,40090769,40090772,t,ttaa,3
NC_037334.1,NC_032656.1,40717006,40090782,40090783,a,at,1
NC_037334.1,NC_032656.1,40826108,40202810,40202814,T,TGGTA,4
NC_037334.1,NC_032656.1,40832858,40209564,40209565,a,at,1
NC_037334.1,NC_032656.1,40853417,40230127,40230128,A,AT,1
NC_037334.1,NC_032656.1,40877146,40257640,40257641,C,CT,1
NC_037334.1,NC_032656.1,40900023,40281851,40281852,A,AG,1
NC_037334.1,NC_032656.1,40918689,40300157,40300159,A,AAT,2
NC_037334.1,NC_032656.1,40931516,40313003,40313004,T,TA,1
NC_037334.1,NC_032656.1,40933264,40314752,40314753,C,CT,1
NC_037334.1,NC_032656.1,40936050,40317547,40317548,c,ca,1
NC_037334.1,NC_032656.1,40937188,40318682,40318683,t,tc,1
NC_037334.1,NC_032656.1,40950318,40331822,40331831,a,agtgttcttc,9
NC_037334.1,NC_032656.1,40955722,40337236,40337237,a,ag,1
NC_037334.1,NC_032656.1,40955859,40337374,40337376,a,aat,2
NC_037334.1,NC_032656.1,40956989,40338506,40338507,G,GR,1
NC_037334.1,NC_032656.1,40966121,40347642,40347655,G,GCTGCCNNNNNNNN,13
NC_037334.1,NC_032656.1,40971959,40353499,40353500,T,TW,1
NC_037334.1,NC_032656.1,40992353,40373287,40373288,c,ca,1
NC_037334.1,NC_032656.1,40992361,40373296,40373297,g,ga,1
NC_037334.1,NC_032656.1,41006048,40385161,40385163,t,ttc,2
NC_037334.1,NC_032656.1,41011790,40390903,40390904,t,ta,1
NC_037334.1,NC_032656.1,41013618,40392728,40392729,t,tc,1
NC_037334.1,NC_032656.1,41027172,40400917,40400918,c,ca,1
NC_037334.1,NC_032656.1,41029229,40402975,40402976,a,at,1
NC_037334.1,NC_032656.1,41030720,40404470,40404471,t,tc,1
NC_037334.1,NC_032656.1,41031902,40405649,40405651,g,gaa,2
NC_037334.1,NC_032656.1,41048053,40421797,40421800,C,CTGT,3
NC_037334.1,NC_032656.1,41055645,40429392,40429393,t,tg,1
NC_037334.1,NC_032656.1,41084725,40458461,40458462,g,gt,1
NC_037334.1,NC_032656.1,41085208,40458945,40458957,g,gtttttttttttt,12
NC_037334.1,NC_032656.1,41085476,40459222,40459223,t,ta,1
NC_037334.1,NC_032656.1,41086304,40460051,40460052,c,ca,1
NC_037334.1,NC_032656.1,41094638,40467949,40467950,t,ta,1
NC_037334.1,NC_032656.1,41095480,40468793,40468795,g,gtt,2
NC_037334.1,NC_032656.1,41131539,40504947,40504948,A,AC,1
NC_037334.1,NC_032656.1,41206362,40556521,40556525,a,agaag,4
NC_037334.1,NC_032656.1,41220633,40569345,40569346,A,AC,1
NC_037334.1,NC_032656.1,41315733,40664988,40664989,t,ta,1
NC_037334.1,NC_032656.1,41413944,40791293,40791294,t,tc,1
NC_037334.1,NC_032656.1,41415716,40793065,40793066,c,ca,1
NC_037334.1,NC_032656.1,41430494,40807843,40807844,t,ta,1
NC_037334.1,NC_032656.1,41452652,40830877,40830878,t,ta,1
NC_037334.1,NC_032656.1,41458651,40836878,40836879,t,ta,1
NC_037334.1,NC_032656.1,41487300,40865545,40865546,a,at,1
NC_037334.1,NC_032656.1,41493515,40871734,40871735,g,ga,1
NC_037334.1,NC_032656.1,41500098,40878321,40878324,T,TCAC,3
NC_037334.1,NC_032656.1,41510315,40888751,40888754,T,TGGA,3
NC_037334.1,NC_032656.1,41513832,40892270,40892291,t,tttaaatttaatttaattttta,21
NC_037334.1,NC_032656.1,41515473,40893934,40893943,a,atttacattc,9
NC_037334.1,NC_032656.1,41517570,40896038,40896039,A,AT,1
NC_037334.1,NC_032656.1,41518213,40896682,40896683,T,TC,1
NC_037334.1,NC_032656.1,41531462,40775079,40775080,a,ac,1
NC_037334.1,NC_032656.1,41550826,40755217,40755221,G,GTTAA,4
NC_037334.1,NC_032656.1,41550826,40929084,40929088,G,GTTAA,4
NC_037334.1,NC_032656.1,41550948,40929210,40929211,a,ac,1
NC_037334.1,NC_032656.1,41551207,40929470,40929478,a,aactgaacR,8
NC_037334.1,NC_032656.1,41551800,40754240,40754241,a,at,1
NC_037334.1,NC_032656.1,41551800,40930072,40930073,a,at,1
NC_037334.1,NC_032656.1,41572887,40733153,40733154,T,TC,1
NC_037334.1,NC_032656.1,41572887,40951156,40951157,T,TC,1
NC_037334.1,NC_032656.1,41618767,40996867,40996871,a,aNNNN,4
NC_037334.1,NC_032656.1,41619820,40997924,40997926,a,act,2
NC_037334.1,NC_032656.1,41631897,41010007,41010008,g,gt,1
NC_037334.1,NC_032656.1,41674196,41053123,41053129,t,tNNNNNN,6
NC_037334.1,NC_032656.1,41697342,41076298,41076304,c,caaaaat,6
NC_037334.1,NC_032656.1,41716273,41106549,41106551,a,aNN,2
NC_037334.1,NC_032656.1,41764977,41145069,41145086,G,GATNNNNNNNNNNNNNNN,17
NC_037334.1,NC_032656.1,41770760,41150874,41150875,t,ta,1
NC_037334.1,NC_032656.1,41779995,41160115,41160116,g,gc,1
NC_037334.1,NC_032656.1,41786188,41166274,41166275,T,TG,1
NC_037334.1,NC_032656.1,41786383,41166470,41166478,T,TCCTGCCTA,8
NC_037334.1,NC_032656.1,41786630,41166725,41166726,A,AG,1
NC_037334.1,NC_032656.1,41795096,41175222,41175223,c,ct,1
NC_037334.1,NC_032656.1,41796958,41177085,41177086,G,GR,1
NC_037334.1,NC_032656.1,41801038,41181204,41181207,c,caaa,3
NC_037334.1,NC_032656.1,41803258,41183425,41183427,a,aag,2
NC_037334.1,NC_032656.1,41806712,41186878,41186879,A,AM,1
NC_037334.1,NC_032656.1,41807079,41187246,41187247,A,AG,1
NC_037334.1,NC_032656.1,41810640,41190798,41190800,A,AAT,2
NC_037334.1,NC_032656.1,41820885,41201046,41201048,t,taa,2
NC_037334.1,NC_032656.1,41825343,41205509,41205510,t,ta,1
NC_037334.1,NC_032656.1,41832583,41212752,41212753,t,tc,1
NC_037334.1,NC_032656.1,41832617,41212787,41212788,c,ca,1
NC_037334.1,NC_032656.1,41912480,41292776,41292777,g,ga,1
NC_037334.1,NC_032656.1,41912612,41292909,41292910,C,CA,1
NC_037334.1,NC_032656.1,41949875,41330122,41330124,A,AAG,2
NC_037334.1,NC_032656.1,41980139,41381866,41381884,C,CGCTACTGCGGGANNNNNN,18
NC_037334.1,NC_032656.1,41981655,41383400,41383401,T,TG,1
NC_037334.1,NC_032656.1,42056716,41458661,41458668,T,TCACTTTW,7
NC_037334.1,NC_032656.1,42127736,41526555,41526556,A,AC,1
NC_037334.1,NC_032656.1,42128241,41527062,41527069,g,ggaactct,7
NC_037334.1,NC_032656.1,42129162,41527991,41527993,a,aat,2
NC_037334.1,NC_032656.1,42129402,41528232,41528233,t,ta,1
NC_037334.1,NC_032656.1,42130396,41529225,41529226,T,TK,1
NC_037334.1,NC_032656.1,42141107,41540070,41540071,T,TG,1
NC_037334.1,NC_032656.1,42147494,41546004,41546005,G,GT,1
NC_037334.1,NC_032656.1,42147900,41546411,41546412,C,CG,1
NC_037334.1,NC_032656.1,42147928,41546440,41546441,G,GR,1
NC_037334.1,NC_032656.1,42148101,41546616,41546617,G,GK,1
NC_037334.1,NC_032656.1,42149619,41548134,41548135,C,CY,1
NC_037334.1,NC_032656.1,42150446,41548964,41548965,t,tc,1
NC_037334.1,NC_032656.1,42170029,41567451,41567452,t,ta,1
NC_037334.1,NC_032656.1,42173223,41570650,41570651,t,tg,1
NC_037334.1,NC_032656.1,42174001,41571417,41571418,g,gc,1
NC_037334.1,NC_032656.1,42180357,41577775,41577777,a,aat,2
NC_037334.1,NC_032656.1,42186367,41583786,41583787,a,ag,1
NC_037334.1,NC_032656.1,42205139,41602583,41602587,c,ctctt,4
NC_037334.1,NC_032656.1,42205429,41602877,41602878,g,gt,1
NC_037334.1,NC_032656.1,42207024,41604473,41604475,g,ggt,2
NC_037334.1,NC_032656.1,42208707,41606159,41606187,g,gtatatatgtatatatatatatatatata,28
NC_037334.1,NC_032656.1,42209199,41606677,41606678,G,GR,1
NC_037334.1,NC_032656.1,42223220,41620692,41620694,t,tta,2
NC_037334.1,NC_032656.1,42240512,41638045,41638051,t,tNNNNNN,6
NC_037334.1,NC_032656.1,42242290,41639829,41639830,t,ta,1
NC_037334.1,NC_032656.1,42253496,41651039,41651040,t,ta,1
NC_037334.1,NC_032656.1,42267506,41665108,41665109,t,tg,1
NC_037334.1,NC_032656.1,42322846,41720409,41720410,g,gt,1
NC_037334.1,NC_032656.1,42326056,41723620,41723621,a,ag,1
NC_037334.1,NC_032656.1,42327696,41725261,41725262,a,at,1
NC_037334.1,NC_032656.1,42467717,41863978,41863979,t,tg,1
NC_037334.1,NC_032656.1,42543550,41943593,41943594,a,ac,1
NC_037334.1,NC_032656.1,42602822,42002873,42002874,G,GR,1
NC_037334.1,NC_032656.1,42603447,42003499,42003502,t,ttta,3
NC_037334.1,NC_032656.1,42614696,42014141,42014145,a,aNNNN,4
NC_037334.1,NC_032656.1,42931011,42093913,42093916,a,atat,3
NC_037334.1,NC_032656.1,42933982,42096887,42096888,G,GC,1
NC_037334.1,NC_032656.1,43011041,42166168,42166172,T,TTCTS,4
NC_037334.1,NC_032656.1,43027787,42183046,42183047,A,AN,1
NC_037334.1,NC_032656.1,43037486,42192748,42192750,G,GGC,2
NC_037334.1,NC_032656.1,43057717,42212982,42212983,C,CT,1
NC_037334.1,NC_032656.1,43111343,42267251,42267252,A,AM,1
NC_037334.1,NC_032656.1,43116374,42272281,42272282,C,CT,1
NC_037334.1,NC_032656.1,43129293,42285202,42285210,g,ggttggatc,8
NC_037334.1,NC_032656.1,43209214,42365012,42365014,C,CTT,2
NC_037334.1,NC_032656.1,43233618,42389918,42389920,C,CCG,2
NC_037334.1,NC_032656.1,43238819,42395121,42395137,C,CTCCCCAGAGCTCCTCG,16
NC_037334.1,NC_032656.1,43501054,42556451,42556452,c,ca,1
NC_037334.1,NC_032656.1,43554951,42610379,42610380,A,AG,1
NC_037334.1,NC_032656.1,43566990,42622388,42622389,C,CG,1
NC_037334.1,NC_032656.1,43672732,42728211,42728213,G,GCS,2
NC_037334.1,NC_032656.1,43704785,42760915,42760916,G,GS,1
NC_037334.1,NC_032656.1,43713753,42769683,42769684,T,TK,1
NC_037334.1,NC_032656.1,43745820,42801251,42801269,G,GNNNNNNNNNNNNNNNNNN,18
NC_037334.1,NC_032656.1,43777498,42832174,42832175,T,TK,1
NC_037334.1,NC_032656.1,43790587,42845271,42845276,c,cccccg,5
NC_037334.1,NC_032656.1,43799232,42853911,42853912,T,TG,1
NC_037334.1,NC_032656.1,43833978,42888602,42888608,c,ccacaca,6
NC_037334.1,NC_032656.1,43857455,42912280,42912281,A,AG,1
NC_037334.1,NC_032656.1,43869502,42924554,42924555,c,ca,1
NC_037334.1,NC_032656.1,43985768,43036504,43036505,C,CA,1
NC_037334.1,NC_032656.1,44119437,43799784,43799785,T,TY,1
NC_037334.1,NC_032656.1,44236822,43916536,43916537,G,GC,1
NC_037334.1,NC_032656.1,44238523,43918441,43918442,G,GT,1
NC_037334.1,NC_032656.1,44274824,43954757,43954759,c,caa,2
NC_037334.1,NC_032656.1,44469956,44149631,44149632,a,aN,1
NC_037334.1,NC_032656.1,44568829,44251805,44251811,g,ggtcgct,6
NC_037334.1,NC_032656.1,44614085,44297062,44297063,G,GR,1
NC_037334.1,NC_032656.1,44728156,43584225,43584226,A,AG,1
NC_037334.1,NC_032656.1,44735743,43591808,43591809,c,cg,1
NC_037334.1,NC_032656.1,44737001,43593066,43593067,T,TK,1
NC_037334.1,NC_032656.1,44737060,43593126,43593127,A,AG,1
NC_037334.1,NC_032656.1,44737918,43593986,43593989,T,TGAG,3
NC_037334.1,NC_032656.1,44740760,43596809,43596810,A,AC,1
NC_037334.1,NC_032656.1,44742090,43598135,43598136,t,tc,1
NC_037334.1,NC_032656.1,44743322,43599606,43599607,t,tg,1
NC_037334.1,NC_032656.1,44743892,43600178,43600179,g,ga,1
NC_037334.1,NC_032656.1,44750017,43606912,43606913,t,tc,1
NC_037334.1,NC_032656.1,44754144,43611041,43611042,A,AC,1
NC_037334.1,NC_032656.1,44846489,43136766,43136767,G,GA,1
NC_037334.1,NC_032656.1,44877364,43167642,43167644,T,TTG,2
NC_037334.1,NC_032656.1,44900180,43190324,43190325,t,tc,1
NC_037334.1,NC_032656.1,44900183,43190328,43190329,a,at,1
NC_037334.1,NC_032656.1,44924613,43214601,43214611,G,GATCCTGGAAA,10
NC_037334.1,NC_032656.1,44941493,43231494,43231496,a,aac,2
NC_037334.1,NC_032656.1,44963364,43253366,43253367,C,CA,1
NC_037334.1,NC_032656.1,44990613,43280614,43280615,T,TA,1
NC_037334.1,NC_032656.1,44991689,43281686,43281703,g,gctggatggcatcaccaa,17
NC_037334.1,NC_032656.1,45001459,43291480,43291482,g,gtt,2
NC_037334.1,NC_032656.1,45004411,43294434,43294435,a,ag,1
NC_037334.1,NC_032656.1,45005768,43295792,43295794,t,tta,2
NC_037334.1,NC_032656.1,45007187,43297207,43297208,C,CT,1
NC_037334.1,NC_032656.1,45007929,43297949,43297950,a,ac,1
NC_037334.1,NC_032656.1,45009342,43299363,43299364,G,GT,1
NC_037334.1,NC_032656.1,45026152,43316176,43316177,A,AR,1
NC_037334.1,NC_032656.1,45040925,43330949,43330950,C,CY,1
NC_037334.1,NC_032656.1,45136527,43428256,43428257,G,GR,1
NC_037334.1,NC_032656.1,45142535,43434265,43434266,A,AR,1
NC_037334.1,NC_032656.1,45188909,43480882,43480906,G,GTTCCAGGGTAGCTCACACAGCAGT,24
NC_037334.1,NC_032656.1,45267424,43558899,43558900,A,AC,1
NC_037334.1,NC_032656.1,45270256,43561675,43561702,g,gtccatggggatggggtcacacagagtc,27
NC_037334.1,NC_032656.1,45273657,43565100,43565101,t,tc,1
NC_037334.1,NC_032656.1,45273662,43565106,43565107,a,at,1
NC_037334.1,NC_032656.1,45319774,44418016,44418019,g,gNNN,3
NC_037334.1,NC_032656.1,45430124,44528613,44528614,G,GT,1
NC_037334.1,NC_032656.1,45450478,44588792,44588793,G,GT,1
NC_037334.1,NC_032656.1,45454297,44592622,44592623,T,TG,1
NC_037334.1,NC_032656.1,45467126,44605463,44605469,G,GGATTAC,6
NC_037334.1,NC_032656.1,45512571,44652352,44652354,T,TTG,2
NC_037334.1,NC_032656.1,45513687,44653486,44653490,A,ACTSW,4
NC_037334.1,NC_032656.1,45538280,44678207,44678208,G,GC,1
NC_037334.1,NC_032656.1,45550131,44690049,44690050,C,CA,1
NC_037334.1,NC_032656.1,45550511,44690430,44690431,A,AG,1
NC_037334.1,NC_032656.1,45551576,44691496,44691497,a,ac,1
NC_037334.1,NC_032656.1,45568372,44708379,44708381,c,cat,2
NC_037334.1,NC_032656.1,45574157,44714165,44714166,G,GK,1
NC_037334.1,NC_032656.1,45603543,44743646,44743648,t,ttg,2
NC_037334.1,NC_032656.1,45611463,44751569,44751570,G,GY,1
NC_037334.1,NC_032656.1,45653768,44802090,44802093,T,TGAA,3
NC_037334.1,NC_032656.1,45658968,44807296,44807298,A,AAC,2
NC_037334.1,NC_032656.1,45666199,44814531,44814533,T,TAA,2
NC_037334.1,NC_032656.1,45674327,44822658,44822659,G,GC,1
NC_037334.1,NC_032656.1,45696853,44845352,44845354,C,CCA,2
NC_037334.1,NC_032656.1,45759218,44907765,44907766,C,CY,1
NC_037334.1,NC_032656.1,45769116,44917666,44917667,T,TA,1
NC_037334.1,NC_032656.1,45770353,44918904,44918905,A,AM,1
NC_037334.1,NC_032656.1,45790487,44939038,44939047,A,ATCCGTTCAN,9
NC_037334.1,NC_032656.1,46421097,45580355,45580356,t,tg,1
NC_037334.1,NC_032656.1,46423088,45582347,45582349,T,TTA,2
NC_037334.1,NC_032656.1,46457500,45616757,45616758,c,ct,1
NC_037334.1,NC_032656.1,46513945,45674027,45674028,C,CA,1
NC_037334.1,NC_032656.1,46778150,45938266,45938267,a,at,1
NC_037334.1,NC_032656.1,46778956,45939073,45939074,C,CT,1
NC_037334.1,NC_032656.1,46779721,45939839,45939840,t,tc,1
NC_037334.1,NC_032656.1,46810143,45970261,45970262,G,GT,1
NC_037334.1,NC_032656.1,46833368,45993488,45993489,a,ag,1
NC_037334.1,NC_032656.1,46937118,46101386,46101398,G,GTGTGCCCAGTGC,12
NC_037334.1,NC_032656.1,46943536,46107816,46107817,t,tc,1
NC_037334.1,NC_032656.1,46947802,46112083,46112088,g,gactga,5
NC_037334.1,NC_032656.1,46978744,46143038,46143043,c,ctcACA,5
NC_037334.1,NC_032656.1,47100652,46265281,46265282,t,tg,1
NC_037334.1,NC_032656.1,47108731,46273245,46273246,C,CY,1
NC_037334.1,NC_032656.1,47113006,46277502,46277503,G,GA,1
NC_037334.1,NC_032656.1,47117827,46282319,46282320,T,TY,1
NC_037334.1,NC_032656.1,47118115,46282608,46282609,G,GA,1
NC_037334.1,NC_032656.1,47135512,46300010,46300011,G,GA,1
NC_037334.1,NC_032656.1,47143872,46308375,46308377,c,cat,2
NC_037334.1,NC_032656.1,47207034,46371546,46371547,G,GS,1
NC_037334.1,NC_032656.1,47267097,46435052,46435053,A,AC,1
NC_037334.1,NC_032656.1,47279042,46447197,46447198,A,AC,1
NC_037334.1,NC_032656.1,47283639,46451795,46451796,A,AG,1
NC_037334.1,NC_032656.1,47289880,46458038,46458040,g,gtt,2
NC_037334.1,NC_032656.1,47306114,46474273,46474276,G,GAAA,3
NC_037334.1,NC_032656.1,47309748,46477916,46477919,C,CCTT,3
NC_037334.1,NC_032656.1,47310795,46478967,46478968,G,GK,1
NC_037334.1,NC_032656.1,47312524,46480701,46480704,c,caca,3
NC_037334.1,NC_032656.1,47371886,46540060,46540061,G,GA,1
NC_037334.1,NC_032656.1,47374596,46542770,46542772,T,TTG,2
NC_037334.1,NC_032656.1,47391755,46559949,46559950,A,AG,1
NC_037334.1,NC_032656.1,47394720,46562914,46562916,C,CTY,2
NC_037334.1,NC_032656.1,47404113,46572311,46572312,T,TC,1
NC_037334.1,NC_032656.1,47405733,46573932,46573933,C,CT,1
NC_037334.1,NC_032656.1,47610948,46778486,46778487,a,at,1
NC_037334.1,NC_032656.1,47613586,46781126,46781127,G,GA,1
NC_037334.1,NC_032656.1,47766845,46935687,46935690,T,TAAC,3
NC_037334.1,NC_032656.1,47800944,46969738,46969739,T,TA,1
NC_037334.1,NC_032656.1,48042159,47212004,47212005,T,TG,1
NC_037334.1,NC_032656.1,48042175,47212021,47212022,G,GT,1
NC_037334.1,NC_032656.1,48107520,47277374,47277375,G,GS,1
NC_037334.1,NC_032656.1,48285545,47475800,47475801,a,ac,1
NC_037334.1,NC_032656.1,48315604,47505862,47505863,A,AG,1
NC_037334.1,NC_032656.1,48315609,47505868,47505869,C,CT,1
NC_037334.1,NC_032656.1,48389033,47581715,47581717,a,aat,2
NC_037334.1,NC_032656.1,48432103,47624788,47624791,C,CTAA,3
NC_037334.1,NC_032656.1,48599593,47792060,47792061,t,ta,1
NC_037334.1,NC_032656.1,48634341,47826477,47826478,G,GS,1
NC_037334.1,NC_032656.1,48760204,47952343,47952344,T,TA,1
NC_037334.1,NC_032656.1,48760310,47952448,47952449,T,TY,1
NC_037334.1,NC_032656.1,48931003,48123014,48123015,T,TG,1
NC_037334.1,NC_032656.1,49009231,48201238,48201239,g,gc,1
NC_037334.1,NC_032656.1,49021233,48232002,48232003,t,ta,1
NC_037334.1,NC_032656.1,49176056,48386114,48386115,t,ta,1
NC_037334.1,NC_032656.1,49208846,48418452,48418453,a,at,1
NC_037334.1,NC_032656.1,49208864,48418471,48418472,t,tg,1
NC_037334.1,NC_032656.1,49291537,48567359,48567360,C,CG,1
NC_037334.1,NC_032656.1,49318813,48594296,48594297,g,gc,1
NC_037334.1,NC_032656.1,49384330,48659587,48659588,C,CG,1
NC_037334.1,NC_032656.1,49880314,49161752,49161768,T,TNNNNNNNNNNNNNNNN,16
NC_037334.1,NC_032656.1,50376242,49650129,49650137,A,ACCCGGAAG,8
NC_037334.1,NC_032656.1,50397139,49671034,49671036,c,cca,2
NC_037334.1,NC_032656.1,50397151,49671049,49671050,g,gc,1
NC_037334.1,NC_032656.1,50569958,49846129,49846131,a,acg,2
NC_037334.1,NC_032656.1,50581631,49857804,49857805,C,CG,1
NC_037334.1,NC_032656.1,50761368,50039230,50039231,A,AW,1
NC_037334.1,NC_032656.1,50821008,50098873,50098874,a,at,1
NC_037334.1,NC_032656.1,50854866,50132953,50132954,t,tc,1
NC_037334.1,NC_032656.1,50886696,50164838,50164839,C,CM,1
NC_037334.1,NC_032656.1,51032305,50309225,50309226,G,GN,1
NC_037334.1,NC_032656.1,51451643,50741958,50741959,C,CT,1
NC_037334.1,NC_032656.1,51509808,50797116,50797120,C,CAACA,4
NC_037334.1,NC_032656.1,51703420,50990145,50990146,G,GN,1
NC_037334.1,NC_032656.1,51840417,51128012,51128013,t,tg,1
NC_037334.1,NC_032656.1,51902263,51303185,51303186,T,TA,1
NC_037334.1,NC_032656.1,52034573,51435021,51435022,g,ga,1
NC_037334.1,NC_032656.1,52119367,51519819,51519820,g,ga,1
NC_037334.1,NC_032656.1,52119381,51519834,51519835,a,ag,1
NC_037334.1,NC_032656.1,52119430,51519884,51519904,a,actatattgattcttccaatc,20
NC_037334.1,NC_032656.1,52119597,51520071,51520075,t,tttca,4
NC_037334.1,NC_032656.1,52543963,51941623,51941624,T,TY,1
NC_037334.1,NC_032656.1,52562806,51960462,51960463,C,CM,1
NC_037334.1,NC_032656.1,52644863,52042518,52042519,a,aN,1
NC_037334.1,NC_032656.1,52648594,52046510,52046511,t,ta,1
NC_037334.1,NC_032656.1,52660603,52058520,52058526,T,TAGTCCG,6
NC_037334.1,NC_032656.1,52763460,52161360,52161361,G,GC,1
NC_037334.1,NC_032656.1,52763465,52161366,52161367,C,CT,1
NC_037334.1,NC_032656.1,53024120,52468804,52468805,a,ag,1
NC_037334.1,NC_032656.1,53024159,52468844,52468845,a,ag,1
NC_037334.1,NC_032656.1,53166933,52607885,52607886,t,tc,1
NC_037334.1,NC_032656.1,53166949,52607902,52607903,g,gc,1
NC_037334.1,NC_032656.1,53185593,52626548,52626549,T,TA,1
NC_037334.1,NC_032656.1,53237394,52679799,52679800,T,TA,1
NC_037334.1,NC_032656.1,53272963,52715832,52715833,G,GR,1
NC_037334.1,NC_032656.1,53408870,52851710,52851711,c,ca,1
NC_037334.1,NC_032656.1,53415188,52858025,52858032,c,ctactgca,7
NC_037334.1,NC_032656.1,54028114,53478092,53478093,t,ta,1
NC_037334.1,NC_032656.1,54204622,53654599,53654600,t,ta,1
NC_037334.1,NC_032656.1,54241748,53727278,53727279,t,ta,1
NC_037334.1,NC_032656.1,54252411,53737962,53737964,t,tta,2
NC_037334.1,NC_032656.1,54300587,53786133,53786139,A,AGCCTGT,6
NC_037334.1,NC_032656.1,54389384,53874956,53874958,C,CCY,2
NC_037334.1,NC_032656.1,54501622,53987197,53987198,T,TA,1
NC_037334.1,NC_032656.1,54548336,54035299,54035300,c,ct,1
NC_037334.1,NC_032656.1,54560881,54047844,54047845,c,ca,1
NC_037334.1,NC_032656.1,54613335,54100299,54100300,a,ag,1
NC_037334.1,NC_032656.1,54651530,54138494,54138497,a,atat,3
NC_037334.1,NC_032656.1,54786280,54273251,54273252,a,at,1
NC_037334.1,NC_032656.1,54988144,54476921,54476923,t,ttg,2
NC_037334.1,NC_032656.1,55065409,54559279,54559281,a,aNN,2
NC_037334.1,NC_032656.1,55065883,54559755,54559759,T,TCAGA,4
NC_037334.1,NC_032656.1,55070568,54564444,54564445,g,ga,1
NC_037334.1,NC_032656.1,55084417,54578290,54578291,C,CA,1
NC_037334.1,NC_032656.1,55127926,54621661,54621662,g,gt,1
NC_037334.1,NC_032656.1,55165844,54659548,54659549,a,ag,1
NC_037334.1,NC_032656.1,55175370,54676263,54676264,T,TA,1
NC_037334.1,NC_032656.1,55241059,54741956,54741957,a,ag,1
NC_037334.1,NC_032656.1,55246752,54747645,54747646,A,AT,1
NC_037334.1,NC_032656.1,55275295,54776023,54776033,G,GNNNNNNNNNN,10
NC_037334.1,NC_032656.1,55378329,54879519,54879520,c,ca,1
NC_037334.1,NC_032656.1,55385774,54886965,54886967,t,taa,2
NC_037334.1,NC_032656.1,55781905,55422149,55422150,C,CS,1
NC_037334.1,NC_032656.1,55791035,55431284,55431285,t,tc,1
NC_037334.1,NC_032656.1,55899237,55538225,55538226,C,CT,1
NC_037334.1,NC_032656.1,55909108,55548436,55548437,A,AG,1
NC_037334.1,NC_032656.1,55930305,55569831,55569832,t,ta,1
NC_037334.1,NC_032656.1,55970845,55610381,55610382,A,AT,1
NC_037334.1,NC_032656.1,55973128,55612661,55612667,G,GTGGACA,6
NC_037334.1,NC_032656.1,55980161,55619702,55619708,a,actgaac,6
NC_037334.1,NC_032656.1,55980163,55619710,55619713,g,gaat,3
NC_037334.1,NC_032656.1,55986565,55626114,55626115,G,GA,1
NC_037334.1,NC_032656.1,55989173,55628726,55628727,T,TA,1
NC_037334.1,NC_032656.1,55994888,55634444,55634445,c,ct,1
NC_037334.1,NC_032656.1,56003640,55643207,55643208,a,ac,1
NC_037334.1,NC_032656.1,56007642,55647218,55647226,t,ttgaacatc,8
NC_037334.1,NC_032656.1,56130479,55970727,55970729,c,ctg,2
NC_037334.1,NC_032656.1,56130489,55970739,55970742,g,gtga,3
NC_037334.1,NC_032656.1,56130493,55970746,55970748,t,tga,2
NC_037334.1,NC_032656.1,56222516,56062775,56062776,t,tc,1
NC_037334.1,NC_032656.1,56266034,56106209,56106212,t,tNNN,3
NC_037334.1,NC_032656.1,56295682,56135864,56135865,A,AT,1
NC_037334.1,NC_032656.1,56299262,56139445,56139446,T,TC,1
NC_037334.1,NC_032656.1,56304975,56145159,56145169,g,gcacacacaca,10
NC_037334.1,NC_032656.1,56307129,56147327,56147331,c,cagtg,4
NC_037334.1,NC_032656.1,56309145,56149348,56149359,T,TACCGACTTCAG,11
NC_037334.1,NC_032656.1,56352723,56192938,56192939,t,ta,1
NC_037334.1,NC_032656.1,56376777,56216998,56216999,t,ta,1
NC_037334.1,NC_032656.1,56416326,56255999,56256000,t,tg,1
NC_037334.1,NC_032656.1,56420124,56259798,56259800,t,tac,2
NC_037334.1,NC_032656.1,56420166,56259842,56259844,c,cat,2
NC_037334.1,NC_032656.1,56466935,56307357,56307358,T,TC,1
NC_037334.1,NC_032656.1,56484486,56325241,56325255,a,aNNNNNNNNNNNNNN,14
NC_037334.1,NC_032656.1,56551499,56392272,56392273,T,TY,1
NC_037334.1,NC_032656.1,56581314,56423360,56423361,t,ta,1
NC_037334.1,NC_032656.1,56581530,56423577,56423578,g,ga,1
NC_037334.1,NC_032656.1,56582044,56424086,56424087,a,ag,1
NC_037334.1,NC_032656.1,56582050,56424093,56424094,c,ca,1
NC_037334.1,NC_032656.1,56623668,56544307,56544308,T,TC,1
NC_037334.1,NC_032656.1,56732773,56599199,56599200,T,TA,1
NC_037334.1,NC_032656.1,56737217,56602904,56602905,G,GR,1
NC_037334.1,NC_032656.1,56782779,56648531,56648535,t,taaaa,4
NC_037334.1,NC_032656.1,56818736,56684373,56684374,G,GT,1
NC_037334.1,NC_032656.1,56819165,56684803,56684807,c,cacaY,4
NC_037334.1,NC_032656.1,56874906,56740521,56740524,G,GGAK,3
NC_037334.1,NC_032656.1,56879856,56745469,56745470,T,TY,1
NC_037334.1,NC_032656.1,56904850,56773548,56773549,t,ta,1
NC_037334.1,NC_032656.1,56913976,56782684,56782685,A,AG,1
NC_037334.1,NC_032656.1,56924303,56792894,56792901,a,aggaaagR,7
NC_037334.1,NC_032656.1,56926024,56794624,56794628,C,CATAA,4
NC_037334.1,NC_032656.1,56955352,56823981,56823982,G,GS,1
NC_037334.1,NC_032656.1,57008156,56976357,56976358,g,gc,1
NC_037334.1,NC_032656.1,57018212,56986438,56986439,T,TG,1
NC_037334.1,NC_032656.1,57032689,57000918,57000922,c,cttct,4
NC_037334.1,NC_032656.1,57041841,57010074,57010075,C,CY,1
NC_037334.1,NC_032656.1,57065500,56868876,56868877,T,TG,1
NC_037334.1,NC_032656.1,57067133,56870510,56870511,a,ag,1
NC_037334.1,NC_032656.1,57069434,56872813,56872815,t,tta,2
NC_037334.1,NC_032656.1,57075677,56879057,56879058,a,ag,1
NC_037334.1,NC_032656.1,57110961,56915752,56915753,G,GK,1
NC_037334.1,NC_032656.1,57269990,57176757,57176760,T,TGAC,3
NC_037334.1,NC_032656.1,57278788,57185559,57185561,c,cca,2
NC_037334.1,NC_032656.1,57304257,57211023,57211024,t,ta,1
NC_037334.1,NC_032656.1,57311915,57218682,57218683,A,AR,1
NC_037334.1,NC_032656.1,57403646,57322948,57322954,A,AGGTGAT,6
NC_037334.1,NC_032656.1,57492651,57412273,57412274,A,AW,1
NC_037334.1,NC_032656.1,57538438,57457639,57457640,T,TY,1
NC_037334.1,NC_032656.1,57577979,57497426,57497428,t,ttc,2
NC_037334.1,NC_032656.1,57578695,57498148,57498151,a,aacc,3
NC_037334.1,NC_032656.1,57583008,57502464,57502465,a,ag,1
NC_037334.1,NC_032656.1,57622140,57540317,57540319,C,CAT,2
NC_037334.1,NC_032656.1,57676629,57594787,57594788,a,at,1
NC_037334.1,NC_032656.1,57782813,57743037,57743038,G,GA,1
NC_037334.1,NC_032656.1,57789831,57750056,57750057,a,at,1
NC_037334.1,NC_032656.1,57842705,57802937,57802946,T,TCTTTGGTGG,9
NC_037334.1,NC_032656.1,57886673,57846914,57846917,t,tata,3
NC_037334.1,NC_032656.1,57934582,57894833,57894834,G,GA,1
NC_037334.1,NC_032656.1,58063058,58023475,58023476,a,at,1
NC_037334.1,NC_032656.1,58079563,58039983,58039985,g,ggt,2
NC_037334.1,NC_032656.1,58116188,58077111,58077112,T,TC,1
NC_037334.1,NC_032656.1,59471508,58168285,58168286,a,aW,1
NC_037334.1,NC_032656.1,59631799,58489967,58489968,T,TG,1
NC_037334.1,NC_032656.1,59646766,58314993,58314995,T,TAA,2
NC_037334.1,NC_032656.1,59646766,58504943,58504945,T,TAA,2
NC_037334.1,NC_032656.1,59646920,58505099,58505100,a,at,1
NC_037334.1,NC_032656.1,59702794,58560974,58560975,g,ga,1
NC_037334.1,NC_032656.1,59721475,58579683,58579684,C,CA,1
NC_037334.1,NC_032656.1,59750726,58597623,58597624,A,AG,1
NC_037334.1,NC_032656.1,59755582,58602483,58602499,T,TCTGCATTCCTCTCCAY,16
NC_037334.1,NC_032656.1,59808664,59111164,59111174,C,CACTGTCGTGT,10
NC_037334.1,NC_032656.1,59907483,59210006,59210008,c,cat,2
NC_037334.1,NC_032656.1,59921473,59223998,59224001,t,ttca,3
NC_037334.1,NC_032656.1,59936913,59239445,59239453,a,aaaatatat,8
NC_037334.1,NC_032656.1,59942827,59245367,59245368,g,gc,1
NC_037334.1,NC_032656.1,59948346,59250886,59250888,g,gtt,2
NC_037334.1,NC_032656.1,59953234,59255773,59255774,t,tc,1
NC_037334.1,NC_032656.1,59958163,59260705,59260706,T,TA,1
NC_037334.1,NC_032656.1,60020936,59323621,59323622,A,AG,1
NC_037334.1,NC_032656.1,60034816,59337507,59337508,G,GS,1
NC_037334.1,NC_032656.1,60075655,59381411,59381413,A,ATC,2
NC_037334.1,NC_032656.1,60091401,59397091,59397092,g,gt,1
NC_037334.1,NC_032656.1,60143022,59447051,59447052,A,AG,1
NC_037334.1,NC_032656.1,60179942,59483574,59483587,c,caacctagatagca,13
NC_037334.1,NC_032656.1,60210321,59513992,59513993,C,CA,1
NC_037334.1,NC_032656.1,60226262,59547150,59547151,A,AG,1
NC_037334.1,NC_032656.1,60226299,59547188,59547189,G,GC,1
NC_037334.1,NC_032656.1,60464732,59791370,59791371,G,GA,1
NC_037334.1,NC_032656.1,60509759,59836410,59836411,G,GS,1
NC_037334.1,NC_032656.1,60608778,59935429,59935430,G,GT,1
NC_037334.1,NC_032656.1,60618473,59945125,59945126,T,TC,1
NC_037334.1,NC_032656.1,60648945,59975599,59975600,g,ga,1
NC_037334.1,NC_032656.1,60802316,60129678,60129679,t,ta,1
NC_037334.1,NC_032656.1,60817599,60144762,60144763,T,TC,1
NC_037334.1,NC_032656.1,60855127,60182508,60182510,T,TCA,2
NC_037334.1,NC_032656.1,60864052,60191437,60191438,t,tc,1
NC_037334.1,NC_032656.1,60941005,60268557,60268559,T,TGA,2
NC_037334.1,NC_032656.1,60957873,60285430,60285431,t,tg,1
NC_037334.1,NC_032656.1,60967610,60295176,60295178,c,cgg,2
NC_037334.1,NC_032656.1,60996778,60324359,60324361,C,CCT,2
NC_037334.1,NC_032656.1,61056831,60387726,60387727,g,gc,1
NC_037334.1,NC_032656.1,61105359,60435930,60435932,A,AAT,2
NC_037334.1,NC_032656.1,61144712,60475385,60475386,G,GS,1
NC_037334.1,NC_032656.1,61211759,60542717,60542719,a,aaM,2
NC_037334.1,NC_032656.1,61233554,60573777,60573778,C,CA,1
NC_037334.1,NC_032656.1,61343462,60682874,60682875,G,GT,1
NC_037334.1,NC_032656.1,61363399,60702927,60702928,C,CY,1
NC_037334.1,NC_032656.1,61380684,60720211,60720212,T,TY,1
NC_037334.1,NC_032656.1,61441331,60780866,60780867,A,AC,1
NC_037334.1,NC_032656.1,61483028,60822555,60822556,c,ct,1
NC_037334.1,NC_032656.1,61484417,60823945,60823946,A,AC,1
NC_037334.1,NC_032656.1,61489711,60829240,60829241,T,TY,1
NC_037334.1,NC_032656.1,61659531,60998509,60998510,G,GT,1
NC_037334.1,NC_032656.1,61774546,61113532,61113533,C,CS,1
NC_037334.1,NC_032656.1,61847524,61186331,61186332,C,CT,1
NC_037334.1,NC_032656.1,61849397,61188205,61188207,c,ctt,2
NC_037334.1,NC_032656.1,61865031,61204315,61204317,A,AAg,2
NC_037334.1,NC_032656.1,61870754,61210041,61210052,a,atgttgttccat,11
NC_037334.1,NC_032656.1,61925127,61264461,61264462,c,ct,1
NC_037334.1,NC_032656.1,61926025,61265228,61265229,A,AT,1
NC_037334.1,NC_032656.1,62036498,61375408,61375409,c,ct,1
NC_037334.1,NC_032656.1,62036514,61375425,61375426,a,ac,1
NC_037334.1,NC_032656.1,62044343,61383254,61383255,A,AG,1
NC_037334.1,NC_032656.1,62165389,61649458,61649459,T,TA,1
NC_037334.1,NC_032656.1,62177265,61661340,61661341,T,TC,1
NC_037334.1,NC_032656.1,62178776,61662852,61662853,t,tg,1
NC_037334.1,NC_032656.1,62183550,61669559,61669560,T,TG,1
NC_037334.1,NC_032656.1,62185497,61671508,61671511,t,ttaa,3
NC_037334.1,NC_032656.1,62197410,61683410,61683411,c,ct,1
NC_037334.1,NC_032656.1,62286955,61776107,61776108,C,CA,1
NC_037334.1,NC_032656.1,62286989,61776142,61776143,A,AG,1
NC_037334.1,NC_032656.1,62297819,61786973,61786974,A,AM,1
NC_037334.1,NC_032656.1,62317471,61806624,61806625,A,AG,1
NC_037334.1,NC_032656.1,62337362,61826529,61826531,g,gca,2
NC_037334.1,NC_032656.1,62443149,61979072,61979074,C,CAA,2
NC_037334.1,NC_032656.1,62447368,61983292,61983293,a,ag,1
NC_037334.1,NC_032656.1,62454505,61990427,61990428,A,AC,1
NC_037334.1,NC_032656.1,62508430,62045025,62045026,T,TA,1
NC_037334.1,NC_032656.1,62624691,62256944,62256945,A,AC,1
NC_037334.1,NC_032656.1,62624694,62256948,62256949,C,CT,1
NC_037334.1,NC_032656.1,62701887,62334143,62334144,T,TG,1
NC_037334.1,NC_032656.1,62758639,62390771,62390772,a,aN,1
NC_037334.1,NC_032656.1,62767285,62399418,62399419,G,GN,1
NC_037334.1,NC_032656.1,62775986,62407546,62407547,g,gc,1
NC_037334.1,NC_032656.1,62778192,62409753,62409754,T,TC,1
NC_037334.1,NC_032656.1,62872002,62503466,62503467,t,tg,1
NC_037334.1,NC_032656.1,62876775,62508240,62508241,G,GT,1
NC_037334.1,NC_032656.1,62942415,62577061,62577062,G,GC,1
NC_037334.1,NC_032656.1,62965338,62600001,62600002,g,gt,1
NC_037334.1,NC_032656.1,62968251,62602917,62602918,A,AG,1
NC_037334.1,NC_032656.1,62973006,62607668,62607685,G,GGCGACCGCGCCAGGCGC,17
NC_037334.1,NC_032656.1,62974175,62608853,62608857,A,AGAGC,4
NC_037334.1,NC_032656.1,62975163,62609849,62609852,a,aNNN,3
NC_037334.1,NC_032656.1,63002775,62637470,62637472,C,CTA,2
NC_037334.1,NC_032656.1,63037893,62672415,62672416,A,AG,1
NC_037334.1,NC_032656.1,63050221,62684738,62684739,T,TC,1
NC_037334.1,NC_032656.1,63091384,62725900,62725901,t,tg,1
NC_037334.1,NC_032656.1,63099609,62744907,62744943,c,catatatatatatatatatatatatatatatatatat,36
NC_037334.1,NC_032656.1,63108472,62753803,62753818,A,AGCGATTGACGGTGTT,15
NC_037334.1,NC_032656.1,63155344,62804863,62804866,c,cttt,3
NC_037334.1,NC_032656.1,63159976,62809501,62809502,c,ct,1
NC_037334.1,NC_032656.1,63162728,62812253,62812269,A,AGGTGGAAGTCCATATC,16
NC_037334.1,NC_032656.1,63168674,62818215,62818217,a,aat,2
NC_037334.1,NC_032656.1,63168684,62818227,62818228,a,at,1
NC_037334.1,NC_032656.1,63168719,62818263,62818264,t,ta,1
NC_037334.1,NC_032656.1,63206025,62855559,62855575,a,aataaagtctgacactg,16
NC_037334.1,NC_032656.1,63224530,62874309,62874315,t,tNNNNNN,6
NC_037334.1,NC_032656.1,63246122,62895911,62895912,A,AG,1
NC_037334.1,NC_032656.1,63255935,62905733,62905734,A,AG,1
NC_037334.1,NC_032656.1,63311021,62961014,62961015,t,tW,1
NC_037334.1,NC_032656.1,63319741,62966297,62966298,A,AG,1
NC_037334.1,NC_032656.1,63328711,62978789,62978790,A,AG,1
NC_037334.1,NC_032656.1,63372551,63022637,63022638,A,AC,1
NC_037334.1,NC_032656.1,63377066,63027141,63027142,C,CA,1
NC_037334.1,NC_032656.1,63394392,63049236,63049237,G,GA,1
NC_037334.1,NC_032656.1,63403721,63058574,63058575,T,TC,1
NC_037334.1,NC_032656.1,63406858,63061712,63061719,c,ctccatct,7
NC_037334.1,NC_032656.1,63414053,63068914,63068915,A,AR,1
NC_037334.1,NC_032656.1,63421906,63076761,63076798,t,tccttaggtagatatattcctaagtattttattctttc,37
NC_037334.1,NC_032656.1,63460295,63115677,63115678,a,ac,1
NC_037334.1,NC_032656.1,63569041,63215918,63215919,A,AG,1
NC_037334.1,NC_032656.1,63582653,63229530,63229531,t,ta,1
NC_037334.1,NC_032656.1,63613155,63260031,63260032,a,ac,1
NC_037334.1,NC_032656.1,63682257,63329096,63329097,A,AR,1
NC_037334.1,NC_032656.1,63716604,63363326,63363327,C,CT,1
NC_037334.1,NC_032656.1,63723150,63369876,63369877,c,ct,1
NC_037334.1,NC_032656.1,63809529,63455430,63455436,t,ttaaaaa,6
NC_037334.1,NC_032656.1,63819950,63465858,63465859,a,at,1
NC_037334.1,NC_032656.1,63940928,63586236,63586257,c,cRGACACAGAGaggagacttgt,21
NC_037334.1,NC_032656.1,64016835,63671263,63671264,a,ac,1
NC_037334.1,NC_032656.1,64141028,63796564,63796565,T,TY,1
NC_037334.1,NC_032656.1,64151751,63807294,63807295,A,AG,1
NC_037334.1,NC_032656.1,64160513,63816059,63816060,T,TA,1
NC_037334.1,NC_032656.1,64197263,63852855,63852858,a,atag,3
NC_037334.1,NC_032656.1,64256113,63914592,63914596,c,cMaaa,4
NC_037334.1,NC_032656.1,64278391,63937168,63937169,G,GR,1
NC_037334.1,NC_032656.1,64279647,63938424,63938427,a,aaac,3
NC_037334.1,NC_032656.1,64280707,63939487,63939488,t,ta,1
NC_037334.1,NC_032656.1,64280820,63939596,63939597,a,at,1
NC_037334.1,NC_032656.1,64287563,63946336,63946338,t,taa,2
NC_037334.1,NC_032656.1,64291536,63950225,63950226,T,TA,1
NC_037334.1,NC_032656.1,64332206,63990889,63990890,a,ac,1
NC_037334.1,NC_032656.1,64358240,64016939,64016940,g,gc,1
NC_037334.1,NC_032656.1,64358376,64017076,64017077,g,ga,1
NC_037334.1,NC_032656.1,64376574,64035159,64035160,C,CT,1
NC_037334.1,NC_032656.1,64394838,64054175,64054176,A,AR,1
NC_037334.1,NC_032656.1,64410048,64069370,64069378,t,tacacacac,8
NC_037334.1,NC_032656.1,64416350,64075683,64075684,G,GK,1
NC_037334.1,NC_032656.1,64417705,64077038,64077039,A,AC,1
NC_037334.1,NC_032656.1,64418689,64078023,64078026,a,aagc,3
NC_037334.1,NC_032656.1,64419159,64078496,64078497,G,GA,1
NC_037334.1,NC_032656.1,64430103,64089446,64089447,t,ta,1
NC_037334.1,NC_032656.1,64430846,64090190,64090191,C,CA,1
NC_037334.1,NC_032656.1,64509143,64122288,64122290,t,tca,2
NC_037334.1,NC_032656.1,64509549,64121870,64121879,c,ctgacactgt,9
NC_037334.1,NC_032656.1,64569321,64266437,64266438,t,tc,1
NC_037334.1,NC_032656.1,64645302,64321731,64321738,G,GATAAAAA,7
NC_037334.1,NC_032656.1,64679465,64355751,64355757,c,ctccttt,6
NC_037334.1,NC_032656.1,64729547,64406323,64406325,t,ttg,2
NC_037334.1,NC_032656.1,64737316,64414095,64414096,a,at,1
NC_037334.1,NC_032656.1,64758050,64434557,64434566,t,tttttttttN,9
NC_037334.1,NC_032656.1,64823596,64500130,64500131,C,CM,1
NC_037334.1,NC_032656.1,64924089,64617249,64617251,a,aac,2
NC_037334.1,NC_032656.1,64926727,64619887,64619888,a,ac,1
NC_037334.1,NC_032656.1,65004917,64698277,64698278,g,gc,1
NC_037334.1,NC_032656.1,65037468,64730982,64730983,T,TG,1
NC_037334.1,NC_032656.1,65102232,64801222,64801225,C,CTGG,3
NC_037334.1,NC_032656.1,65121565,64820558,64820562,C,CGGWG,4
NC_037334.1,NC_032656.1,65454801,65143580,65143584,t,tatag,4
NC_037334.1,NC_032656.1,65477293,65166077,65166079,C,CCG,2
NC_037334.1,NC_032656.1,65509531,65197877,65197878,G,GC,1
NC_037334.1,NC_032656.1,65520371,65208718,65208719,A,AC,1
NC_037334.1,NC_032656.1,65588952,65277305,65277307,A,ATG,2
NC_037334.1,NC_032656.1,65630501,65311989,65311990,t,tg,1
NC_037334.1,NC_032656.1,65637581,65319142,65319143,T,TA,1
NC_037334.1,NC_032656.1,65654199,65335762,65335763,c,ca,1
NC_037334.1,NC_032656.1,65666592,65348155,65348156,G,GA,1
NC_037334.1,NC_032656.1,65700595,65382158,65382159,G,GK,1
NC_037334.1,NC_032656.1,65722082,65403537,65403540,G,GAGA,3
NC_037334.1,NC_032656.1,65768427,65449904,65449906,c,cgg,2
NC_037334.1,NC_032656.1,65819260,65506457,65506458,g,ga,1
NC_037334.1,NC_032656.1,65833831,65520844,65520845,c,ct,1
NC_037334.1,NC_032656.1,65916793,65603526,65603529,T,TGYG,3
NC_037334.1,NC_032656.1,65932119,65618856,65618858,t,ttc,2
NC_037334.1,NC_032656.1,66004614,65691056,65691058,a,aac,2
NC_037334.1,NC_032656.1,66040245,65730704,65730713,a,acactgtttc,9
NC_037334.1,NC_032656.1,66086892,65777364,65777418,a,aaaaaagtaattatacttctttcacattaaaaagtaattatacttctttcacatt,54
NC_037334.1,NC_032656.1,66103158,65793841,65793842,A,AW,1
NC_037334.1,NC_032656.1,66105517,65796203,65796206,T,TATC,3
NC_037334.1,NC_032656.1,66108719,65799406,65799414,a,aaaaaaaaM,8
NC_037334.1,NC_032656.1,66109340,65800034,65800035,T,TA,1
NC_037334.1,NC_032656.1,66112967,65803564,65803566,C,CAT,2
NC_037334.1,NC_032656.1,66113279,65803878,65803890,c,catgcattggaga,12
NC_037334.1,NC_032656.1,66123400,65814016,65814018,C,CAG,2
NC_037334.1,NC_032656.1,66157687,65847744,65847746,T,TTC,2
NC_037334.1,NC_032656.1,66165511,65855586,65855587,t,ta,1
NC_037334.1,NC_032656.1,66303435,65987319,65987320,a,at,1
NC_037334.1,NC_032656.1,66499395,66184100,66184101,A,AW,1
NC_037334.1,NC_032656.1,66521470,66205287,66205296,G,GTCGTNNNNN,9
NC_037334.1,NC_032656.1,66652176,66329229,66329230,G,GC,1
NC_037334.1,NC_032656.1,66656484,66333540,66333541,C,CT,1
NC_037334.1,NC_032656.1,66658248,66335308,66335309,G,GR,1
NC_037334.1,NC_032656.1,66659528,66336589,66336590,A,AR,1
NC_037334.1,NC_032656.1,66660373,66337435,66337436,A,AM,1
NC_037334.1,NC_032656.1,66662081,66339144,66339146,a,aac,2
NC_037334.1,NC_032656.1,66663911,66340974,66340975,A,AT,1
NC_037334.1,NC_032656.1,66677160,66354233,66354234,a,ag,1
NC_037334.1,NC_032656.1,66685510,66362587,66362593,g,gNNNNNN,6
NC_037334.1,NC_032656.1,66686010,66363078,66363081,g,gttt,3
NC_037334.1,NC_032656.1,66764222,66442244,66442245,c,ct,1
NC_037334.1,NC_032656.1,66785430,66463457,66463458,A,AG,1
NC_037334.1,NC_032656.1,66788655,66466730,66466731,T,TW,1
NC_037334.1,NC_032656.1,66791983,66470059,66470060,T,TA,1
NC_037334.1,NC_032656.1,66800186,66478129,66478130,A,AT,1
NC_037334.1,NC_032656.1,66812798,66494160,66494161,C,CY,1
NC_037334.1,NC_032656.1,66826270,66507633,66507635,a,aNN,2
NC_037334.1,NC_032656.1,66828025,66509390,66509391,t,ta,1
NC_037334.1,NC_032656.1,66840928,66525636,66525639,t,tata,3
NC_037334.1,NC_032656.1,66858731,66543442,66543446,a,aNNNN,4
NC_037334.1,NC_032656.1,66925873,66613830,66613831,G,GA,1
NC_037334.1,NC_032656.1,67057478,66666763,66666764,A,AW,1
NC_037334.1,NC_032656.1,67142424,66751077,66751079,C,CTG,2
NC_037334.1,NC_032656.1,67158198,66766852,66766853,C,CT,1
NC_037334.1,NC_032656.1,67158884,66767539,66767541,a,aac,2
NC_037334.1,NC_032656.1,67171754,66780414,66780415,c,ca,1
NC_037334.1,NC_032656.1,67171926,66780587,66780589,T,TTY,2
NC_037334.1,NC_032656.1,67208786,66817448,66817450,g,gaa,2
NC_037334.1,NC_032656.1,67208790,66817454,66817455,c,ct,1
NC_037334.1,NC_032656.1,67253687,66862368,66862369,T,TY,1
NC_037334.1,NC_032656.1,67320424,66928933,66928934,a,ag,1
NC_037334.1,NC_032656.1,67348835,66957389,66957390,a,at,1
NC_037334.1,NC_032656.1,67361565,66970147,66970149,A,AAG,2
NC_037334.1,NC_032656.1,67397059,67005643,67005644,A,AT,1
NC_037334.1,NC_032656.1,67406505,67015745,67015747,A,AAG,2
NC_037334.1,NC_032656.1,67416428,67025680,67025688,t,tacctggtC,8
NC_037334.1,NC_032656.1,67418335,67027599,67027600,T,TY,1
NC_037334.1,NC_032656.1,67418810,67028074,67028075,C,CA,1
NC_037334.1,NC_032656.1,67453392,67062672,67062673,T,TG,1
NC_037334.1,NC_032656.1,67478951,67088940,67088942,A,AAS,2
NC_037334.1,NC_032656.1,67485550,67095544,67095545,T,TW,1
NC_037334.1,NC_032656.1,67497097,67107091,67107093,t,tac,2
NC_037334.1,NC_032656.1,67565653,67175654,67175655,a,at,1
NC_037334.1,NC_032656.1,67602789,67212199,67212208,g,ggggcggggt,9
NC_037334.1,NC_032656.1,67626377,67235800,67235802,A,AAG,2
NC_037334.1,NC_032656.1,67653912,67263332,67263339,g,gaaacagt,7
NC_037334.1,NC_032656.1,67653917,67263344,67263346,g,gac,2
NC_037334.1,NC_032656.1,67653978,67263407,67263411,c,cgctt,4
NC_037334.1,NC_032656.1,67671430,67280866,67280867,G,GR,1
NC_037334.1,NC_032656.1,67681062,67290499,67290500,C,CT,1
NC_037334.1,NC_032656.1,67686881,67296322,67296323,A,AG,1
NC_037334.1,NC_032656.1,67743598,67335493,67335494,t,tc,1
NC_037334.1,NC_032656.1,67755121,67347018,67347020,C,CTT,2
NC_037334.1,NC_032656.1,67861248,67459036,67459037,G,GR,1
NC_037334.1,NC_032656.1,68275238,68028383,68028384,G,GR,1
NC_037334.1,NC_032656.1,68500181,68252924,68252925,C,CA,1
NC_037334.1,NC_032656.1,68520852,68346215,68346225,t,ttggtgctctg,10
NC_037334.1,NC_032656.1,68534967,68360345,68360349,T,TAAAC,4
NC_037334.1,NC_032656.1,68675505,68385890,68385891,t,tg,1
NC_037334.1,NC_032656.1,68678219,68379425,68379426,C,CT,1
NC_037334.1,NC_032656.1,68764197,68396471,68396472,A,AM,1
NC_037334.1,NC_032656.1,68788914,68421189,68421191,C,CTT,2
NC_037334.1,NC_032656.1,68988537,68620736,68620737,g,ga,1
NC_037334.1,NC_032656.1,69046150,68678267,68678268,a,at,1
NC_037334.1,NC_032656.1,69051925,68684044,68684046,T,TCC,2
NC_037334.1,NC_032656.1,69158622,68790760,68790761,t,tc,1
NC_037334.1,NC_032656.1,69329191,68961457,68961520,G,GNNNNNNNNNNNNNNNNNNNNNNNNNNNNNNNNNNNNNNNNNNNNNNNNNNNNNNNNNNNNNNN,63
NC_037334.1,NC_032656.1,69366732,68998939,68998940,T,TA,1
NC_037334.1,NC_032656.1,69510937,69143884,69143885,a,ag,1
NC_037334.1,NC_032656.1,69510980,69143928,69143929,g,gt,1
NC_037334.1,NC_032656.1,69730281,69372964,69372966,a,aag,2
NC_037334.1,NC_032656.1,69732563,69375248,69375266,a,actgcaagaagctccaacc,18
NC_037334.1,NC_032656.1,69862959,69515656,69515657,a,ac,1
NC_037334.1,NC_032656.1,69902962,69555488,69555489,c,ct,1
NC_037334.1,NC_032656.1,70006405,69658050,69658052,t,tNN,2
NC_037334.1,NC_032656.1,70107702,69759364,69759365,C,CA,1
NC_037334.1,NC_032656.1,70107837,69759501,69759502,G,GK,1
NC_037334.1,NC_032656.1,70118221,69769889,69769890,g,ga,1
NC_037334.1,NC_032656.1,70140321,69792030,69792031,g,ga,1
NC_037334.1,NC_032656.1,70147863,69799577,69799580,A,ATAC,3
NC_037334.1,NC_032656.1,70196139,69847860,69847861,T,TK,1
NC_037334.1,NC_032656.1,70227800,69900009,69900010,C,CS,1
NC_037334.1,NC_032656.1,70300016,69972266,69972267,a,at,1
NC_037334.1,NC_032656.1,70328684,70000944,70000946,A,ATT,2
NC_037334.1,NC_032656.1,70343392,70015744,70015745,C,CY,1
NC_037334.1,NC_032656.1,70354994,70027347,70027349,A,ACT,2
NC_037334.1,NC_032656.1,70392081,70064440,70064450,a,aNNNNNNNNNN,10
NC_037334.1,NC_032656.1,70446270,70118698,70118699,C,CA,1
NC_037334.1,NC_032656.1,70512734,70185121,70185122,C,CT,1
NC_037334.1,NC_032656.1,70587659,70260052,70260054,t,tta,2
NC_037334.1,NC_032656.1,70620428,70292825,70292826,g,gt,1
NC_037334.1,NC_032656.1,70626680,70299078,70299079,a,aT,1
NC_037334.1,NC_032656.1,70635545,70307944,70307948,t,tatac,4
NC_037334.1,NC_032656.1,70640907,70313310,70313312,t,taa,2
NC_037334.1,NC_032656.1,70640907,70326256,70326258,t,taa,2
NC_037334.1,NC_032656.1,70673078,70358426,70358427,A,AR,1
NC_037334.1,NC_032656.1,70694817,70380167,70380171,t,ttttc,4
NC_037334.1,NC_032656.1,70870461,70555873,70555874,C,CA,1
NC_037334.1,NC_032656.1,70895667,70581125,70581145,A,ATCCATCTTCATTCTCACCGR,20
NC_037334.1,NC_032656.1,70931771,70617247,70617248,T,TG,1
NC_037334.1,NC_032656.1,70972466,70658538,70658542,a,aagtc,4
NC_037334.1,NC_032656.1,70993050,70681876,70681877,A,AG,1
NC_037334.1,NC_032656.1,71045256,70734226,70734228,A,ATC,2
NC_037334.1,NC_032656.1,71051032,70740005,70740006,c,ct,1
NC_037334.1,NC_032656.1,71051837,70740811,70740812,A,AG,1
NC_037334.1,NC_032656.1,71066107,70755070,70755073,C,CTGA,3
NC_037334.1,NC_032656.1,71127229,70816185,70816193,t,tNNNNNNNN,8
NC_037334.1,NC_032656.1,71135199,70824171,70824172,C,CY,1
NC_037334.1,NC_032656.1,71331840,71020767,71020768,G,GY,1
NC_037334.1,NC_032656.1,71333910,71022836,71022837,G,GC,1
NC_037334.1,NC_032656.1,71382222,71069189,71069190,G,GR,1
NC_037334.1,NC_032656.1,71395902,71082868,71082869,T,TK,1
NC_037334.1,NC_032656.1,71514211,71201387,71201388,C,CA,1
NC_037334.1,NC_032656.1,71514288,71201465,71201466,C,CA,1
NC_037334.1,NC_032656.1,71633315,71320571,71320572,A,AW,1
NC_037334.1,NC_032656.1,71697340,71384058,71384059,c,cg,1
NC_037334.1,NC_032656.1,71698560,71385339,71385340,T,TK,1
NC_037334.1,NC_032656.1,71720621,71407646,71407649,C,CAAA,3
NC_037334.1,NC_032656.1,71735103,71422132,71422134,g,gca,2
NC_037334.1,NC_032656.1,71743132,71430164,71430166,g,gtc,2
NC_037334.1,NC_032656.1,71749208,71436246,71436248,a,aag,2
NC_037334.1,NC_032656.1,71750131,71437171,71437173,T,TAA,2
NC_037334.1,NC_032656.1,71754877,71441920,71441921,T,TC,1
NC_037334.1,NC_032656.1,71779107,71466159,71466160,t,ta,1
NC_037334.1,NC_032656.1,71779154,71466206,71466207,t,tg,1
NC_037334.1,NC_032656.1,71786540,71473574,71473575,t,tc,1
NC_037334.1,NC_032656.1,71787156,71474195,71474210,c,ctgGCAAAGNNNNNNA,15
NC_037334.1,NC_032656.1,71793208,71480262,71480263,G,GA,1
NC_037334.1,NC_032656.1,71985613,71721265,71721266,T,TA,1
NC_037334.1,NC_032656.1,72004360,71739931,71739932,c,ca,1
NC_037334.1,NC_032656.1,72038839,71773324,71773325,T,TK,1
NC_037334.1,NC_032656.1,72045673,71780162,71780177,T,TCAAAGTTGAAGCTGG,15
NC_037334.1,NC_032656.1,72100647,71833975,71833979,c,ctgag,4
NC_037334.1,NC_032656.1,72132601,71865934,71865935,A,AT,1
NC_037334.1,NC_032656.1,72142789,71876126,71876127,t,ta,1
NC_037334.1,NC_032656.1,72142794,71876132,71876133,g,ga,1
NC_037334.1,NC_032656.1,72170948,71904295,71904296,g,gt,1
NC_037334.1,NC_032656.1,72176479,71909828,71909829,t,tg,1
NC_037334.1,NC_032656.1,72206245,71939586,71939587,C,CT,1
NC_037334.1,NC_032656.1,72212884,71946210,71946211,a,aK,1
NC_037334.1,NC_032656.1,72216392,71949721,71949722,G,GR,1
NC_037334.1,NC_032656.1,72218177,71951507,71951509,C,CAS,2
NC_037334.1,NC_032656.1,72220153,71953485,71953490,T,TTTTGK,5
NC_037334.1,NC_032656.1,72224739,71958078,71958080,T,TGG,2
NC_037334.1,NC_032656.1,72227323,71960664,71960668,C,CTCTG,4
NC_037334.1,NC_032656.1,72282656,72015845,72015846,T,TC,1
NC_037334.1,NC_032656.1,72319409,72052756,72052757,t,ta,1
NC_037334.1,NC_032656.1,72328111,72061459,72061460,C,CT,1
NC_037334.1,NC_032656.1,72397376,72130803,72130808,G,GGGTCC,5
NC_037334.1,NC_032656.1,72443257,72176732,72176733,G,GT,1
NC_037334.1,NC_032656.1,72464109,72197588,72197589,a,at,1
NC_037334.1,NC_032656.1,72487016,72220492,72220497,T,TAAGTA,5
NC_037334.1,NC_032656.1,72491423,72224904,72224907,a,aacg,3
NC_037334.1,NC_032656.1,72493646,72227131,72227132,a,at,1
NC_037334.1,NC_032656.1,72523102,72256524,72256525,C,CT,1
NC_037334.1,NC_032656.1,72553184,72286090,72286098,t,ttttttttg,8
NC_037334.1,NC_032656.1,72556842,72289756,72289759,a,atat,3
NC_037334.1,NC_032656.1,72581535,72314450,72314451,C,CA,1
NC_037334.1,NC_032656.1,72584898,72317539,72317540,T,TG,1
NC_037334.1,NC_032656.1,72590854,72323474,72323476,g,ggt,2
NC_037334.1,NC_032656.1,72679102,72411516,72411517,t,tg,1
NC_037334.1,NC_032656.1,72697007,72520649,72520650,t,tg,1
NC_037334.1,NC_032656.1,72698741,72522384,72522385,t,ta,1
NC_037334.1,NC_032656.1,72708081,72531101,72531104,C,CCAA,3
NC_037334.1,NC_032656.1,72775967,72491712,72491715,C,CCTA,3
NC_037334.1,NC_032656.1,72826003,72587515,72587516,A,AG,1
NC_037334.1,NC_032656.1,72859547,72623485,72623488,C,CCTT,3
NC_037334.1,NC_032656.1,72975183,72739033,72739034,c,ca,1
NC_037334.1,NC_032656.1,73042919,72806799,72806800,t,ta,1
NC_037334.1,NC_032656.1,73069763,72832854,72832855,G,GA,1
NC_037334.1,NC_032656.1,73088633,72851717,72851718,t,tg,1
NC_037334.1,NC_032656.1,73136617,72899713,72899714,G,GS,1
NC_037334.1,NC_032656.1,73137000,72900097,72900098,g,gt,1
NC_037334.1,NC_032656.1,73164290,72927389,72927390,c,ct,1
NC_037334.1,NC_032656.1,73337350,73100806,73100808,g,gNN,2
NC_037334.1,NC_032656.1,73496541,73310697,73310699,g,gaa,2
NC_037334.1,NC_032656.1,73537055,73351002,73351014,a,aaaNNNNNNNNNN,12
NC_037334.1,NC_032656.1,73584741,73395016,73395017,C,CY,1
NC_037334.1,NC_032656.1,73596549,73406830,73406831,T,TW,1
NC_037334.1,NC_032656.1,73606559,73416545,73416547,T,TCA,2
NC_037334.1,NC_032656.1,73606559,73527371,73527373,T,TCA,2
NC_037334.1,NC_032656.1,73629475,73550287,73550288,t,ta,1
NC_037334.1,NC_032656.1,73690593,73487449,73487466,c,caaccccatggactgcag,17
NC_037334.1,NC_032656.1,73693939,73490812,73490814,a,acc,2
NC_037334.1,NC_032656.1,73751481,73600491,73600502,g,gtattaANNNNN,11
NC_037334.1,NC_032656.1,73879112,73728075,73728076,T,TY,1
NC_037334.1,NC_032656.1,73971969,73820812,73820813,T,TY,1
NC_037334.1,NC_032656.1,74044854,73893668,73893669,T,TC,1
NC_037334.1,NC_032656.1,74067423,73916638,73916646,g,gtgtgtgtc,8
NC_037334.1,NC_032656.1,74237274,74086197,74086198,T,TC,1
NC_037334.1,NC_032656.1,74238951,74087875,74087876,T,TA,1
NC_037334.1,NC_032656.1,74253245,74102172,74102178,a,aNNNNNN,6
NC_037334.1,NC_032656.1,74257654,74106592,74106593,A,AR,1
NC_037334.1,NC_032656.1,74485738,74429076,74429078,t,tNN,2
NC_037334.1,NC_032656.1,74496391,74440205,74440206,T,TC,1
NC_037334.1,NC_032656.1,74524261,74468076,74468079,g,gtgT,3
NC_037334.1,NC_032656.1,74533121,74476419,74476420,T,TY,1
NC_037334.1,NC_032656.1,74535156,74478455,74478456,c,ca,1
NC_037334.1,NC_032656.1,74536101,74479401,74479402,a,ac,1
NC_037334.1,NC_032656.1,74536280,74479582,74479586,a,agggg,4
NC_037334.1,NC_032656.1,74540370,74483673,74483674,A,AT,1
NC_037334.1,NC_032656.1,74576993,74520075,74520076,a,ag,1
NC_037334.1,NC_032656.1,74577014,74520097,74520098,c,ca,1
NC_037334.1,NC_032656.1,74703277,74713970,74713973,A,ACTT,3
NC_037334.1,NC_032656.1,74703304,74714000,74714001,t,tc,1
NC_037334.1,NC_032656.1,74706384,74717282,74717283,g,gc,1
NC_037334.1,NC_032656.1,74707788,74718878,74718882,c,ctcta,4
NC_037334.1,NC_032656.1,74710189,74721283,74721284,g,ga,1
NC_037334.1,NC_032656.1,74711835,74722838,74722839,A,AT,1
NC_037334.1,NC_032656.1,74794243,74805217,74805218,c,ca,1
NC_037334.1,NC_032656.1,74827758,74838820,74838821,G,GC,1
NC_037334.1,NC_032656.1,74855398,74882093,74882097,a,aaatg,4
NC_037334.1,NC_032656.1,74860305,74887001,74887032,T,TNNNNNNNNNNNNNNGCCTCCAAGTCAGAGGA,31
NC_037334.1,NC_032656.1,74867535,74894254,74894262,A,AATGATTGC,8
NC_037334.1,NC_032656.1,74869864,74896586,74896587,a,at,1
NC_037334.1,NC_032656.1,74870464,74897187,74897194,G,GGAAGAAT,7
NC_037334.1,NC_032656.1,74870518,74897248,74897249,T,TG,1
NC_037334.1,NC_032656.1,74876841,74903659,74903660,T,TG,1
NC_037334.1,NC_032656.1,74877417,74904197,74904198,A,AG,1
NC_037334.1,NC_032656.1,74886821,74913619,74913620,T,TC,1
NC_037334.1,NC_032656.1,74892885,74920267,74920268,t,tc,1
NC_037334.1,NC_032656.1,74893144,74920527,74920528,T,TW,1
NC_037334.1,NC_032656.1,74895712,74923108,74923113,T,TAACTC,5
NC_037334.1,NC_032656.1,74903611,74931018,74931019,c,ct,1
NC_037334.1,NC_032656.1,74903618,74931026,74931027,c,ct,1
NC_037334.1,NC_032656.1,74926396,74953818,74953820,a,aag,2
NC_037334.1,NC_032656.1,74969538,74996964,74996966,t,ttc,2
NC_037334.1,NC_032656.1,75023485,75050913,75050914,a,ag,1
NC_037334.1,NC_032656.1,75023491,75050920,75050921,a,ag,1
NC_037334.1,NC_032656.1,75041209,75068645,75068648,C,CTAA,3
NC_037334.1,NC_032656.1,75111925,75139973,75139974,t,ta,1
NC_037334.1,NC_032656.1,75177543,75205597,75205598,g,gc,1
NC_037334.1,NC_032656.1,75288591,75316643,75316645,t,tNN,2
NC_037334.1,NC_032656.1,75398152,75487691,75487692,T,TK,1
NC_037334.1,NC_032656.1,75437371,75526911,75526914,t,tttg,3
NC_037334.1,NC_032656.1,75605508,75696639,75696643,g,ggggK,4
NC_037334.1,NC_032656.1,75642496,75733640,75733641,a,at,1
NC_037334.1,NC_032656.1,75658658,75749809,75749810,A,AC,1
NC_037334.1,NC_032656.1,75664330,75755487,75755488,G,GT,1
NC_037334.1,NC_032656.1,75665740,75756896,75756897,T,TY,1
NC_037334.1,NC_032656.1,75685390,75776516,75776521,g,gactga,5
NC_037334.1,NC_032656.1,75717056,75808203,75808204,a,aM,1
NC_037334.1,NC_032656.1,75748602,75839753,75839754,g,ga,1
NC_037334.1,NC_032656.1,75763425,75854580,75854582,t,tac,2
NC_037334.1,NC_032656.1,75781572,75872735,75872736,T,TG,1
NC_037334.1,NC_032656.1,75839416,75930415,75930416,T,TW,1
NC_037334.1,NC_032656.1,75839530,75930530,75930531,g,ga,1
NC_037334.1,NC_032656.1,75840052,75931047,75931048,g,gc,1
NC_037334.1,NC_032656.1,75857025,75947620,75947621,a,ac,1
NC_037334.1,NC_032656.1,75859029,75949624,75949625,c,ca,1
NC_037334.1,NC_032656.1,75869184,75959780,75959789,c,ctcctgcatt,9
NC_037334.1,NC_032656.1,75877845,75967990,75967991,A,AG,1
NC_037334.1,NC_032656.1,75879201,75969347,75969348,C,CA,1
NC_037334.1,NC_032656.1,75891089,75981235,75981236,C,CT,1
NC_037334.1,NC_032656.1,76237948,76332671,76332672,t,ta,1
NC_037334.1,NC_032656.1,76243606,76338330,76338333,c,cctt,3
NC_037334.1,NC_032656.1,76262171,76356900,76356902,a,aNN,2
NC_037334.1,NC_032656.1,76316780,76411498,76411499,t,ta,1
NC_037334.1,NC_032656.1,76383631,76478353,76478354,t,ta,1
NC_037334.1,NC_032656.1,76400585,76495309,76495311,T,TAR,2
NC_037334.1,NC_032656.1,76435098,76530595,76530596,t,ta,1
NC_037334.1,NC_032656.1,76445693,76541190,76541191,T,TA,1
NC_037334.1,NC_032656.1,76445693,76752210,76752211,T,TA,1
NC_037334.1,NC_032656.1,76450186,76545675,76545677,a,aNN,2
NC_037334.1,NC_032656.1,76452116,76547612,76547613,a,ag,1
NC_037334.1,NC_032656.1,76490372,76797502,76797511,T,TAAATNNNNN,9
NC_037334.1,NC_032656.1,76491345,76798485,76798486,a,ag,1
NC_037334.1,NC_032656.1,76491345,76588174,76588175,a,ag,1
NC_037334.1,NC_032656.1,76498404,76805544,76805545,t,tc,1
NC_037334.1,NC_032656.1,76506780,76597678,76597679,a,at,1
NC_037334.1,NC_032656.1,76509040,76599944,76599954,a,attattttttt,10
NC_037334.1,NC_032656.1,76509040,76636837,76636847,a,attattttttt,10
NC_037334.1,NC_032656.1,76521165,76612078,76612079,T,TA,1
NC_037334.1,NC_032656.1,76521209,76612123,76612124,A,AG,1
NC_037334.1,NC_032656.1,76528442,76656250,76656252,c,ctt,2
NC_037334.1,NC_032656.1,76528598,76656408,76656409,t,tg,1
NC_037334.1,NC_032656.1,76532685,76660496,76660497,g,gt,1
NC_037334.1,NC_032656.1,76537243,76665054,76665055,a,at,1
NC_037334.1,NC_032656.1,76542384,76670196,76670197,C,CM,1
NC_037334.1,NC_032656.1,76544150,76671963,76671964,G,GT,1
NC_037334.1,NC_032656.1,76548972,76676769,76676770,a,ac,1
NC_037334.1,NC_032656.1,76572937,76702001,76702002,C,CT,1
NC_037334.1,NC_032656.1,76582798,76711865,76711866,a,at,1
NC_037334.1,NC_032656.1,76604320,76737424,76737425,A,AC,1
NC_037334.1,NC_032656.1,76688515,77376838,77376839,t,tg,1
NC_037334.1,NC_032656.1,76696830,77385150,77385152,A,AAT,2
NC_037334.1,NC_032656.1,76714205,77402528,77402536,g,ggtccctat,8
NC_037334.1,NC_032656.1,76720517,77408848,77408849,T,TY,1
NC_037334.1,NC_032656.1,76725104,77413429,77413433,C,CACAT,4
NC_037334.1,NC_032656.1,76777186,77466496,77466497,A,AT,1
NC_037334.1,NC_032656.1,76777930,77467241,77467243,T,TTC,2
NC_037334.1,NC_032656.1,76789527,77479220,77479221,g,ga,1
NC_037334.1,NC_032656.1,76799857,77489506,77489508,a,aac,2
NC_037334.1,NC_032656.1,76804848,77494501,77494505,t,tacac,4
NC_037334.1,NC_032656.1,76828647,77518309,77518310,g,ga,1
NC_037334.1,NC_032656.1,76879903,77584750,77584751,A,AC,1
NC_037334.1,NC_032656.1,76887725,77592575,77592576,t,ta,1
NC_037334.1,NC_032656.1,76892654,77597522,77597524,c,cca,2
NC_037334.1,NC_032656.1,76894786,77600115,77600116,T,TA,1
NC_037334.1,NC_032656.1,76896387,77601716,77601717,a,ac,1
NC_037334.1,NC_032656.1,76900359,77605681,77605683,t,tca,2
NC_037334.1,NC_032656.1,76900607,77605931,77605932,t,tg,1
NC_037334.1,NC_032656.1,76901606,77606932,77606933,A,AW,1
NC_037334.1,NC_032656.1,76905611,77610942,77610943,g,gR,1
NC_037334.1,NC_032656.1,76912101,77617432,77617433,G,GA,1
NC_037334.1,NC_032656.1,76914094,77619420,77619421,t,tc,1
NC_037334.1,NC_032656.1,76915643,77620991,77621000,A,ATCTTTTTCC,9
NC_037334.1,NC_032656.1,76919012,77624369,77624370,g,ga,1
NC_037334.1,NC_032656.1,76927239,77629690,77629691,g,gR,1
NC_037334.1,NC_032656.1,76940398,77642712,77642715,G,GATT,3
NC_037334.1,NC_032656.1,76972687,77675015,77675016,t,tc,1
NC_037334.1,NC_032656.1,77014323,77736203,77736204,G,GR,1
NC_037334.1,NC_032656.1,77058445,77780419,77780421,t,tta,2
NC_037334.1,NC_032656.1,77061797,77783764,77783765,g,gt,1
NC_037334.1,NC_032656.1,77065088,77787126,77787130,T,TCTAA,4
NC_037334.1,NC_032656.1,77066085,77788127,77788128,G,GK,1
NC_037334.1,NC_032656.1,77083979,77806028,77806029,T,TG,1
NC_037334.1,NC_032656.1,77114002,77836437,77836440,C,CAAT,3
NC_037334.1,NC_032656.1,77160050,77882675,77882676,A,AC,1
NC_037334.1,NC_032656.1,77251398,77980729,77980731,t,tac,2
NC_037334.1,NC_032656.1,77271018,78000353,78000354,C,CT,1
NC_037334.1,NC_032656.1,77274100,78003435,78003437,c,ctt,2
NC_037334.1,NC_032656.1,77277073,78006406,78006407,c,ca,1
NC_037334.1,NC_032656.1,77412471,78167221,78167224,g,gtta,3
NC_037334.1,NC_032656.1,77429592,78184344,78184382,a,aatatatatatatatatatatatatatatatatatatat,38
NC_037334.1,NC_032656.1,77435392,78190181,78190182,c,ct,1
NC_037334.1,NC_032656.1,77436022,78190811,78190812,g,ga,1
NC_037334.1,NC_032656.1,77460792,78215569,78215593,T,TATAGTTTGTTTTCATTGCTATATA,24
NC_037334.1,NC_032656.1,77498903,78253729,78253731,t,tta,2
NC_037334.1,NC_032656.1,77513186,78268013,78268014,T,TC,1
NC_037334.1,NC_032656.1,77614698,78369578,78369579,T,TG,1
NC_037334.1,NC_032656.1,77823348,78493562,78493563,a,at,1
NC_037334.1,NC_032656.1,77924639,78597351,78597356,G,GATAAA,5
NC_037334.1,NC_032656.1,77925611,78598323,78598325,g,gtc,2
NC_037334.1,NC_032656.1,77930426,78603140,78603146,g,gtgtata,6
NC_037334.1,NC_032656.1,77967334,78641965,78641966,g,ga,1
NC_037334.1,NC_032656.1,77996919,78673612,78673613,c,cg,1
NC_037334.1,NC_032656.1,78002790,78682357,78682359,t,tta,2
NC_037334.1,NC_032656.1,78193221,78872867,78872868,a,ag,1
NC_037334.1,NC_032656.1,78236834,78916484,78916485,c,ct,1
NC_037334.1,NC_032656.1,78425647,79109758,79109759,t,tg,1
NC_037334.1,NC_032656.1,78481065,79167203,79167204,C,CA,1
NC_037334.1,NC_032656.1,78688937,79388004,79388005,a,ag,1
NC_037334.1,NC_032656.1,78878801,79577876,79577877,t,tc,1
NC_037334.1,NC_032656.1,78903955,79603033,79603034,a,aM,1
NC_037334.1,NC_032656.1,79008458,79708129,79708130,C,CM,1
NC_037334.1,NC_032656.1,79066917,79766587,79766588,t,tY,1
NC_037334.1,NC_032656.1,79076392,79776063,79776064,G,GT,1
NC_037334.1,NC_032656.1,79338895,80036993,80036994,T,TA,1
NC_037334.1,NC_032656.1,79382712,80080841,80080842,a,at,1
NC_037334.1,NC_032656.1,79400134,80098199,80098200,G,GC,1
NC_037334.1,NC_032656.1,79505871,80203911,80203913,A,AAG,2
NC_037334.1,NC_032656.1,79508771,80206812,80206833,g,ggcgttaGTTTACCTNNNNNNN,21
NC_037334.1,NC_032656.1,79598531,80296956,80296957,A,AG,1
NC_037334.1,NC_032656.1,79631648,80330070,80330076,a,aatccct,6
NC_037334.1,NC_032656.1,79653920,80352354,80352358,t,tacac,4
NC_037334.1,NC_032656.1,79653944,80352382,80352386,t,tatNN,4
NC_037334.1,NC_032656.1,79729393,80427916,80427917,A,AG,1
NC_037334.1,NC_032656.1,79736530,80435061,80435064,a,aagg,3
NC_037334.1,NC_032656.1,79736533,80435067,80435068,c,ct,1
NC_037334.1,NC_032656.1,79736543,80435078,80435079,c,ct,1
NC_037334.1,NC_032656.1,79740233,80438769,80438773,g,gcttt,4
NC_037334.1,NC_032656.1,79766324,80464865,80464866,T,TC,1
NC_037334.1,NC_032656.1,79772038,80470574,80470575,t,tc,1
NC_037334.1,NC_032656.1,79882741,80581562,80581563,T,TC,1
NC_037334.1,NC_032656.1,79899704,80598562,80598563,g,gt,1
NC_037334.1,NC_032656.1,79903551,80602413,80602414,A,AG,1
NC_037334.1,NC_032656.1,79964097,80662983,80662985,c,cca,2
NC_037334.1,NC_032656.1,79983274,80682162,80682163,G,GR,1
NC_037334.1,NC_032656.1,79986223,80685114,80685116,T,TAA,2
NC_037334.1,NC_032656.1,79991327,80690220,80690221,g,ga,1
NC_037334.1,NC_032656.1,80135571,80833892,80833893,g,gt,1
NC_037334.1,NC_032656.1,80173499,80871813,80871821,t,tNNNNNNNN,8
NC_037334.1,NC_032656.1,80189719,80888042,80888043,A,AC,1
NC_037334.1,NC_032656.1,80219387,80917717,80917718,T,TY,1
NC_037334.1,NC_032656.1,80351586,81138623,81138624,t,tY,1
NC_037334.1,NC_032656.1,80428924,81084076,81084077,A,AT,1
NC_037334.1,NC_032656.1,80454387,81205113,81205114,A,AT,1
NC_037334.1,NC_032656.1,80454553,81205280,81205281,c,ct,1
NC_037334.1,NC_032656.1,80484687,81235414,81235437,C,CYGTATCAGCAGTGNNNNNNNNNN,23
NC_037334.1,NC_032656.1,80516111,81266893,81266894,A,AC,1
NC_037334.1,NC_032656.1,80555421,81306202,81306210,c,caaaagagt,8
NC_037334.1,NC_032656.1,80559409,81310221,81310222,c,cN,1
NC_037334.1,NC_032656.1,80559759,81310572,81310574,c,ctt,2
NC_037334.1,NC_032656.1,80564887,81318132,81318133,c,cY,1
NC_037334.1,NC_032656.1,80568548,81321794,81321795,T,TW,1
NC_037334.1,NC_032656.1,80588808,81342084,81342088,t,tatgg,4
NC_037334.1,NC_032656.1,80588830,81342110,81342112,c,cgt,2
NC_037334.1,NC_032656.1,80588835,81342117,81342118,g,gc,1
NC_037334.1,NC_032656.1,80588890,81342173,81342183,c,ctgtgtgtgta,10
NC_037334.1,NC_032656.1,80624111,81377955,81377958,t,tagg,3
NC_037334.1,NC_032656.1,80688441,81448517,81448518,c,ct,1
NC_037334.1,NC_032656.1,80691737,81451835,81451836,G,GA,1
NC_037334.1,NC_032656.1,80702431,81462528,81462529,a,at,1
NC_037334.1,NC_032656.1,80704601,81464700,81464704,c,cctaa,4
NC_037334.1,NC_032656.1,80796047,81556408,81556409,A,AG,1
NC_037334.1,NC_032656.1,80800266,81560628,81560629,A,AC,1
NC_037334.1,NC_032656.1,80830710,81591073,81591074,t,ta,1
NC_037334.1,NC_032656.1,80874265,81634630,81634631,t,tN,1
NC_037334.1,NC_032656.1,80980348,81766430,81766431,T,TK,1
NC_037334.1,NC_032656.1,80983839,81769923,81769924,G,GT,1
NC_037334.1,NC_032656.1,80999214,81785297,81785299,t,ttg,2
NC_037334.1,NC_032656.1,81049249,81840875,81840877,T,TCA,2
NC_037334.1,NC_032656.1,81049399,81841027,81841038,A,ATGACCTCTTCT,11
NC_037334.1,NC_032656.1,81055073,81846893,81846903,c,ccttgactaga,10
NC_037334.1,NC_032656.1,81165129,82001113,82001118,C,CAAGTT,5
NC_037334.1,NC_032656.1,81167008,82002997,82003011,c,cctggaaagtctgtT,14
NC_037334.1,NC_032656.1,81182751,82018755,82018756,g,gt,1
NC_037334.1,NC_032656.1,81240240,82078450,82078451,T,TG,1
NC_037334.1,NC_032656.1,81260405,82098622,82098626,a,aNNNN,4
NC_037334.1,NC_032656.1,81269654,82107875,82107876,t,tc,1
NC_037334.1,NC_032656.1,81315259,82153505,82153508,t,tagc,3
NC_037334.1,NC_032656.1,81353743,82191998,82191999,C,CM,1
NC_037334.1,NC_032656.1,81367687,82205945,82205947,a,aat,2
NC_037334.1,NC_032656.1,81368396,82206601,82206602,a,ag,1
NC_037334.1,NC_032656.1,81369755,82207952,82207954,t,tac,2
NC_037334.1,NC_032656.1,81372503,82210696,82210697,a,ac,1
NC_037334.1,NC_032656.1,81372889,82211083,82211087,t,tgata,4
NC_037334.1,NC_032656.1,81378344,82216535,82216536,t,tc,1
NC_037334.1,NC_032656.1,81401394,82239600,82239601,A,AR,1
NC_037334.1,NC_032656.1,81522805,82361093,82361094,t,ta,1
NC_037334.1,NC_032656.1,81549912,82388206,82388210,a,agagg,4
NC_037334.1,NC_032656.1,81551727,82390030,82390031,g,ga,1
NC_037334.1,NC_032656.1,81559708,82398018,82398019,T,TA,1
NC_037334.1,NC_032656.1,81560098,82398410,82398411,G,GT,1
NC_037334.1,NC_032656.1,81560181,82398494,82398495,a,at,1
NC_037334.1,NC_032656.1,81561051,82399366,82399367,g,ga,1
NC_037334.1,NC_032656.1,81562113,82400429,82400430,A,AT,1
NC_037334.1,NC_032656.1,81562279,82400596,82400597,G,GC,1
NC_037334.1,NC_032656.1,81590283,82428627,82428628,A,AR,1
NC_037334.1,NC_032656.1,81622867,82459412,82459413,c,ct,1
NC_037334.1,NC_032656.1,81709550,82545958,82545959,C,CA,1
NC_037334.1,NC_032656.1,81750501,82586643,82586646,t,tcaa,3
NC_037334.1,NC_032656.1,81932551,82785713,82785722,a,aaacagtggg,9
NC_037334.1,NC_032656.1,81936624,82789793,82789794,C,CG,1
NC_037334.1,NC_032656.1,81946563,82799734,82799737,T,TAGA,3
NC_037334.1,NC_032656.1,81952165,82805339,82805340,A,AT,1
NC_037334.1,NC_032656.1,81955542,82808720,82808726,g,gtgtata,6
NC_037334.1,NC_032656.1,81974189,82827358,82827359,A,AR,1
NC_037334.1,NC_032656.1,81975577,82828746,82828748,A,AGT,2
NC_037334.1,NC_032656.1,81982879,82836051,82836054,g,gaga,3
NC_037334.1,NC_032656.1,81987748,82840922,82840923,A,AR,1
NC_037334.1,NC_032656.1,81988074,82841249,82841250,A,AG,1
NC_037334.1,NC_032656.1,82030452,82883961,82883962,c,ct,1
NC_037334.1,NC_032656.1,82067624,82920545,82920546,C,CM,1
NC_037334.1,NC_032656.1,82261955,83115679,83115680,c,ct,1
NC_037334.1,NC_032656.1,82442639,83322929,83322930,T,TK,1
NC_037334.1,NC_032656.1,82490586,83366082,83366083,T,TY,1
NC_037334.1,NC_032656.1,82662122,83519639,83519640,T,TY,1
NC_037334.1,NC_032656.1,82752085,83610119,83610121,G,GCK,2
NC_037334.1,NC_032656.1,82862419,83720460,83720463,T,TTGA,3
NC_037334.1,NC_032656.1,83015865,83893002,83893003,G,GA,1
NC_037334.1,NC_032656.1,83091424,83967768,83967769,T,TC,1
NC_037334.1,NC_032656.1,83152877,84028930,84028932,a,aNN,2
NC_037334.1,NC_032656.1,83169831,84045879,84045880,t,tc,1
NC_037334.1,NC_032656.1,83194191,84070486,84070487,t,ta,1
NC_037334.1,NC_032656.1,83213321,84089620,84089621,t,tg,1
NC_037334.1,NC_032656.1,83213416,84089715,84089716,c,ca,1
NC_037334.1,NC_032656.1,83214876,84091176,84091177,A,AG,1
NC_037334.1,NC_032656.1,83304237,84181130,84181138,g,gtccatgga,8
NC_037334.1,NC_032656.1,83313195,84190097,84190098,t,tc,1
NC_037334.1,NC_032656.1,83313692,84190595,84190596,a,at,1
NC_037334.1,NC_032656.1,83328401,84205298,84205300,A,AAG,2
NC_037334.1,NC_032656.1,83335936,84270602,84270603,A,AT,1
NC_037334.1,NC_032656.1,83343145,84277807,84277808,T,TY,1
NC_037334.1,NC_032656.1,83352524,84287222,84287223,g,ga,1
NC_037334.1,NC_032656.1,83373932,84308649,84308652,t,ttta,3
NC_037334.1,NC_032656.1,83381240,84315958,84315959,G,GR,1
NC_037334.1,NC_032656.1,83388610,84323330,84323331,a,ag,1
NC_037334.1,NC_032656.1,83414629,84349345,84349346,A,AT,1
NC_037334.1,NC_032656.1,83548569,84481159,84481160,a,ac,1
NC_037334.1,NC_032656.1,83549510,84482101,84482102,t,tc,1
NC_037334.1,NC_032656.1,83625225,84557360,84557361,T,TA,1
NC_037334.1,NC_032656.1,83629445,84561588,84561590,t,taY,2
NC_037334.1,NC_032656.1,83633236,84565381,84565382,T,TM,1
NC_037334.1,NC_032656.1,83767840,84709844,84709846,A,AAC,2
NC_037334.1,NC_032656.1,83788886,84730817,84730839,T,TATCCTCTATTTTTAAGTGGATA,22
NC_037334.1,NC_032656.1,83792152,84734105,84734106,T,TA,1
NC_037334.1,NC_032656.1,83893786,84836301,84836304,A,AAAC,3
NC_037334.1,NC_032656.1,83896024,84838542,84838544,g,ggt,2
NC_037334.1,NC_032656.1,83951033,84892928,84892930,a,act,2
NC_037334.1,NC_032656.1,84059054,84999477,84999478,A,AR,1
NC_037334.1,NC_032656.1,84060665,85001089,85001090,c,ca,1
NC_037334.1,NC_032656.1,84064211,85004636,85004637,T,TY,1
NC_037334.1,NC_032656.1,84118455,85058822,85058823,t,tg,1
NC_037334.1,NC_032656.1,84140212,85080622,85080626,t,ttgtg,4
NC_037334.1,NC_032656.1,84143540,85083954,85083957,A,AATT,3
NC_037334.1,NC_032656.1,84144541,85084958,85084962,A,ATTGC,4
NC_037334.1,NC_032656.1,84145659,85086081,85086093,t,tggtgggctgccg,12
NC_037334.1,NC_032656.1,84150333,85090747,85090748,a,ag,1
NC_037334.1,NC_032656.1,84161876,85102287,85102291,A,ATCAG,4
NC_037334.1,NC_032656.1,84180062,85122905,85122907,A,AAC,2
NC_037334.1,NC_032656.1,84267209,85228730,85228731,t,ta,1
NC_037334.1,NC_032656.1,84284789,85246325,85246326,A,AT,1
NC_037334.1,NC_032656.1,84289476,85251016,85251017,C,CT,1
NC_037334.1,NC_032656.1,84356644,85318195,85318198,g,gcct,3
NC_037334.1,NC_032656.1,84356644,85414179,85414182,g,gcct,3
NC_037334.1,NC_032656.1,84451238,85430850,85430851,a,ag,1
NC_037334.1,NC_032656.1,84468610,85448225,85448227,G,GAC,2
NC_037334.1,NC_032656.1,84498669,85480804,85480805,c,ca,1
NC_037334.1,NC_032656.1,84516150,85498288,85498290,c,cct,2
NC_037334.1,NC_032656.1,84529345,85511325,85511326,C,CT,1
NC_037334.1,NC_032656.1,84529666,85511647,85511650,A,AAAC,3
NC_037334.1,NC_032656.1,84530545,85512532,85512533,T,TA,1
NC_037334.1,NC_032656.1,84563236,85576843,85576845,g,gac,2
NC_037334.1,NC_032656.1,84563364,85576973,85576976,g,gaac,3
NC_037334.1,NC_032656.1,84568113,85581723,85581724,T,TW,1
NC_037334.1,NC_032656.1,84578270,85591882,85591885,g,gaga,3
NC_037334.1,NC_032656.1,84579148,85592764,85592765,t,tg,1
NC_037334.1,NC_032656.1,84579528,85593145,85593147,c,caa,2
NC_037334.1,NC_032656.1,84581097,85594719,85594720,t,tc,1
NC_037334.1,NC_032656.1,84595802,85609422,85609423,a,ac,1
NC_037334.1,NC_032656.1,84597254,85610877,85610879,c,caa,2
NC_037334.1,NC_032656.1,84626983,85642616,85642617,T,TA,1
NC_037334.1,NC_032656.1,84636515,85652157,85652158,T,TG,1
NC_037334.1,NC_032656.1,84650184,85665828,85665829,T,TY,1
NC_037334.1,NC_032656.1,84662465,85678114,85678115,c,ct,1
NC_037334.1,NC_032656.1,84682337,85697818,85697819,t,ta,1
NC_037334.1,NC_032656.1,84682359,85697841,85697842,t,ta,1
NC_037334.1,NC_032656.1,84702737,85718224,85718225,t,tg,1
NC_037334.1,NC_032656.1,84731109,85746434,85746438,a,agagt,4
NC_037334.1,NC_032656.1,84745367,85760700,85760702,g,gat,2
NC_037334.1,NC_032656.1,84745611,85760946,85760947,c,ca,1
NC_037334.1,NC_032656.1,84819481,85837036,85837037,C,CM,1
NC_037334.1,NC_032656.1,84828219,85845775,85845778,c,cttt,3
NC_037334.1,NC_032656.1,84854107,85871682,85871683,G,GR,1
NC_037334.1,NC_032656.1,84878240,85895813,85895816,a,aagg,3
NC_037334.1,NC_032656.1,84888505,85906077,85906078,c,ct,1
NC_037334.1,NC_032656.1,84922625,85940205,85940206,C,CA,1
NC_037334.1,NC_032656.1,84922716,85940295,85940296,C,CT,1
NC_037334.1,NC_032656.1,84932621,85950198,85950201,t,tgca,3
NC_037334.1,NC_032656.1,84958428,85976009,85976010,c,cg,1
NC_037334.1,NC_032656.1,84977992,85995578,85995583,g,gactga,5
NC_037334.1,NC_032656.1,84992927,86009690,86009692,c,cat,2
NC_037334.1,NC_032656.1,85011743,86028517,86028518,a,at,1
NC_037334.1,NC_032656.1,85011833,86028611,86028613,t,tag,2
NC_037334.1,NC_032656.1,85185858,86188517,86188518,c,ca,1
NC_037334.1,NC_032656.1,85198502,86200989,86200990,a,aN,1
NC_037334.1,NC_032656.1,85228462,86247923,86247924,t,tY,1
NC_037334.1,NC_032656.1,85238552,86259960,86259962,t,taa,2
NC_037334.1,NC_032656.1,85284380,86306328,86306329,a,ag,1
NC_037334.1,NC_032656.1,85284735,86306684,86306685,a,at,1
NC_037334.1,NC_032656.1,85290757,86312712,86312713,t,ta,1
NC_037334.1,NC_032656.1,85292213,86314167,86314176,c,cttatgaaTG,9
NC_037334.1,NC_032656.1,85296904,86318863,86318864,T,TG,1
NC_037334.1,NC_032656.1,85306928,86329137,86329138,a,at,1
NC_037334.1,NC_032656.1,85317387,86338598,86338599,a,aR,1
NC_037334.1,NC_032656.1,85317731,86338943,86338944,c,ct,1
NC_037334.1,NC_032656.1,85317811,86339022,86339023,c,ct,1
NC_037334.1,NC_032656.1,85318845,86340033,86340034,A,AC,1
NC_037334.1,NC_032656.1,85325295,86346091,86346094,a,aaaG,3
NC_037334.1,NC_032656.1,85353434,86375680,86375681,a,at,1
NC_037334.1,NC_032656.1,85353454,86375701,86375702,g,gK,1
NC_037334.1,NC_032656.1,85364702,86386951,86386952,t,ta,1
NC_037334.1,NC_032656.1,85366508,86388759,86388768,g,ggggaaaaaa,9
NC_037334.1,NC_032656.1,85376748,86398987,86398992,c,caaaaa,5
NC_037334.1,NC_032656.1,85383024,86405241,86405245,t,ttaaa,4
NC_037334.1,NC_032656.1,85503059,86525916,86525917,T,TA,1
NC_037334.1,NC_032656.1,85538228,86560890,86560892,a,atg,2
NC_037334.1,NC_032656.1,85575942,86603114,86603115,t,tc,1
NC_037334.1,NC_032656.1,85579402,86606585,86606591,t,tttttcc,6
NC_037334.1,NC_032656.1,85579433,86606622,86606623,T,TA,1
NC_037334.1,NC_032656.1,85597740,86624950,86624951,A,AC,1
NC_037334.1,NC_032656.1,85598526,86625740,86625743,T,TCTC,3
NC_037334.1,NC_032656.1,85610424,86637628,86637629,t,tK,1
NC_037334.1,NC_032656.1,85647912,86675131,86675132,c,ca,1
NC_037334.1,NC_032656.1,85705608,86733398,86733399,c,ct,1
NC_037334.1,NC_032656.1,85714769,86742589,86742590,a,ac,1
NC_037334.1,NC_032656.1,85789438,86817740,86817742,g,gtt,2
NC_037334.1,NC_032656.1,85797741,86826059,86826060,C,CA,1
NC_037334.1,NC_032656.1,85850227,86878545,86878546,A,AG,1
NC_037334.1,NC_032656.1,85885320,86913634,86913635,c,ca,1
NC_037334.1,NC_032656.1,85898688,86927004,86927005,A,AC,1
NC_037334.1,NC_032656.1,85928683,86957002,86957004,T,TTA,2
NC_037334.1,NC_032656.1,85933781,86962102,86962104,a,aag,2
NC_037334.1,NC_032656.1,85938754,86967082,86967083,g,ga,1
NC_037334.1,NC_032656.1,85938782,86967111,86967112,g,gt,1
NC_037334.1,NC_032656.1,85939876,86968206,86968208,c,cca,2
NC_037334.1,NC_032656.1,85941058,86969387,86969388,t,tc,1
NC_037334.1,NC_032656.1,85941217,86969544,86969545,g,gt,1
NC_037334.1,NC_032656.1,85942801,86971113,86971114,c,ct,1
NC_037334.1,NC_032656.1,85942989,86971302,86971303,t,tc,1
NC_037334.1,NC_032656.1,85945934,86974248,86974249,c,ct,1
NC_037334.1,NC_032656.1,85959536,86998888,86998891,t,tagc,3
NC_037334.1,NC_032656.1,85972054,87016104,87016107,a,aagg,3
NC_037334.1,NC_032656.1,85974476,87018526,87018528,t,tta,2
NC_037334.1,NC_032656.1,85986103,87030138,87030139,a,at,1
NC_037334.1,NC_032656.1,86016813,87060858,87060859,g,gt,1
NC_037334.1,NC_032656.1,86030038,87074090,87074092,a,att,2
NC_037334.1,NC_032656.1,86054553,87098608,87098609,a,ac,1
NC_037334.1,NC_032656.1,86057317,87101374,87101375,T,TC,1
NC_037334.1,NC_032656.1,86073511,87117579,87117580,T,TA,1
NC_037334.1,NC_032656.1,86085226,87129507,87129508,a,at,1
NC_037334.1,NC_032656.1,86086011,87130293,87130295,a,aat,2
NC_037334.1,NC_032656.1,86090222,87134519,87134522,A,AANN,3
NC_037334.1,NC_032656.1,86093442,87137744,87137755,t,ttgcatattgag,11
NC_037334.1,NC_032656.1,86098167,87142479,87142480,A,AG,1
NC_037334.1,NC_032656.1,86102414,87147043,87147044,a,aN,1
NC_037334.1,NC_032656.1,86104524,87149156,87149158,c,cag,2
NC_037334.1,NC_032656.1,86108939,87153573,87153577,C,CAAAN,4
NC_037334.1,NC_032656.1,86111651,87156293,87156294,c,ct,1
NC_037334.1,NC_032656.1,86112272,87156918,87156919,t,tg,1
NC_037334.1,NC_032656.1,86114004,87158641,87158651,g,gaactgatcta,10
NC_037334.1,NC_032656.1,86131554,87176211,87176213,c,cct,2
NC_037334.1,NC_032656.1,86184035,87275071,87275074,c,cttg,3
NC_037334.1,NC_032656.1,86188916,87279955,87279956,A,AT,1
NC_037334.1,NC_032656.1,86200445,87291486,87291488,C,CAG,2
NC_037334.1,NC_032656.1,86205372,87295769,87295771,a,aac,2
NC_037334.1,NC_032656.1,86247822,87338224,87338225,C,CY,1
NC_037334.1,NC_032656.1,86249685,87340086,87340087,G,GT,1
NC_037334.1,NC_032656.1,86263713,87354120,87354123,c,cttt,3
NC_037334.1,NC_032656.1,86263767,87354177,87354178,a,at,1
NC_037334.1,NC_032656.1,86263784,87354195,87354196,t,tc,1
NC_037334.1,NC_032656.1,86265042,87355454,87355456,a,act,2
NC_037334.1,NC_032656.1,86292144,87382189,87382190,A,AC,1
NC_037334.1,NC_032656.1,86300260,87401896,87401899,a,aaac,3
NC_037334.1,NC_032656.1,86310963,87412580,87412584,T,TAGAG,4
NC_037334.1,NC_032656.1,86326551,87428204,87428205,C,CG,1
NC_037334.1,NC_032656.1,86334285,87435934,87435935,a,ag,1
NC_037334.1,NC_032656.1,86335778,87437429,87437430,T,TY,1
NC_037334.1,NC_032656.1,86343961,87445548,87445549,A,AG,1
NC_037334.1,NC_032656.1,86354182,87455769,87455770,A,AC,1
NC_037334.1,NC_032656.1,86354289,87455877,87455879,g,gga,2
NC_037334.1,NC_032656.1,86355469,87457058,87457061,g,gaaa,3
NC_037334.1,NC_032656.1,86357468,87459058,87459059,g,ga,1
NC_037334.1,NC_032656.1,86388397,87489982,87489986,c,cccaa,4
NC_037334.1,NC_032656.1,86405530,87507142,87507144,T,TTA,2
NC_037334.1,NC_032656.1,86405530,87392195,87392197,T,TTA,2
NC_037334.1,NC_032656.1,86406719,87508333,87508334,g,ga,1
NC_037334.1,NC_032656.1,86435347,87535111,87535113,a,aNN,2
NC_037334.1,NC_032656.1,86438759,87538525,87538526,g,gc,1
NC_037334.1,NC_032656.1,86472499,87572305,87572306,t,ta,1
NC_037334.1,NC_032656.1,86474198,87573995,87573997,T,TCA,2
NC_037334.1,NC_032656.1,86480040,87579835,87579836,a,at,1
NC_037334.1,NC_032656.1,86482666,87582464,87582465,t,tc,1
NC_037334.1,NC_032656.1,86482692,87582491,87582492,T,TC,1
NC_037334.1,NC_032656.1,86485075,87584875,87584876,t,tc,1
NC_037334.1,NC_032656.1,86485091,87584892,87584893,a,ag,1
NC_037334.1,NC_032656.1,86485240,87585042,87585043,a,ag,1
NC_037334.1,NC_032656.1,86485300,87585103,87585104,g,gt,1
NC_037334.1,NC_032656.1,86485320,87585124,87585125,t,tg,1
NC_037334.1,NC_032656.1,86485354,87585159,87585160,t,tg,1
NC_037334.1,NC_032656.1,86525822,87604106,87604110,A,ATTSW,4
NC_037334.1,NC_032656.1,86534794,87613014,87613016,g,gac,2
NC_037334.1,NC_032656.1,86558123,87635745,87635747,a,acM,2
NC_037334.1,NC_032656.1,86632781,87739777,87739778,A,AG,1
NC_037334.1,NC_032656.1,86647090,87754133,87754155,a,aaaaatgaaagctgTCTTTTTCT,22
NC_037334.1,NC_032656.1,86647321,87754386,87754387,C,CT,1
NC_037334.1,NC_032656.1,86784579,87891601,87891603,G,GGA,2
NC_037334.1,NC_032656.1,86785839,87892859,87892866,a,agaaagag,7
NC_037334.1,NC_032656.1,86786826,87893854,87893855,T,TW,1
NC_037334.1,NC_032656.1,86787678,87894706,87894708,A,AAG,2
NC_037334.1,NC_032656.1,86790964,87897994,87897995,t,ta,1
NC_037334.1,NC_032656.1,86791768,87898801,87898803,a,atg,2
NC_037334.1,NC_032656.1,86791793,87898828,87898829,a,ac,1
NC_037334.1,NC_032656.1,86792458,87899494,87899495,A,AG,1
NC_037334.1,NC_032656.1,86799082,87906122,87906123,A,AT,1
NC_037334.1,NC_032656.1,86803070,87910107,87910108,C,CT,1
NC_037334.1,NC_032656.1,86833486,87940533,87940535,a,act,2
NC_037334.1,NC_032656.1,86869382,87976446,87976447,T,TW,1
NC_037334.1,NC_032656.1,86869564,87976626,87976627,g,ga,1
NC_037334.1,NC_032656.1,86875903,87983012,87983013,C,CY,1
NC_037334.1,NC_032656.1,86949090,88056617,88056618,t,ta,1
NC_037334.1,NC_032656.1,86966014,88073464,88073467,c,cact,3
NC_037334.1,NC_032656.1,86980168,88087621,88087622,A,AC,1
NC_037334.1,NC_032656.1,87043816,88151283,88151285,c,cct,2
NC_037334.1,NC_032656.1,87047421,88154890,88154891,C,CT,1
NC_037334.1,NC_032656.1,87052888,88160361,88160362,A,AG,1
NC_037334.1,NC_032656.1,87076314,88183776,88183777,A,AG,1
NC_037334.1,NC_032656.1,87076725,88184186,88184192,C,CTAAGAA,6
NC_037334.1,NC_032656.1,87080561,88188028,88188040,a,accccatagacgg,12
NC_037334.1,NC_032656.1,87089486,88196967,88196968,A,AC,1
NC_037334.1,NC_032656.1,87092027,88199533,88199534,A,AW,1
NC_037334.1,NC_032656.1,87105000,88212292,88212293,g,gS,1
NC_037334.1,NC_032656.1,87123241,88230534,88230535,T,TW,1
NC_037334.1,NC_032656.1,87337487,88444410,88444412,c,cag,2
NC_037334.1,NC_032656.1,87337778,88444703,88444704,g,gc,1
NC_037334.1,NC_032656.1,87338550,88445482,88445483,a,ac,1
NC_037334.1,NC_032656.1,87353350,88460285,88460286,T,TK,1
NC_037334.1,NC_032656.1,87385977,88492917,88492918,T,TC,1
NC_037334.1,NC_032656.1,87431036,88537980,88537983,t,ttaa,3
NC_037334.1,NC_032656.1,87463328,88570255,88570256,A,AC,1
NC_037334.1,NC_032656.1,87527333,88635825,88635826,T,TC,1
NC_037334.1,NC_032656.1,87642252,88750509,88750515,a,aNNNNNN,6
NC_037334.1,NC_032656.1,87664631,88772893,88772894,A,AG,1
NC_037334.1,NC_032656.1,87666763,88775029,88775031,c,cta,2
NC_037334.1,NC_032656.1,87669466,88777730,88777732,A,AAT,2
NC_037334.1,NC_032656.1,87679975,88788283,88788284,G,GR,1
NC_037334.1,NC_032656.1,87691387,88799708,88799718,a,aNNNNNNNNNN,10
NC_037334.1,NC_032656.1,87748113,88856566,88856567,G,GS,1
NC_037334.1,NC_032656.1,87774563,88883021,88883022,T,TC,1
NC_037334.1,NC_032656.1,87779222,88887681,88887682,g,gt,1
NC_037334.1,NC_032656.1,87789179,88897638,88897639,G,GT,1
NC_037334.1,NC_032656.1,87797506,88905968,88905969,T,TA,1
NC_037334.1,NC_032656.1,87814332,88922781,88922782,c,ct,1
NC_037334.1,NC_032656.1,87816607,88925055,88925056,t,tg,1
NC_037334.1,NC_032656.1,87840714,88950945,88950948,T,TCTC,3
NC_037334.1,NC_032656.1,87843198,88953432,88953434,T,TAA,2
NC_037334.1,NC_032656.1,87866758,88977003,88977004,t,tg,1
NC_037334.1,NC_032656.1,88045983,89157334,89157335,g,gc,1
NC_037334.1,NC_032656.1,88045987,89157339,89157340,T,TG,1
NC_037334.1,NC_032656.1,88109857,89221222,89221223,g,ga,1
NC_037334.1,NC_032656.1,88176052,89287418,89287422,A,AGAAT,4
NC_037334.1,NC_032656.1,88205070,89316441,89316442,G,GT,1
NC_037334.1,NC_032656.1,88243392,89355195,89355196,T,TG,1
NC_037334.1,NC_032656.1,88375589,89487329,89487331,c,cgt,2
NC_037334.1,NC_032656.1,88420765,89532417,89532418,t,ta,1
NC_037334.1,NC_032656.1,88504927,89615751,89615753,C,CAA,2
NC_037334.1,NC_032656.1,88595571,89706196,89706197,a,at,1
NC_037334.1,NC_032656.1,88817658,89928338,89928352,A,AGTAGGATAACTAGC,14
NC_037334.1,NC_032656.1,89122317,90173635,90173636,t,tg,1
NC_037334.1,NC_032656.1,89455080,90506280,90506281,A,AC,1
NC_037334.1,NC_032656.1,89574741,90625935,90625936,a,ac,1
NC_037334.1,NC_032656.1,89574978,90626173,90626174,g,gt,1
NC_037334.1,NC_032656.1,90031433,91082341,91082342,g,gt,1
NC_037334.1,NC_032656.1,90141438,91192372,91192373,T,TC,1
NC_037334.1,NC_032656.1,90141470,91192405,91192407,t,ttc,2
NC_037334.1,NC_032656.1,90202569,91253691,91253692,A,AW,1
NC_037334.1,NC_032656.1,90255822,91306944,91306945,A,AC,1
NC_037334.1,NC_032656.1,90312524,91363647,91363655,A,AAAGCTYTC,8
NC_037334.1,NC_032656.1,90512955,91596177,91596178,g,gc,1
NC_037334.1,NC_032656.1,90578011,91662563,91662565,a,agg,2
NC_037334.1,NC_032656.1,90588220,91672780,91672782,a,aNN,2
NC_037334.1,NC_032656.1,90650536,91734974,91734977,T,TTAA,3
NC_037334.1,NC_032656.1,91183267,92275644,92275645,c,cg,1
NC_037334.1,NC_032656.1,91281798,92406030,92406031,G,GS,1
NC_037334.1,NC_032656.1,91299658,92423890,92423892,c,cat,2
NC_037334.1,NC_032656.1,91371622,92495829,92495831,c,ctt,2
NC_037334.1,NC_032656.1,91373420,92497629,92497630,a,ac,1
NC_037334.1,NC_032656.1,91377091,92501302,92501303,c,ct,1
NC_037334.1,NC_032656.1,91377459,92501671,92501672,t,tg,1
NC_037334.1,NC_032656.1,91383073,92507226,92507228,t,taa,2
NC_037334.1,NC_032656.1,91507106,92631065,92631067,g,gtt,2
NC_037334.1,NC_032656.1,91546973,92691703,92691706,g,ggAT,3
NC_037334.1,NC_032656.1,91773594,92945361,92945362,T,TA,1
NC_037334.1,NC_032656.1,91786260,92958028,92958029,A,AC,1
NC_037334.1,NC_032656.1,91808152,92979917,92979918,A,AC,1
NC_037334.1,NC_032656.1,91829485,93001067,93001068,G,GN,1
NC_037334.1,NC_032656.1,91831350,93002933,93002936,c,catg,3
NC_037334.1,NC_032656.1,91845805,93017390,93017391,t,tg,1
NC_037334.1,NC_032656.1,91845851,93017437,93017441,a,agatN,4
NC_037334.1,NC_032656.1,91847455,93019045,93019048,G,GNNN,3
NC_037334.1,NC_032656.1,91851240,93022833,93022835,a,aNN,2
NC_037334.1,NC_032656.1,92009561,93173767,93173768,a,at,1
NC_037334.1,NC_032656.1,92025623,93189831,93189833,a,aNN,2
NC_037334.1,NC_032656.1,92192631,93358234,93358235,t,tg,1
NC_037334.1,NC_032656.1,92192642,93358246,93358247,t,ta,1
NC_037334.1,NC_032656.1,92192706,93358311,93358312,c,ca,1
NC_037334.1,NC_032656.1,92704770,93870378,93870379,T,TK,1
NC_037334.1,NC_032656.1,93066582,94257415,94257416,A,AM,1
NC_037334.1,NC_032656.1,93132604,94340775,94340776,a,ag,1
NC_037334.1,NC_032656.1,93141494,94349666,94349667,G,GK,1
NC_037334.1,NC_032656.1,93216917,94425092,94425098,t,ttggaga,6
NC_037334.1,NC_032656.1,93216947,94425128,94425129,g,ga,1
NC_037334.1,NC_032656.1,93217223,94425405,94425407,g,gaa,2
NC_037334.1,NC_032656.1,93222536,94430720,94430721,g,gc,1
NC_037334.1,NC_032656.1,93419286,94627001,94627003,t,ttg,2
NC_037334.1,NC_032656.1,93522630,94730347,94730348,T,TW,1
NC_037334.1,NC_032656.1,93580136,94787854,94787855,g,ga,1
NC_037334.1,NC_032656.1,93649720,94857450,94857451,C,CA,1
NC_037334.1,NC_032656.1,93735876,94943229,94943230,t,tg,1
NC_037334.1,NC_032656.1,93880292,95087514,95087515,G,GA,1
NC_037334.1,NC_032656.1,93952427,95159758,95159759,C,CG,1
NC_037334.1,NC_032656.1,94029288,95247905,95247906,t,tc,1
NC_037334.1,NC_032656.1,94046518,95265136,95265139,t,ttcc,3
NC_037334.1,NC_032656.1,94062811,95281431,95281432,g,gc,1
NC_037334.1,NC_032656.1,94281957,95502010,95502011,C,CS,1
NC_037334.1,NC_032656.1,94282023,95502079,95502080,T,TA,1
NC_037334.1,NC_032656.1,94386335,95610860,95610864,T,TCAAA,4
NC_037334.1,NC_032656.1,94433077,95657608,95657609,T,TY,1
NC_037334.1,NC_032656.1,94433109,95657641,95657642,C,CM,1
NC_037334.1,NC_032656.1,94543614,95768182,95768183,C,CG,1
NC_037334.1,NC_032656.1,94769116,95992952,95992953,A,AM,1
NC_037334.1,NC_032656.1,94983444,96203433,96203434,C,CT,1
NC_037334.1,NC_032656.1,95702279,96977114,96977115,t,ta,1
NC_037334.1,NC_032656.1,95712987,96987148,96987152,a,aaaaN,4
NC_037334.1,NC_032656.1,95745366,97019824,97019825,T,TG,1
NC_037334.1,NC_032656.1,95750261,97024722,97024723,C,CA,1
NC_037334.1,NC_032656.1,95751081,97025543,97025545,a,att,2
NC_037334.1,NC_032656.1,95776202,97051981,97051982,T,TK,1
NC_037334.1,NC_032656.1,95955632,97230941,97230942,G,GK,1
NC_037334.1,NC_032656.1,96108681,97384342,97384343,a,at,1
NC_037334.1,NC_032656.1,96372620,97659764,97659766,a,aag,2
NC_037334.1,NC_032656.1,96385934,97673097,97673098,a,at,1
NC_037334.1,NC_032656.1,96601922,97891415,97891418,g,ggaa,3
NC_037334.1,NC_032656.1,96687010,98013785,98013789,A,ATCCT,4
NC_037334.1,NC_032656.1,96703629,98030406,98030410,t,taaaa,4
NC_037334.1,NC_032656.1,96760134,98086907,98086908,t,tg,1
NC_037334.1,NC_032656.1,96912003,98235009,98235023,c,ctgKgtgtgtgtgtg,14
NC_037334.1,NC_032656.1,96942941,98276024,98276026,g,gca,2
NC_037334.1,NC_032656.1,96967780,98302633,98302635,T,TAA,2
NC_037334.1,NC_032656.1,96992657,98327511,98327515,A,ATTCT,4
NC_037334.1,NC_032656.1,97151786,98486154,98486156,t,tac,2
NC_037334.1,NC_032656.1,97558800,98898959,98899069,T,TTAAACTTCATGTTAGATAAAATTCACTGTTTCTGGATCGTGTTGCGGGNNNNNNNNNNNNNNNNNNNNNNNTCTTGGAATGTGGTGTCCTTACCCTTATGTCACTATCTC,110
NC_037334.1,NC_032656.1,97646503,99007241,99007243,a,atg,2
NC_037334.1,NC_032656.1,97699463,99060351,99060353,c,caa,2
NC_037334.1,NC_032656.1,97874083,99235759,99235761,a,aNN,2
NC_037334.1,NC_032656.1,97931335,99303599,99303606,C,CATTAGTG,7
NC_037334.1,NC_032656.1,97940511,99312783,99312784,a,at,1
NC_037334.1,NC_032656.1,97940610,99312883,99312884,c,ct,1
NC_037334.1,NC_032656.1,98006789,99379071,99379072,A,AG,1
NC_037334.1,NC_032656.1,98162993,99533928,99533929,t,tg,1
NC_037334.1,NC_032656.1,98163768,99535065,99535066,a,ac,1
NC_037334.1,NC_032656.1,98445661,23763947,23763951,t,tagtg,4
NC_037334.1,NC_032656.1,98445900,23764190,23764191,c,ct,1
NC_037334.1,NC_032656.1,98462887,99855000,99855001,A,AM,1
NC_037334.1,NC_032656.1,98517915,99910053,99910054,t,ta,1
NC_037334.1,NC_032656.1,98573247,99965385,99965387,a,aNN,2
NC_037334.1,NC_032656.1,98782611,100165951,100165952,c,ct,1
NC_037334.1,NC_032656.1,98803995,100187334,100187335,a,at,1
NC_037334.1,NC_032656.1,98804477,100187817,100187818,a,ac,1
NC_037334.1,NC_032656.1,98846911,100230401,100230403,t,tNN,2
NC_037334.1,NC_032656.1,98907163,100290656,100290657,t,tN,1
NC_037334.1,NC_032656.1,98913185,100296694,100296695,g,gt,1
NC_037334.1,NC_032656.1,98944439,100331543,100331544,g,gc,1
NC_037334.1,NC_032656.1,98962964,100350069,100350070,A,AW,1
NC_037334.1,NC_032656.1,98985271,100372365,100372366,g,ga,1
NC_037334.1,NC_032656.1,99039568,100426662,100426663,t,tg,1
NC_037334.1,NC_032656.1,99085574,100472958,100472974,G,GAGNNNNNNNNNNNNNN,16
NC_037334.1,NC_032656.1,99102927,100490570,100490571,t,ta,1
NC_037334.1,NC_032656.1,99140967,100528424,100528425,G,GA,1
NC_037334.1,NC_032656.1,99180668,100568124,100568141,g,gaaatggattaaagacct,17
NC_037334.1,NC_032656.1,99218200,100605676,100605678,C,Cct,2
NC_037334.1,NC_032656.1,99254790,100644495,100644496,c,ca,1
NC_037334.1,NC_032656.1,99267218,100658424,100658425,t,tc,1
NC_037334.1,NC_032656.1,99273856,100665063,100665069,t,tNNNNNN,6
NC_037334.1,NC_032656.1,99297210,100688425,100688426,t,ta,1
NC_037334.1,NC_032656.1,99303953,100695171,100695172,t,ta,1
NC_037334.1,NC_032656.1,99375437,100766603,100766604,g,gt,1
NC_037334.1,NC_032656.1,99492849,100883982,100883984,g,gct,2
NC_037334.1,NC_032656.1,99493133,100884268,100884269,g,ga,1
NC_037334.1,NC_032656.1,99650604,101041468,101041469,G,GS,1
NC_037334.1,NC_032656.1,99650611,101041476,101041477,A,AT,1
NC_037334.1,NC_032656.1,99650623,101041489,101041490,C,CA,1
NC_037334.1,NC_032656.1,99650665,101041532,101041533,g,gt,1
NC_037334.1,NC_032656.1,99674082,101064950,101064951,g,ga,1
NC_037334.1,NC_032656.1,99814670,101205928,101205929,A,AG,1
NC_037334.1,NC_032656.1,99934043,101361490,101361491,t,tc,1
NC_037334.1,NC_032656.1,100009154,101436449,101436450,A,AG,1
NC_037334.1,NC_032656.1,100073587,101498434,101498435,g,gt,1
NC_037334.1,NC_032656.1,100130415,101555254,101555255,c,ca,1
NC_037334.1,NC_032656.1,100135029,101559874,101559875,C,CN,1
NC_037334.1,NC_032656.1,100147144,101571984,101571985,A,AM,1
NC_037334.1,NC_032656.1,100167211,101592028,101592029,c,ca,1
NC_037334.1,NC_032656.1,100174091,101599258,101599282,A,AAAACCACTGGGAATGGTGGCAAag,24
NC_037334.1,NC_032656.1,100193124,101618309,101618310,a,ag,1
NC_037334.1,NC_032656.1,100235299,101660484,101660485,t,tN,1
NC_037334.1,NC_032656.1,100324181,101902009,101902010,G,GA,1
NC_037334.1,NC_032656.1,100522902,102089015,102089016,a,ag,1
NC_037334.1,NC_032656.1,100523014,102089129,102089130,T,TG,1
NC_037334.1,NC_032656.1,100646335,102213134,102213135,g,gt,1
NC_037334.1,NC_032656.1,100660292,102227092,102227093,A,AG,1
NC_037334.1,NC_032656.1,100714561,102279200,102279202,C,CAA,2
NC_037334.1,NC_032656.1,100784910,102349551,102349552,g,ga,1
NC_037334.1,NC_032656.1,100785551,102350193,102350194,c,ca,1
NC_037334.1,NC_032656.1,100785795,102350439,102350440,g,gc,1
NC_037334.1,NC_032656.1,100785798,102350443,102350444,c,cA,1
NC_037334.1,NC_032656.1,100928085,102489205,102489206,c,ca,1
NC_037334.1,NC_032656.1,101056737,102640759,102640760,T,TK,1
NC_037334.1,NC_032656.1,101078653,102666461,102666462,G,GA,1
NC_037334.1,NC_032656.1,101254541,102849360,102849362,a,aNN,2
NC_037334.1,NC_032656.1,101293045,102886251,102886252,G,GS,1
NC_037334.1,NC_032656.1,101350791,102954202,102954203,T,TW,1
NC_037334.1,NC_032656.1,101509708,103113276,103113277,a,at,1
NC_037334.1,NC_032656.1,101548465,103151996,103151997,t,ta,1
NC_037334.1,NC_032656.1,101562330,103165878,103165881,A,ATAT,3
NC_037334.1,NC_032656.1,101562639,103166190,103166191,C,CT,1
NC_037334.1,NC_032656.1,101594559,103198558,103198559,t,tg,1
NC_037334.1,NC_032656.1,101595970,103199970,103199972,c,cta,2
NC_037334.1,NC_032656.1,101596794,103200796,103200797,a,at,1
NC_037334.1,NC_032656.1,105390106,107030422,107030437,g,gctgtatattgtcacc,15
NC_037334.1,NC_032656.1,105390392,107030721,107030722,c,ct,1
NC_037334.1,NC_032656.1,105401476,107041814,107041816,t,tNN,2
NC_037334.1,NC_032656.1,105408857,107049198,107049202,c,cagtt,4
NC_037334.1,NC_032656.1,105452270,107092842,107092844,c,cct,2
NC_037334.1,NC_032656.1,105496894,107143141,107143145,t,taaac,4
NC_037334.1,NC_032656.1,105497627,107143878,107143879,a,ag,1
NC_037334.1,NC_032656.1,105512798,107159049,107159050,c,ct,1
NC_037334.1,NC_032656.1,105543248,107189490,107189491,a,at,1
NC_037334.1,NC_032656.1,105549886,107196131,107196135,t,ttgac,4
NC_037334.1,NC_032656.1,105553832,107200081,107200082,c,ca,1
NC_037334.1,NC_032656.1,105570538,107216829,107216830,A,AT,1
NC_037334.1,NC_032656.1,105581935,107228233,107228234,A,AT,1
NC_037334.1,NC_032656.1,105609173,107255472,107255474,g,gtt,2
NC_037334.1,NC_032656.1,105620935,107267234,107267243,g,gtctcctgca,9
NC_037334.1,NC_032656.1,105638662,107284979,107284980,g,gc,1
NC_037334.1,NC_032656.1,105644953,107291266,107291283,C,CAYTTACCAAAAATTTTT,17
NC_037334.1,NC_032656.1,105646899,107293235,107293237,c,ctg,2
NC_037334.1,NC_032656.1,105648776,107295113,107295114,T,TW,1
NC_037334.1,NC_032656.1,105668333,107314675,107314678,T,TTTG,3
NC_037334.1,NC_032656.1,105676063,107322837,107322838,a,ag,1
NC_037334.1,NC_032656.1,105682860,107329635,107329637,c,cat,2
NC_037334.1,NC_032656.1,105692439,107375674,107375675,T,TG,1
NC_037334.1,NC_032656.1,105692892,107376128,107376129,g,ga,1
NC_037334.1,NC_032656.1,105692926,107376163,107376164,a,ac,1
NC_037334.1,NC_032656.1,105707000,107390279,107390280,t,tW,1
NC_037334.1,NC_032656.1,105708291,107391581,107391586,c,ctgcat,5
NC_037334.1,NC_032656.1,105709292,107392588,107392589,t,ta,1
NC_037334.1,NC_032656.1,105709811,107393104,107393111,t,taaaaaaa,7
NC_037334.1,NC_032656.1,105712212,107395514,107395515,a,ag,1
NC_037334.1,NC_032656.1,105712361,107395664,107395667,C,CATT,3
NC_037334.1,NC_032656.1,105716161,107348180,107348181,C,CA,1
NC_037334.1,NC_032656.1,105739392,107371419,107371421,T,TCA,2
NC_037334.1,NC_032656.1,105739469,107371498,107371499,A,AG,1
NC_037334.1,NC_032656.1,105771037,107457533,107457534,A,AR,1
NC_037334.1,NC_032656.1,105776067,107462567,107462569,g,gTT,2
NC_037334.1,NC_032656.1,105777477,107463988,107463989,c,ca,1
NC_037334.1,NC_032656.1,105794963,107481476,107481479,a,aatt,3
NC_037334.1,NC_032656.1,105800013,107486508,107486513,c,caactg,5
NC_037334.1,NC_032656.1,105800633,107487113,107487121,g,gtttatagt,8
NC_037334.1,NC_032656.1,105801864,107488352,107488353,A,AT,1
NC_037334.1,NC_032656.1,105803375,107489865,107489866,T,TK,1
NC_037334.1,NC_032656.1,105827096,107413993,107413994,G,GR,1
NC_037334.1,NC_032656.1,105834399,107421314,107421315,t,ta,1
NC_037334.1,NC_032656.1,105835632,107422546,107422547,G,GT,1
NC_037334.1,NC_032656.1,105893526,107549303,107549305,T,TTG,2
NC_037334.1,NC_032656.1,105899042,107554821,107554829,C,CCTATATGY,8
NC_037334.1,NC_032656.1,105904429,107560215,107560216,a,ag,1
NC_037334.1,NC_032656.1,105904439,107560226,107560228,a,aag,2
NC_037334.1,NC_032656.1,105955432,107611205,107611207,t,taa,2
NC_037334.1,NC_032656.1,105958620,107614393,107614394,A,AC,1
NC_037334.1,NC_032656.1,105969082,107624858,107624859,c,ca,1
NC_037334.1,NC_032656.1,105976087,107631866,107631868,t,tga,2
NC_037334.1,NC_032656.1,106030572,107686349,107686351,t,ttc,2
NC_037334.1,NC_032656.1,106040778,107696557,107696564,g,gggaggga,7
NC_037334.1,NC_032656.1,106051829,107707529,107707530,T,TG,1
NC_037334.1,NC_032656.1,106053075,107708774,107708777,t,ttta,3
NC_037334.1,NC_032656.1,106072256,107727956,107727957,a,ac,1
NC_037334.1,NC_032656.1,106088252,107744061,107744063,g,gga,2
NC_037334.1,NC_032656.1,106096111,107751919,107751920,T,TC,1
NC_037334.1,NC_032656.1,106122107,107777941,107777942,G,GA,1
NC_037334.1,NC_032656.1,106144406,107800788,107800789,g,gt,1
NC_037334.1,NC_032656.1,106144428,107800811,107800812,t,tg,1
NC_037334.1,NC_032656.1,106145909,107802293,107802295,g,gca,2
NC_037334.1,NC_032656.1,106260957,107921381,107921383,t,tNN,2
NC_037334.1,NC_032656.1,106287975,107948401,107948404,A,ACGG,3
NC_037334.1,NC_032656.1,106304772,107965202,107965204,t,tta,2
NC_037334.1,NC_032656.1,106323891,107984322,107984323,C,CG,1
NC_037334.1,NC_032656.1,106417516,108077337,108077339,t,taa,2
NC_037334.1,NC_032656.1,106422540,108082363,108082364,a,ag,1
NC_037334.1,NC_032656.1,106438606,108097908,108097910,g,gNN,2
NC_037334.1,NC_032656.1,106464928,108124236,108124237,a,at,1
NC_037334.1,NC_032656.1,106475919,108135235,108135238,c,cctt,3
NC_037334.1,NC_032656.1,106478639,108137958,108137959,t,tg,1
NC_037334.1,NC_032656.1,106478765,108138086,108138087,A,AT,1
NC_037334.1,NC_032656.1,106481093,108140418,108140420,a,acg,2
NC_037334.1,NC_032656.1,106481154,108140481,108140482,c,ca,1
NC_037334.1,NC_032656.1,106498432,108157775,108157776,A,AM,1
NC_037334.1,NC_032656.1,106523787,108183131,108183133,t,tta,2
NC_037334.1,NC_032656.1,106587508,108246045,108246046,c,cg,1
NC_037334.1,NC_032656.1,106587777,108246314,108246315,C,CA,1
NC_037334.1,NC_032656.1,106594331,108252864,108252865,g,ga,1
NC_037334.1,NC_032656.1,106596396,108254929,108254930,T,TW,1
NC_037334.1,NC_032656.1,106599523,108258058,108258059,g,ga,1
NC_037334.1,NC_032656.1,106663056,108321598,108321599,T,TA,1
NC_037334.1,NC_032656.1,106691982,108350299,108350300,G,GA,1
NC_037334.1,NC_032656.1,106691991,108350309,108350310,g,ga,1
NC_037334.1,NC_032656.1,106713486,108371825,108371826,A,AG,1
NC_037334.1,NC_032656.1,106743629,108401968,108401969,C,CT,1
NC_037334.1,NC_032656.1,106744505,108402845,108402846,A,AT,1
NC_037334.1,NC_032656.1,106816683,108474890,108474892,g,ggt,2
NC_037334.1,NC_032656.1,106818534,108476745,108476746,c,ca,1
NC_037334.1,NC_032656.1,106820169,108478381,108478382,T,TG,1
NC_037334.1,NC_032656.1,106825492,108483707,108483708,t,ta,1
NC_037334.1,NC_032656.1,106827375,108485593,108485594,a,ag,1
NC_037334.1,NC_032656.1,106829608,108487824,108487825,G,GC,1
NC_037334.1,NC_032656.1,106830269,108488486,108488489,A,ATAC,3
NC_037334.1,NC_032656.1,106848692,108506947,108506948,G,GK,1
NC_037334.1,NC_032656.1,106875987,108534260,108534263,t,tctc,3
NC_037334.1,NC_032656.1,106885116,108543393,108543395,t,tgg,2
NC_037334.1,NC_032656.1,106912150,108570347,108570360,G,GTGCCCGGGGGCTC,13
NC_037334.1,NC_032656.1,106933288,108591401,108591402,C,CT,1
NC_037334.1,NC_032656.1,106973537,108631653,108631654,A,AT,1
NC_037334.1,NC_032656.1,106983117,108641236,108641237,c,ca,1
NC_037334.1,NC_032656.1,106988344,108646467,108646468,g,ga,1
NC_037334.1,NC_032656.1,106992527,108650274,108650279,g,gactga,5
NC_037334.1,NC_032656.1,107000885,108658655,108658672,C,CTAGGACCACACGGTCCT,17
NC_037334.1,NC_032656.1,107014798,108672687,108672694,G,GNNNNNNN,7
NC_037334.1,NC_032656.1,107025017,108682913,108682914,G,GA,1
NC_037334.1,NC_032656.1,107045875,108703776,108703784,a,agagaagtt,8
NC_037334.1,NC_032656.1,107054313,108714455,108714462,T,TTGAATCA,7
NC_037334.1,NC_032656.1,107057168,108717292,108717317,C,CGCAGTCGAGCACAGAGGTGAACAGG,25
NC_037334.1,NC_032656.1,107062943,108723068,108723070,g,gca,2
NC_037334.1,NC_032656.1,107093409,108753821,108753822,T,TA,1
NC_037334.1,NC_032656.1,107093425,108753838,108753839,T,TC,1
NC_037334.1,NC_032656.1,107093466,108753881,108753882,G,GA,1
NC_037334.1,NC_032656.1,107138035,108798106,108798112,T,TCTATGA,6
NC_037334.1,NC_032656.1,107206326,108866260,108866268,t,tacacacac,8
NC_037334.1,NC_032656.1,107237947,108912189,108912190,c,ct,1
NC_037334.1,NC_032656.1,107292008,108965230,108965231,G,GT,1
NC_037334.1,NC_032656.1,107428784,109177489,109177490,c,cg,1
NC_037334.1,NC_032656.1,107431264,109179970,109179971,C,CA,1
NC_037334.1,NC_032656.1,107511936,109259526,109259527,c,ct,1
NC_037334.1,NC_032656.1,107658778,109406394,109406400,a,aNNNNNN,6
NC_037334.1,NC_032656.1,107671610,109419232,109419233,t,ta,1
NC_037334.1,NC_032656.1,107672055,109419704,109419705,T,TA,1
NC_037334.1,NC_032656.1,107677824,109425475,109425477,C,CTT,2
NC_037334.1,NC_032656.1,107711789,109459680,109459684,C,CACTG,4
NC_037334.1,NC_032656.1,107843147,109693682,109693683,T,TG,1
NC_037334.1,NC_032656.1,107973822,109824282,109824284,t,tNN,2
NC_037334.1,NC_032656.1,108008977,109859435,109859436,T,TG,1
NC_037334.1,NC_032656.1,108009262,109859721,109859722,A,AW,1
NC_037334.1,NC_032656.1,108028028,109878467,109878469,a,acg,2
NC_037334.1,NC_032656.1,108034438,109884884,109884885,t,tN,1
NC_037334.1,NC_032656.1,108040863,109891304,109891305,g,ga,1
NC_037334.1,NC_032656.1,108043041,109893482,109893484,G,GTT,2
NC_037334.1,NC_032656.1,108047491,109897935,109897936,a,ac,1
NC_037334.1,NC_032656.1,108082320,109932763,109932764,t,tg,1
NC_037334.1,NC_032656.1,108103234,109970699,109970700,c,ct,1
NC_037334.1,NC_032656.1,108103905,109971371,109971372,t,ta,1
NC_037334.1,NC_032656.1,108109941,109977397,109977398,C,CY,1
NC_037334.1,NC_032656.1,108115882,109983340,109983341,G,GR,1
NC_037334.1,NC_032656.1,108119959,109987412,109987413,T,TC,1
NC_037334.1,NC_032656.1,108181119,110048425,110048426,G,GS,1
NC_037334.1,NC_032656.1,108182348,110049655,110049656,A,AC,1
NC_037334.1,NC_032656.1,108199177,110066448,110066451,T,TTTA,3
NC_037334.1,NC_032656.1,108216787,110084058,110084060,g,ggt,2
NC_037334.1,NC_032656.1,108232440,110099703,110099704,t,tc,1
NC_037334.1,NC_032656.1,108353191,110220253,110220265,T,TCTGTCAGAAGCG,12
NC_037334.1,NC_032656.1,108497931,110379606,110379608,C,CAT,2
NC_037334.1,NC_032656.1,108522068,110403745,110403746,G,GA,1
NC_037334.1,NC_032656.1,108576630,110458358,110458359,A,AC,1
NC_037334.1,NC_032656.1,108585678,110467395,110467396,c,ct,1
NC_037334.1,NC_032656.1,108585891,110467608,110467609,T,TG,1
NC_037334.1,NC_032656.1,108585996,110467714,110467715,G,GC,1
NC_037334.1,NC_032656.1,108586230,110467949,110467950,A,AG,1
NC_037334.1,NC_032656.1,108603535,110485257,110485258,g,gc,1
NC_037334.1,NC_032656.1,108628009,110509752,110509755,A,AAAC,3
NC_037334.1,NC_032656.1,108629129,110510875,110510881,t,tagcagc,6
NC_037334.1,NC_032656.1,108630048,110511800,110511803,C,CCYS,3
NC_037334.1,NC_032656.1,108646438,110528193,110528194,A,AC,1
NC_037334.1,NC_032656.1,108650609,110532365,110532367,A,AGT,2
NC_037334.1,NC_032656.1,108656392,110540398,110540399,t,tg,1
NC_037334.1,NC_032656.1,108676792,110560816,110560817,g,ga,1
NC_037334.1,NC_032656.1,108680596,110564616,110564622,t,tgtgtgc,6
NC_037334.1,NC_032656.1,108695208,110579235,110579236,T,TK,1
NC_037334.1,NC_032656.1,108739064,110623518,110623520,T,TCA,2
NC_037334.1,NC_032656.1,108869527,110754123,110754124,G,GA,1
NC_037334.1,NC_032656.1,108887871,110772469,110772475,g,gcacaca,6
NC_037334.1,NC_032656.1,108896069,110780673,110780674,A,AW,1
NC_037334.1,NC_032656.1,108974195,110858801,110858802,T,TC,1
NC_037334.1,NC_032656.1,109004051,110888678,110888682,T,TTATA,4
NC_037334.1,NC_032656.1,109046443,110931965,110931966,G,GC,1
NC_037334.1,NC_032656.1,109057288,110942813,110942814,t,ta,1
NC_037334.1,NC_032656.1,109065573,110951097,110951098,a,at,1
NC_037334.1,NC_032656.1,109132283,111017713,111017722,G,GCCACGCTTT,9
NC_037334.1,NC_032656.1,109139140,111024606,111024607,c,cg,1
NC_037334.1,NC_032656.1,109139169,111024636,111024637,g,ga,1
NC_037334.1,NC_032656.1,109201469,111086637,111086639,c,ctt,2
NC_037334.1,NC_032656.1,109261509,111147683,111147684,T,TY,1
NC_037334.1,NC_032656.1,109274206,111160379,111160387,G,GGTGGTTGA,8
NC_037334.1,NC_032656.1,109350516,111236653,111236655,C,CTT,2
NC_037334.1,NC_032656.1,109415481,111300996,111300997,G,GC,1
NC_037334.1,NC_032656.1,109427180,111312558,111312559,T,TG,1
NC_037334.1,NC_032656.1,109434654,111320031,111320032,a,ag,1
NC_037334.1,NC_032656.1,109592634,111500846,111500848,t,tNN,2
NC_037334.1,NC_032656.1,109599500,111507711,111507712,a,aM,1
NC_037334.1,NC_032656.1,109618425,111526636,111526637,A,AC,1
NC_037334.1,NC_032656.1,109622373,111530580,111530582,a,aag,2
NC_037334.1,NC_032656.1,109694382,111602606,111602607,C,CA,1
NC_037334.1,NC_032656.1,109723249,111631452,111631453,G,GK,1
NC_037334.1,NC_032656.1,109723785,111631989,111631990,G,GC,1
NC_037334.1,NC_032656.1,109730150,111637751,111637752,a,at,1
NC_037334.1,NC_032656.1,109731061,111638663,111638664,a,ac,1
NC_037334.1,NC_032656.1,109789381,111697263,111697264,t,ta,1
NC_037334.1,NC_032656.1,109789699,111697582,111697584,g,gga,2
NC_037334.1,NC_032656.1,109793392,111701277,111701278,t,ta,1
NC_037334.1,NC_032656.1,109796222,111704108,111704110,g,gac,2
NC_037334.1,NC_032656.1,109800097,111707985,111707989,A,ATGTG,4
NC_037334.1,NC_032656.1,109849213,111777017,111777018,c,ct,1
NC_037334.1,NC_032656.1,109920667,111838731,111838738,C,CCAAGAAA,7
NC_037334.1,NC_032656.1,110007002,111926912,111926913,c,ct,1
