Reference ID,Query ID,Reference POS,Query POS,Query END,REF,ALT,SVLEN
NC_037328.1,NC_032650.1,666993,5092,5093,g,ga,1
NC_037328.1,NC_032650.1,672336,10459,10460,C,CA,1
NC_037328.1,NC_032650.1,675566,13695,13696,t,tc,1
NC_037328.1,NC_032650.1,676185,14321,14322,a,at,1
NC_037328.1,NC_032650.1,677740,15896,15900,c,ccaat,4
NC_037328.1,NC_032650.1,677840,16000,16005,a,atatgg,5
NC_037328.1,NC_032650.1,691260,29352,29353,a,ac,1
NC_037328.1,NC_032650.1,692788,30881,30882,A,AG,1
NC_037328.1,NC_032650.1,692793,30887,30888,T,TC,1
NC_037328.1,NC_032650.1,708338,46428,46431,a,aaat,3
NC_037328.1,NC_032650.1,1083843,420698,420701,G,GGGK,3
NC_037328.1,NC_032650.1,1154854,491745,491746,A,AC,1
NC_037328.1,NC_032650.1,1728526,804298,804300,a,act,2
NC_037328.1,NC_032650.1,2215675,1301001,1301002,A,AT,1
NC_037328.1,NC_032650.1,2218714,1304040,1304041,T,TG,1
NC_037328.1,NC_032650.1,2247274,1332580,1332583,T,TATW,3
NC_037328.1,NC_032650.1,2266212,1351526,1351527,g,ga,1
NC_037328.1,NC_032650.1,2270138,1355304,1355309,g,gactga,5
NC_037328.1,NC_032650.1,2272666,1357833,1357834,G,GC,1
NC_037328.1,NC_032650.1,2286491,1371664,1371670,g,gaaaaaa,6
NC_037328.1,NC_032650.1,2290723,1375917,1375918,c,ca,1
NC_037328.1,NC_032650.1,2749895,1854800,1854803,t,taaa,3
NC_037328.1,NC_032650.1,2853501,1960810,1960812,c,ctt,2
NC_037328.1,NC_032650.1,2868021,1975332,1975334,c,cag,2
NC_037328.1,NC_032650.1,3466523,2577813,2577814,A,AM,1
NC_037328.1,NC_032650.1,3469235,2580536,2580537,c,ct,1
NC_037328.1,NC_032650.1,3475530,2586823,2586826,t,tctC,3
NC_037328.1,NC_032650.1,3476134,2587430,2587431,G,GC,1
NC_037328.1,NC_032650.1,3480427,2591724,2591725,T,TC,1
NC_037328.1,NC_032650.1,3480447,2591745,2591746,A,AG,1
NC_037328.1,NC_032650.1,3519149,2630464,2630466,C,CCT,2
NC_037328.1,NC_032650.1,3522906,2634225,2634226,C,CT,1
NC_037328.1,NC_032650.1,3523027,2634347,2634349,A,AAG,2
NC_037328.1,NC_032650.1,3528471,2639808,2639809,t,tg,1
NC_037328.1,NC_032650.1,3528931,2640270,2640283,c,cttcactttcattt,13
NC_037328.1,NC_032650.1,3530554,2641909,2641910,g,ga,1
NC_037328.1,NC_032650.1,3532743,2644097,2644105,T,TACACARAC,8
NC_037328.1,NC_032650.1,3561355,2672525,2672526,G,GR,1
NC_037328.1,NC_032650.1,3573458,2684629,2684631,C,CGA,2
NC_037328.1,NC_032650.1,3600984,2712234,2712235,t,ta,1
NC_037328.1,NC_032650.1,3660668,2771379,2771381,a,aNN,2
NC_037328.1,NC_032650.1,3689188,2799901,2799905,C,CNNNN,4
NC_037328.1,NC_032650.1,3689776,2800493,2800494,A,AG,1
NC_037328.1,NC_032650.1,3691218,2801937,2801939,c,ctg,2
NC_037328.1,NC_032650.1,3692315,2803036,2803037,T,TC,1
NC_037328.1,NC_032650.1,3714810,2825355,2825356,a,ac,1
NC_037328.1,NC_032650.1,3718066,2828611,2828612,g,ga,1
NC_037328.1,NC_032650.1,3802701,2913319,2913333,a,atattatgagacttt,14
NC_037328.1,NC_032650.1,3828027,2938417,2938418,T,TC,1
NC_037328.1,NC_032650.1,3828867,2939258,2939259,A,AC,1
NC_037328.1,NC_032650.1,3829353,2939745,2939749,a,acatg,4
NC_037328.1,NC_032650.1,3859536,3000178,3000179,T,TC,1
NC_037328.1,NC_032650.1,3951460,3098859,3098860,a,ac,1
NC_037328.1,NC_032650.1,3955500,3102903,3102904,a,ag,1
NC_037328.1,NC_032650.1,3965229,3112624,3112625,T,TG,1
NC_037328.1,NC_032650.1,4072904,3220262,3220265,T,TTTG,3
NC_037328.1,NC_032650.1,4117081,3266370,3266371,G,GA,1
NC_037328.1,NC_032650.1,4117950,3267240,3267241,T,TC,1
NC_037328.1,NC_032650.1,4137063,3286220,3286221,c,ct,1
NC_037328.1,NC_032650.1,4156282,3305462,3305463,C,CG,1
NC_037328.1,NC_032650.1,4233017,3414090,3414091,A,AG,1
NC_037328.1,NC_032650.1,4294409,3475628,3475629,C,Ca,1
NC_037328.1,NC_032650.1,4300503,3481722,3481732,a,aNNNNNNNNNN,10
NC_037328.1,NC_032650.1,4316905,3498128,3498132,C,CTGTT,4
NC_037328.1,NC_032650.1,4327076,3508303,3508310,A,AATATTTC,7
NC_037328.1,NC_032650.1,4342389,3524882,3524888,A,AAGGGTG,6
NC_037328.1,NC_032650.1,4342512,3525011,3525012,a,ag,1
NC_037328.1,NC_032650.1,4375621,3558139,3558140,a,ag,1
NC_037328.1,NC_032650.1,4421703,3604532,3604533,T,TY,1
NC_037328.1,NC_032650.1,4437810,3620687,3620696,c,ccccccccca,9
NC_037328.1,NC_032650.1,4438508,3621394,3621398,a,agaKC,4
NC_037328.1,NC_032650.1,4442822,3625710,3625711,G,GA,1
NC_037328.1,NC_032650.1,4443777,3626670,3626674,T,TTGAC,4
NC_037328.1,NC_032650.1,4445213,3628109,3628111,c,cat,2
NC_037328.1,NC_032650.1,4484318,3667216,3667217,g,gt,1
NC_037328.1,NC_032650.1,4574536,3757515,3757517,G,GAC,2
NC_037328.1,NC_032650.1,4608080,3791537,3791538,A,AT,1
NC_037328.1,NC_032650.1,4630025,3813486,3813487,G,GR,1
NC_037328.1,NC_032650.1,4630253,3813715,3813716,t,tg,1
NC_037328.1,NC_032650.1,4656678,3840131,3840132,A,AC,1
NC_037328.1,NC_032650.1,4664324,3854531,3854534,t,tagc,3
NC_037328.1,NC_032650.1,4740706,3881521,3881524,c,cttt,3
NC_037328.1,NC_032650.1,4741406,3882224,3882226,A,ATG,2
NC_037328.1,NC_032650.1,4744779,3885613,3885618,A,AGAATT,5
NC_037328.1,NC_032650.1,4756979,3897840,3897841,g,ga,1
NC_037328.1,NC_032650.1,4806569,3947524,3947526,g,gaa,2
NC_037328.1,NC_032650.1,4806832,3947788,3947789,t,tg,1
NC_037328.1,NC_032650.1,4830272,3964805,3964816,T,TATGTTGACACA,11
NC_037328.1,NC_032650.1,4831248,3965792,3965863,g,ggaaggatgatgctaaagctgaacagTCACGNNNNNNNNNNNNNNNNNNNNNNNNNNNAGATTCAATTGtct,71
NC_037328.1,NC_032650.1,4831980,3966587,3966589,g,gaa,2
NC_037328.1,NC_032650.1,4832926,3967535,3967536,g,gc,1
NC_037328.1,NC_032650.1,4833497,3968107,3968108,g,ga,1
NC_037328.1,NC_032650.1,4951370,4062492,4062496,g,gactc,4
NC_037328.1,NC_032650.1,4951833,4062959,4062960,a,at,1
NC_037328.1,NC_032650.1,4951941,4063068,4063073,a,aaaatt,5
NC_037328.1,NC_032650.1,4952077,4063209,4063210,t,ta,1
NC_037328.1,NC_032650.1,4961004,4072136,4072137,g,gc,1
NC_037328.1,NC_032650.1,4964327,4075460,4075461,A,AG,1
NC_037328.1,NC_032650.1,5353537,4516682,4516683,t,ta,1
NC_037328.1,NC_032650.1,5371821,4535288,4535290,t,tta,2
NC_037328.1,NC_032650.1,5378195,4541665,4541667,T,TAC,2
NC_037328.1,NC_032650.1,5387311,4550770,4550771,A,AC,1
NC_037328.1,NC_032650.1,5394250,4593081,4593083,G,GAC,2
NC_037328.1,NC_032650.1,5395530,4594176,4594177,T,TA,1
NC_037328.1,NC_032650.1,5398889,4597538,4597539,t,tc,1
NC_037328.1,NC_032650.1,5400627,4599287,4599288,c,ca,1
NC_037328.1,NC_032650.1,5403052,4602822,4602829,g,gtgcatat,7
NC_037328.1,NC_032650.1,5403362,4603139,4603140,c,ca,1
NC_037328.1,NC_032650.1,5411365,4611145,4611146,a,aN,1
NC_037328.1,NC_032650.1,5412580,4612361,4612371,a,attcagttcag,10
NC_037328.1,NC_032650.1,5440752,4640573,4640574,c,ct,1
NC_037328.1,NC_032650.1,5497001,4697308,4697310,t,taa,2
NC_037328.1,NC_032650.1,5506040,4706350,4706351,T,TC,1
NC_037328.1,NC_032650.1,5550444,4755566,4755567,T,TK,1
NC_037328.1,NC_032650.1,5559835,4764960,4764961,T,TC,1
NC_037328.1,NC_032650.1,5565649,4770906,4770907,A,AC,1
NC_037328.1,NC_032650.1,5565936,4771194,4771196,A,ACT,2
NC_037328.1,NC_032650.1,5568538,4773787,4773789,c,cct,2
NC_037328.1,NC_032650.1,5657486,4862656,4862657,g,gt,1
NC_037328.1,NC_032650.1,5660307,4865478,4865496,a,agcatattaaaaagcagag,18
NC_037328.1,NC_032650.1,5661861,4867055,4867056,T,TG,1
NC_037328.1,NC_032650.1,5663032,4868227,4868228,g,ga,1
NC_037328.1,NC_032650.1,5671168,4876402,4876403,G,GR,1
NC_037328.1,NC_032650.1,5687307,4892546,4892547,A,AC,1
NC_037328.1,NC_032650.1,5689925,4895166,4895169,A,ACAT,3
NC_037328.1,NC_032650.1,5711559,4916832,4916834,t,ttc,2
NC_037328.1,NC_032650.1,5719612,4924887,4924889,T,TTG,2
NC_037328.1,NC_032650.1,5729571,4935080,4935086,t,tNNNNNN,6
NC_037328.1,NC_032650.1,5738253,4943680,4943681,a,ag,1
NC_037328.1,NC_032650.1,5771849,4977280,4977288,a,aNNNNNNNN,8
NC_037328.1,NC_032650.1,5780031,4985480,4985481,T,TG,1
NC_037328.1,NC_032650.1,5837230,5042676,5042677,G,GA,1
NC_037328.1,NC_032650.1,5837265,5042712,5042713,G,GA,1
NC_037328.1,NC_032650.1,5851588,5056944,5056945,G,GR,1
NC_037328.1,NC_032650.1,5853605,5058962,5058963,A,AC,1
NC_037328.1,NC_032650.1,5875948,5088205,5088208,t,ttta,3
NC_037328.1,NC_032650.1,5880100,5092252,5092253,c,ca,1
NC_037328.1,NC_032650.1,5907112,5119079,5119080,G,GA,1
NC_037328.1,NC_032650.1,5915175,5127143,5127145,A,AAT,2
NC_037328.1,NC_032650.1,5919286,5131259,5131260,C,CT,1
NC_037328.1,NC_032650.1,5928365,5140340,5140341,a,ag,1
NC_037328.1,NC_032650.1,5930170,5142146,5142160,C,CGTCttagagcagtt,14
NC_037328.1,NC_032650.1,5934394,5146385,5146389,G,GTTAT,4
NC_037328.1,NC_032650.1,5934441,5146436,5146440,A,ATATC,4
NC_037328.1,NC_032650.1,5935732,5147737,5147750,t,tctttatggtccaa,13
NC_037328.1,NC_032650.1,5935732,5159028,5159041,t,tctttatggtccaa,13
NC_037328.1,NC_032650.1,5935757,5147775,5147786,g,gaaaaaaaaaaa,11
NC_037328.1,NC_032650.1,5935757,5159066,5159077,g,gaaaaaaaaaaa,11
NC_037328.1,NC_032650.1,5938190,5150220,5150223,c,cttg,3
NC_037328.1,NC_032650.1,5938190,5161511,5161514,c,cttg,3
NC_037328.1,NC_032650.1,5940242,5163566,5163567,c,ct,1
NC_037328.1,NC_032650.1,5962378,5185695,5185696,a,at,1
NC_037328.1,NC_032650.1,5962403,5185721,5185723,t,tta,2
NC_037328.1,NC_032650.1,5996379,5225214,5225215,a,at,1
NC_037328.1,NC_032650.1,5996385,5225221,5225222,a,at,1
NC_037328.1,NC_032650.1,6018941,5247767,5247768,t,tc,1
NC_037328.1,NC_032650.1,6034223,5267665,5267667,c,cat,2
NC_037328.1,NC_032650.1,6034553,5267997,5268001,c,cacat,4
NC_037328.1,NC_032650.1,6102076,5335616,5335617,G,GA,1
NC_037328.1,NC_032650.1,6104441,5337863,5337864,c,ca,1
NC_037328.1,NC_032650.1,6182701,5416851,5416852,T,TG,1
NC_037328.1,NC_032650.1,6204741,5438892,5438894,t,tgc,2
NC_037328.1,NC_032650.1,6206270,5440411,5440412,A,AG,1
NC_037328.1,NC_032650.1,6210945,5445088,5445089,A,AG,1
NC_037328.1,NC_032650.1,6268453,5502603,5502605,t,tNN,2
NC_037328.1,NC_032650.1,6312921,5547072,5547073,c,ct,1
NC_037328.1,NC_032650.1,6314941,5549093,5549094,a,ag,1
NC_037328.1,NC_032650.1,6321086,5555247,5555250,a,aaag,3
NC_037328.1,NC_032650.1,6334765,5569051,5569052,A,AT,1
NC_037328.1,NC_032650.1,6347624,5581933,5581934,A,AC,1
NC_037328.1,NC_032650.1,6357473,5591806,5591807,t,ta,1
NC_037328.1,NC_032650.1,6384261,5631684,5631694,t,tacacacacac,10
NC_037328.1,NC_032650.1,6390759,5638190,5638191,t,tc,1
NC_037328.1,NC_032650.1,6465843,5713228,5713229,t,tc,1
NC_037328.1,NC_032650.1,6503945,5758904,5758905,c,ca,1
NC_037328.1,NC_032650.1,6546437,5800498,5800499,G,GA,1
NC_037328.1,NC_032650.1,6560274,5814445,5814447,C,CCA,2
NC_037328.1,NC_032650.1,6561197,5815370,5815372,c,caa,2
NC_037328.1,NC_032650.1,6561648,5815824,5815825,a,ag,1
NC_037328.1,NC_032650.1,6637944,5892867,5892869,a,aac,2
NC_037328.1,NC_032650.1,6637958,5892883,5892885,t,tac,2
NC_037328.1,NC_032650.1,6662709,5918197,5918200,t,tctc,3
NC_037328.1,NC_032650.1,6679472,5934962,5934963,g,gt,1
NC_037328.1,NC_032650.1,6688454,5943945,5943952,A,AGAGGGGT,7
NC_037328.1,NC_032650.1,6770451,6025957,6025959,a,aaM,2
NC_037328.1,NC_032650.1,6887116,6217573,6217574,A,AR,1
NC_037328.1,NC_032650.1,7017010,6318899,6318901,a,aNN,2
NC_037328.1,NC_032650.1,7024509,6326402,6326403,A,AG,1
NC_037328.1,NC_032650.1,7064868,6366767,6366768,G,GT,1
NC_037328.1,NC_032650.1,7172540,6474462,6474463,A,AT,1
NC_037328.1,NC_032650.1,7178931,6480856,6480857,g,gN,1
NC_037328.1,NC_032650.1,7184168,6486094,6486095,T,TY,1
NC_037328.1,NC_032650.1,7291635,6593569,6593577,a,atatatagt,8
NC_037328.1,NC_032650.1,7377247,6697749,6697750,G,GT,1
NC_037328.1,NC_032650.1,7425999,6747013,6747019,A,AAAAAAG,6
NC_037328.1,NC_032650.1,7426923,6747944,6747946,g,gaa,2
NC_037328.1,NC_032650.1,7431554,6752576,6752580,t,ttttg,4
NC_037328.1,NC_032650.1,7435360,6756406,6756407,C,CY,1
NC_037328.1,NC_032650.1,7631170,6952216,6952222,a,atgtgtg,6
NC_037328.1,NC_032650.1,7799592,7120002,7120003,a,at,1
NC_037328.1,NC_032650.1,7812649,7132866,7132870,g,gcata,4
NC_037328.1,NC_032650.1,7849168,7169390,7169391,t,ta,1
NC_037328.1,NC_032650.1,7991956,7312136,7312137,a,at,1
NC_037328.1,NC_032650.1,8084767,7409497,7409498,G,GR,1
NC_037328.1,NC_032650.1,8101176,7425911,7425923,c,ctatctatcatct,12
NC_037328.1,NC_032650.1,8118609,7443359,7443361,C,CTG,2
NC_037328.1,NC_032650.1,8124282,7449034,7449044,a,aNNNNNNNNNN,10
NC_037328.1,NC_032650.1,8125171,7449933,7449934,a,at,1
NC_037328.1,NC_032650.1,8152622,7477523,7477524,C,CG,1
NC_037328.1,NC_032650.1,8160084,7484773,7484789,a,aTGACACCTGGATCAAT,16
NC_037328.1,NC_032650.1,8171472,7496189,7496190,t,ta,1
NC_037328.1,NC_032650.1,8257094,7587639,7587640,c,ct,1
NC_037328.1,NC_032650.1,8305749,7638989,7638990,c,ca,1
NC_037328.1,NC_032650.1,8306822,7640063,7640065,t,tNN,2
NC_037328.1,NC_032650.1,8340146,7674342,7674343,t,tc,1
NC_037328.1,NC_032650.1,8351505,7685738,7685741,t,tcaa,3
NC_037328.1,NC_032650.1,8353905,7688141,7688142,t,tg,1
NC_037328.1,NC_032650.1,8375820,7710069,7710071,G,GGR,2
NC_037328.1,NC_032650.1,8379941,7714095,7714096,a,at,1
NC_037328.1,NC_032650.1,8380081,7714236,7714241,t,ttttgg,5
NC_037328.1,NC_032650.1,8383115,7717275,7717276,T,TG,1
NC_037328.1,NC_032650.1,8491690,7825864,7825868,a,aNNNN,4
NC_037328.1,NC_032650.1,8518988,7854187,7854189,a,aag,2
NC_037328.1,NC_032650.1,8537493,7872683,7872684,t,ta,1
NC_037328.1,NC_032650.1,8582606,7917796,7917799,t,ttga,3
NC_037328.1,NC_032650.1,8664406,8008427,8008428,c,ca,1
NC_037328.1,NC_032650.1,8664983,8001199,8001200,a,at,1
NC_037328.1,NC_032650.1,8664983,8009005,8009006,a,at,1
NC_037328.1,NC_032650.1,8688404,8032427,8032428,t,ta,1
NC_037328.1,NC_032650.1,8688549,8032573,8032574,t,tg,1
NC_037328.1,NC_032650.1,8688787,8032812,8032813,a,ag,1
NC_037328.1,NC_032650.1,8698833,8042859,8042861,t,tNN,2
NC_037328.1,NC_032650.1,8736159,8084693,8084694,g,gN,1
NC_037328.1,NC_032650.1,8753769,8102304,8102306,a,aNN,2
NC_037328.1,NC_032650.1,8787665,8136203,8136204,G,GS,1
NC_037328.1,NC_032650.1,8806122,8155040,8155041,t,ta,1
NC_037328.1,NC_032650.1,8917460,8267061,8267062,a,at,1
NC_037328.1,NC_032650.1,8941932,8291534,8291535,c,ca,1
NC_037328.1,NC_032650.1,8945396,8294998,8294999,A,AT,1
NC_037328.1,NC_032650.1,8945767,8295368,8295369,T,TA,1
NC_037328.1,NC_032650.1,8945823,8295425,8295426,A,AG,1
NC_037328.1,NC_032650.1,8945947,8295549,8295550,t,ta,1
NC_037328.1,NC_032650.1,8946133,8295734,8295735,A,AG,1
NC_037328.1,NC_032650.1,8946351,8295949,8295950,t,tc,1
NC_037328.1,NC_032650.1,8947069,8296663,8296664,c,ct,1
NC_037328.1,NC_032650.1,8973224,8280622,8280623,A,AC,1
NC_037328.1,NC_032650.1,8973477,8280875,8280876,C,CA,1
NC_037328.1,NC_032650.1,8973701,8281100,8281101,C,CA,1
NC_037328.1,NC_032650.1,8974000,8281400,8281401,G,GT,1
NC_037328.1,NC_032650.1,8974015,8281416,8281417,T,TC,1
NC_037328.1,NC_032650.1,8974047,8281448,8281449,t,ta,1
NC_037328.1,NC_032650.1,8974326,8281727,8281728,A,AC,1
NC_037328.1,NC_032650.1,8974477,8281880,8281881,g,ga,1
NC_037328.1,NC_032650.1,8974521,8281925,8281926,C,CT,1
NC_037328.1,NC_032650.1,8974536,8281941,8281942,c,ca,1
NC_037328.1,NC_032650.1,8974633,8282039,8282040,t,ta,1
NC_037328.1,NC_032650.1,8974985,8282392,8282393,T,TG,1
NC_037328.1,NC_032650.1,8974993,8282401,8282402,T,TC,1
NC_037328.1,NC_032650.1,8975019,8282428,8282429,C,CT,1
NC_037328.1,NC_032650.1,8975332,8282741,8282742,T,TC,1
NC_037328.1,NC_032650.1,8975378,8282788,8282789,G,GC,1
NC_037328.1,NC_032650.1,8975445,8282855,8282856,A,AC,1
NC_037328.1,NC_032650.1,8975529,8282940,8282941,A,AT,1
NC_037328.1,NC_032650.1,8976396,8283808,8283809,A,AT,1
NC_037328.1,NC_032650.1,8976418,8283831,8283832,C,CT,1
NC_037328.1,NC_032650.1,8976515,8283929,8283930,C,CA,1
NC_037328.1,NC_032650.1,8976812,8284227,8284228,a,at,1
NC_037328.1,NC_032650.1,8976902,8284318,8284319,a,at,1
NC_037328.1,NC_032650.1,8977657,8285068,8285069,a,at,1
NC_037328.1,NC_032650.1,8977660,8285072,8285073,g,ga,1
NC_037328.1,NC_032650.1,8977700,8285113,8285114,G,GA,1
NC_037328.1,NC_032650.1,8977746,8285159,8285160,t,ta,1
NC_037328.1,NC_032650.1,8978075,8285486,8285487,A,AT,1
NC_037328.1,NC_032650.1,8978295,8285707,8285708,C,CA,1
NC_037328.1,NC_032650.1,8978614,8286026,8286027,C,CA,1
NC_037328.1,NC_032650.1,8978948,8286361,8286362,T,TC,1
NC_037328.1,NC_032650.1,8979110,8286524,8286525,G,GT,1
NC_037328.1,NC_032650.1,8979361,8286775,8286776,C,CT,1
NC_037328.1,NC_032650.1,8979427,8286841,8286842,a,at,1
NC_037328.1,NC_032650.1,8979925,8287338,8287339,A,AC,1
NC_037328.1,NC_032650.1,8980050,8287464,8287465,g,ga,1
NC_037328.1,NC_032650.1,8980131,8287546,8287547,c,ca,1
NC_037328.1,NC_032650.1,8980340,8287756,8287757,T,TC,1
NC_037328.1,NC_032650.1,8981383,8288801,8288802,G,GT,1
NC_037328.1,NC_032650.1,8982636,8290055,8290056,A,AT,1
NC_037328.1,NC_032650.1,9116564,8418679,8418680,t,ta,1
NC_037328.1,NC_032650.1,9134247,8436429,8436430,G,GK,1
NC_037328.1,NC_032650.1,9214188,8518338,8518339,a,at,1
NC_037328.1,NC_032650.1,9303534,8607684,8607685,a,ac,1
NC_037328.1,NC_032650.1,9340926,8643850,8643851,t,tc,1
NC_037328.1,NC_032650.1,9368061,8670933,8670934,a,ac,1
NC_037328.1,NC_032650.1,9425258,8726529,8726530,C,CT,1
NC_037328.1,NC_032650.1,9425326,8726598,8726599,T,TA,1
NC_037328.1,NC_032650.1,9425364,8726637,8726638,T,TC,1
NC_037328.1,NC_032650.1,9425366,8726640,8726641,A,AT,1
NC_037328.1,NC_032650.1,9705126,9085479,9085480,c,ct,1
NC_037328.1,NC_032650.1,9738364,9118718,9118719,G,GA,1
NC_037328.1,NC_032650.1,9790684,9171463,9171464,g,gc,1
NC_037328.1,NC_032650.1,9876055,9257341,9257342,T,TA,1
NC_037328.1,NC_032650.1,9884738,9266025,9266027,t,tNN,2
NC_037328.1,NC_032650.1,10771704,10145279,10145283,C,CTGTT,4
NC_037328.1,NC_032650.1,10773797,10147376,10147381,A,AATTAC,5
NC_037328.1,NC_032650.1,10774283,10147867,10147868,g,gt,1
NC_037328.1,NC_032650.1,10779995,10153585,10153600,t,tccaaggagtaagcag,15
NC_037328.1,NC_032650.1,10782307,10155912,10155913,g,gt,1
NC_037328.1,NC_032650.1,10784173,10157779,10157781,C,CTT,2
NC_037328.1,NC_032650.1,10785065,10158673,10158676,T,TATC,3
NC_037328.1,NC_032650.1,10829243,10202963,10202966,C,CTGM,3
NC_037328.1,NC_032650.1,10832671,10206394,10206395,c,ct,1
NC_037328.1,NC_032650.1,10902693,10276816,10276817,a,at,1
NC_037328.1,NC_032650.1,10905078,10279202,10279203,g,gt,1
NC_037328.1,NC_032650.1,10905863,10279988,10279997,c,ctcttttgtt,9
NC_037328.1,NC_032650.1,10999921,10373991,10373992,c,ct,1
NC_037328.1,NC_032650.1,11043163,10420661,10420662,a,at,1
NC_037328.1,NC_032650.1,11051857,10429356,10429358,c,cct,2
NC_037328.1,NC_032650.1,11076915,10454419,10454424,C,CCATCA,5
NC_037328.1,NC_032650.1,11323989,10759128,10759129,g,gt,1
NC_037328.1,NC_032650.1,11328577,10764089,10764114,t,ttgatttgcatttctctgataatgag,25
NC_037328.1,NC_032650.1,11334174,10769635,10769708,T,TAAATTATTGGGATTTTTGTTCTCNNNNNNNNNNNNNNNNNNNNNNNNNNNNNNNNNNNNNNNNNNNNNAAGGA,73
NC_037328.1,NC_032650.1,11474770,10968563,10968564,C,CA,1
NC_037328.1,NC_032650.1,11607464,11114288,11114290,G,GGA,2
NC_037328.1,NC_032650.1,11625459,11132285,11132293,a,atttttttt,8
NC_037328.1,NC_032650.1,11630146,11136982,11136983,a,ac,1
NC_037328.1,NC_032650.1,11650731,11157573,11157585,g,gctgtcttttcac,12
NC_037328.1,NC_032650.1,11654159,11161013,11161014,c,ct,1
NC_037328.1,NC_032650.1,11669583,11175652,11175653,a,aR,1
NC_037328.1,NC_032650.1,11716624,11222745,11222746,g,ga,1
NC_037328.1,NC_032650.1,11769925,11276667,11276670,t,taaa,3
NC_037328.1,NC_032650.1,11909917,11416026,11416028,t,taa,2
NC_037328.1,NC_032650.1,11919924,11427317,11427321,C,CAGAA,4
NC_037328.1,NC_032650.1,11921560,11428960,11428962,T,TAC,2
NC_037328.1,NC_032650.1,11925442,11432844,11432845,a,ag,1
NC_037328.1,NC_032650.1,11965137,11472550,11472552,t,tNN,2
NC_037328.1,NC_032650.1,11998609,11506156,11506157,t,ta,1
NC_037328.1,NC_032650.1,12014290,11522420,11522421,T,TG,1
NC_037328.1,NC_032650.1,12014421,11522552,11522559,t,tatatata,7
NC_037328.1,NC_032650.1,12020606,11528744,11528745,G,GC,1
NC_037328.1,NC_032650.1,12030228,11538369,11538376,g,gcttttga,7
NC_037328.1,NC_032650.1,12061718,11568220,11568221,t,tN,1
NC_037328.1,NC_032650.1,12147034,11653586,11653587,t,tg,1
NC_037328.1,NC_032650.1,12147799,11654352,11654374,g,gatttctatttttttgaaataga,22
NC_037328.1,NC_032650.1,12151052,11657628,11657629,t,tN,1
NC_037328.1,NC_032650.1,12198946,11705525,11705526,t,ta,1
NC_037328.1,NC_032650.1,12270786,11777338,11777342,a,atgtt,4
NC_037328.1,NC_032650.1,12311297,11817859,11817861,a,atg,2
NC_037328.1,NC_032650.1,12348724,11855302,11855304,a,aNN,2
NC_037328.1,NC_032650.1,12444865,11951404,11951405,A,AT,1
NC_037328.1,NC_032650.1,12477185,11983729,11983733,T,TAGAA,4
NC_037328.1,NC_032650.1,12483430,11989986,11989987,C,CT,1
NC_037328.1,NC_032650.1,12543725,12050919,12050922,g,gggt,3
NC_037328.1,NC_032650.1,12573698,12080911,12080934,t,tatatatatatatatatatatata,23
NC_037328.1,NC_032650.1,12602634,12109871,12109872,t,tg,1
NC_037328.1,NC_032650.1,12602689,12109927,12109929,c,cag,2
NC_037328.1,NC_032650.1,12622695,12130127,12130128,g,ga,1
NC_037328.1,NC_032650.1,12997175,12575940,12575941,c,ct,1
NC_037328.1,NC_032650.1,13000062,12577855,12577856,c,ca,1
NC_037328.1,NC_032650.1,13006004,12583799,12583800,G,GN,1
NC_037328.1,NC_032650.1,13020651,12601361,12601363,C,CTT,2
NC_037328.1,NC_032650.1,13032249,12612962,12612963,A,AT,1
NC_037328.1,NC_032650.1,13034606,12615299,12615300,G,GC,1
NC_037328.1,NC_032650.1,13035240,12615933,12615934,g,gt,1
NC_037328.1,NC_032650.1,13096147,12684910,12684915,c,caactg,5
NC_037328.1,NC_032650.1,13126447,12712599,12712600,a,ag,1
NC_037328.1,NC_032650.1,13148368,12735303,12735304,t,tc,1
NC_037328.1,NC_032650.1,13204428,12791756,12791768,g,gaaaCCATGTCgc,12
NC_037328.1,NC_032650.1,13233879,12821224,12821229,g,gMtgct,5
NC_037328.1,NC_032650.1,13243255,12830608,12830614,a,aNNNNNN,6
NC_037328.1,NC_032650.1,13284115,12871476,12871477,g,gc,1
NC_037328.1,NC_032650.1,13284787,12872149,12872151,a,aNN,2
NC_037328.1,NC_032650.1,13305673,12893015,12893016,t,ta,1
NC_037328.1,NC_032650.1,13346820,12934163,12934164,a,at,1
NC_037328.1,NC_032650.1,13403517,12990860,12990863,t,tttg,3
NC_037328.1,NC_032650.1,13405759,12993105,12993107,g,gca,2
NC_037328.1,NC_032650.1,13406246,12993594,12993595,c,ct,1
NC_037328.1,NC_032650.1,13454005,13041359,13041360,t,tg,1
NC_037328.1,NC_032650.1,13454020,13041375,13041376,c,ct,1
NC_037328.1,NC_032650.1,13464050,13051614,13051618,c,caaaa,4
NC_037328.1,NC_032650.1,13474569,13062138,13062146,c,ctttttttt,8
NC_037328.1,NC_032650.1,13477016,13064593,13064601,g,gtatatata,8
NC_037328.1,NC_032650.1,13481999,13069584,13069585,G,GS,1
NC_037328.1,NC_032650.1,13483996,13071589,13071592,A,AGAT,3
NC_037328.1,NC_032650.1,13499771,13087362,13087363,T,TC,1
NC_037328.1,NC_032650.1,13509816,13097088,13097092,G,GATAK,4
NC_037328.1,NC_032650.1,13512190,13099457,13099458,c,ct,1
NC_037328.1,NC_032650.1,13512230,13099498,13099499,g,gt,1
NC_037328.1,NC_032650.1,13519798,13106602,13106604,g,gga,2
NC_037328.1,NC_032650.1,13522984,13109821,13109822,g,gt,1
NC_037328.1,NC_032650.1,13524397,13111234,13111235,G,GA,1
NC_037328.1,NC_032650.1,13526526,13113364,13113369,t,tttttg,5
NC_037328.1,NC_032650.1,13527340,13114180,13114193,c,cttttcactctcat,13
NC_037328.1,NC_032650.1,13528912,13115767,13115771,G,GTTAC,4
NC_037328.1,NC_032650.1,13530874,13117714,13117718,c,ctttt,4
NC_037328.1,NC_032650.1,13530896,13117740,13117746,a,actgctg,6
NC_037328.1,NC_032650.1,13554298,13141269,13141270,c,ca,1
NC_037328.1,NC_032650.1,13563224,13147457,13147458,g,ga,1
NC_037328.1,NC_032650.1,13563530,13147764,13147766,c,ctg,2
NC_037328.1,NC_032650.1,13569942,13154156,13154157,G,GT,1
NC_037328.1,NC_032650.1,13614820,13199551,13199563,t,ttatatatatata,12
NC_037328.1,NC_032650.1,13665383,13250001,13250002,g,ga,1
NC_037328.1,NC_032650.1,13702086,13294097,13294099,a,aNN,2
NC_037328.1,NC_032650.1,13705245,13297258,13297263,a,atatat,5
NC_037328.1,NC_032650.1,13722961,13314990,13314991,A,AC,1
NC_037328.1,NC_032650.1,13735360,13328397,13328408,C,CATATGGGCCAA,11
NC_037328.1,NC_032650.1,13747517,13340552,13340556,a,aNNNN,4
NC_037328.1,NC_032650.1,13766630,13359686,13359688,t,tNN,2
NC_037328.1,NC_032650.1,13776679,13369737,13369738,t,tc,1
NC_037328.1,NC_032650.1,13805370,13398422,13398425,C,CATT,3
NC_037328.1,NC_032650.1,13816277,13409330,13409332,a,atg,2
NC_037328.1,NC_032650.1,13843774,13436834,13436836,a,att,2
NC_037328.1,NC_032650.1,13874989,13468080,13468082,t,ttg,2
NC_037328.1,NC_032650.1,14045997,13648524,13648525,A,AG,1
NC_037328.1,NC_032650.1,14046887,13649415,13649417,t,taa,2
NC_037328.1,NC_032650.1,14049646,13652176,13652178,G,GYR,2
NC_037328.1,NC_032650.1,14119325,13724382,13724383,g,gc,1
NC_037328.1,NC_032650.1,14119445,13724504,13724505,g,ga,1
NC_037328.1,NC_032650.1,14228593,13840964,13840967,C,CATM,3
NC_037328.1,NC_032650.1,14252840,13866792,13866793,a,aN,1
NC_037328.1,NC_032650.1,14498715,14114524,14114526,A,AWT,2
NC_037328.1,NC_032650.1,14511180,14126979,14126982,c,ctgt,3
NC_037328.1,NC_032650.1,14575416,14302837,14302838,c,ct,1
NC_037328.1,NC_032650.1,14763612,14522331,14522332,a,at,1
NC_037328.1,NC_032650.1,14851920,14610136,14610137,g,ga,1
NC_037328.1,NC_032650.1,14859797,14618015,14618018,t,tagc,3
NC_037328.1,NC_032650.1,14903741,14672469,14672470,t,tK,1
NC_037328.1,NC_032650.1,14929994,14698737,14698738,G,GA,1
NC_037328.1,NC_032650.1,14945044,14766371,14766372,t,tg,1
NC_037328.1,NC_032650.1,14949449,14770777,14770781,a,aNNNN,4
NC_037328.1,NC_032650.1,14956152,14777486,14777487,g,ga,1
NC_037328.1,NC_032650.1,14995913,14817680,14817681,t,ta,1
NC_037328.1,NC_032650.1,15023041,14844812,14844813,T,TY,1
NC_037328.1,NC_032650.1,15076186,14847587,14847588,g,ga,1
NC_037328.1,NC_032650.1,15089875,14861265,14861266,t,ta,1
NC_037328.1,NC_032650.1,15174801,14946944,14946946,G,GGK,2
NC_037328.1,NC_032650.1,15184653,14956800,14956801,g,gt,1
NC_037328.1,NC_032650.1,15185454,14957602,14957604,t,taa,2
NC_037328.1,NC_032650.1,15189153,14961303,14961304,g,ga,1
NC_037328.1,NC_032650.1,15189275,14961426,14961427,t,tg,1
NC_037328.1,NC_032650.1,15190585,14962734,14962739,a,aacagc,5
NC_037328.1,NC_032650.1,15192650,14964195,14964196,G,GR,1
NC_037328.1,NC_032650.1,15197102,14968633,14968634,A,AR,1
NC_037328.1,NC_032650.1,15197730,14969262,14969263,T,TY,1
NC_037328.1,NC_032650.1,15200544,14972107,14972108,A,AW,1
NC_037328.1,NC_032650.1,15208638,14980202,14980203,a,ag,1
NC_037328.1,NC_032650.1,15212879,14984515,14984516,a,at,1
NC_037328.1,NC_032650.1,15216705,14988341,14988344,g,ggaa,3
NC_037328.1,NC_032650.1,15221409,14993046,14993047,A,AM,1
NC_037328.1,NC_032650.1,15222923,14994548,14994549,g,ga,1
NC_037328.1,NC_032650.1,15261866,15033513,15033519,t,tatataa,6
NC_037328.1,NC_032650.1,15266252,15037905,15037906,t,tc,1
NC_037328.1,NC_032650.1,15296367,15068021,15068022,g,gt,1
NC_037328.1,NC_032650.1,15303828,15075487,15075488,t,tg,1
NC_037328.1,NC_032650.1,15483938,15255628,15255629,t,tc,1
NC_037328.1,NC_032650.1,15485575,15257247,15257248,t,tc,1
NC_037328.1,NC_032650.1,15490737,15262410,15262411,g,ga,1
NC_037328.1,NC_032650.1,15492256,15263930,15263931,C,CA,1
NC_037328.1,NC_032650.1,15493644,15265318,15265319,C,CY,1
NC_037328.1,NC_032650.1,15493942,15271277,15271296,A,ATGGCGGATGACAGATTACT,19
NC_037328.1,NC_032650.1,15494571,15266364,15266367,a,aaag,3
NC_037328.1,NC_032650.1,15494571,15271919,15271922,a,aaag,3
NC_037328.1,NC_032650.1,15494874,15266671,15266672,A,AC,1
NC_037328.1,NC_032650.1,15494874,15272226,15272227,A,AC,1
NC_037328.1,NC_032650.1,15495146,15266945,15266946,t,ta,1
NC_037328.1,NC_032650.1,15495146,15272500,15272501,t,ta,1
NC_037328.1,NC_032650.1,15496268,15273616,15273617,g,gt,1
NC_037328.1,NC_032650.1,15503999,15281951,15281952,A,AT,1
NC_037328.1,NC_032650.1,15504298,15282251,15282252,c,ct,1
NC_037328.1,NC_032650.1,15505604,15283567,15283568,G,GT,1
NC_037328.1,NC_032650.1,15507404,15285364,15285365,T,TC,1
NC_037328.1,NC_032650.1,15508758,15286719,15286721,A,AAG,2
NC_037328.1,NC_032650.1,15511969,15289933,15289939,g,gttcaac,6
NC_037328.1,NC_032650.1,15514136,15399451,15399457,t,ttttttg,6
NC_037328.1,NC_032650.1,15526305,15387281,15387283,a,aac,2
NC_037328.1,NC_032650.1,15589010,15459253,15459254,t,ta,1
NC_037328.1,NC_032650.1,15592505,15462746,15462747,T,TR,1
NC_037328.1,NC_032650.1,15606303,15480893,15480895,a,aaM,2
NC_037328.1,NC_032650.1,15617824,15492426,15492427,T,TC,1
NC_037328.1,NC_032650.1,15625891,15500495,15500496,a,ag,1
NC_037328.1,NC_032650.1,15670676,15540022,15540023,t,ta,1
NC_037328.1,NC_032650.1,15670754,15540101,15540102,a,aM,1
NC_037328.1,NC_032650.1,15677038,15546327,15546328,T,TA,1
NC_037328.1,NC_032650.1,15677679,15546969,15546970,G,GY,1
NC_037328.1,NC_032650.1,15682506,15551802,15551806,A,ATCTC,4
NC_037328.1,NC_032650.1,15684764,15554064,15554067,G,GTGA,3
NC_037328.1,NC_032650.1,15689677,15558983,15558984,G,GT,1
NC_037328.1,NC_032650.1,15702252,15571497,15571498,a,at,1
NC_037328.1,NC_032650.1,15709608,15578858,15578860,A,AAT,2
NC_037328.1,NC_032650.1,16034563,15970240,15970242,a,acg,2
NC_037328.1,NC_032650.1,16046199,15981878,15981879,t,ta,1
NC_037328.1,NC_032650.1,16047244,15982924,15982925,g,gt,1
NC_037328.1,NC_032650.1,16073956,16009792,16009793,T,TA,1
NC_037328.1,NC_032650.1,16099137,16034996,16034997,t,ta,1
NC_037328.1,NC_032650.1,16100064,16035924,16035925,A,At,1
NC_037328.1,NC_032650.1,16100177,16036038,16036039,a,ag,1
NC_037328.1,NC_032650.1,16101976,16037837,16037838,T,TR,1
NC_037328.1,NC_032650.1,16112180,16048052,16048053,T,TG,1
NC_037328.1,NC_032650.1,16156436,16092324,16092325,C,CA,1
NC_037328.1,NC_032650.1,16170965,16106854,16106855,t,ta,1
NC_037328.1,NC_032650.1,16182425,16118314,16118316,t,tNN,2
NC_037328.1,NC_032650.1,16183179,16119070,16119071,g,gt,1
NC_037328.1,NC_032650.1,16205371,16141265,16141273,t,tNNNNNNNN,8
NC_037328.1,NC_032650.1,16306539,16242735,16242736,T,TA,1
NC_037328.1,NC_032650.1,16318625,16254818,16254819,a,at,1
NC_037328.1,NC_032650.1,16320354,16256550,16256551,g,ga,1
NC_037328.1,NC_032650.1,16330112,16266306,16266308,C,CCT,2
NC_037328.1,NC_032650.1,16354530,16290683,16290685,t,taa,2
NC_037328.1,NC_032650.1,16369597,16305903,16305905,a,aat,2
NC_037328.1,NC_032650.1,16371596,16307754,16307757,t,tttY,3
NC_037328.1,NC_032650.1,16373451,16309614,16309616,t,taa,2
NC_037328.1,NC_032650.1,16375016,16311178,16311185,c,ctttcact,7
NC_037328.1,NC_032650.1,16393928,16330084,16330085,a,at,1
NC_037328.1,NC_032650.1,16410727,16346887,16346891,a,acagc,4
NC_037328.1,NC_032650.1,16444162,16380143,16380185,c,cttatatatatatatatatatatatatatatatatatatatat,42
NC_037328.1,NC_032650.1,16447362,16383385,16383386,C,CM,1
NC_037328.1,NC_032650.1,16450812,16386840,16386841,a,at,1
NC_037328.1,NC_032650.1,16451059,16387088,16387089,a,at,1
NC_037328.1,NC_032650.1,16482413,16418448,16418449,a,aM,1
NC_037328.1,NC_032650.1,16754187,16466208,16466212,T,TTAAG,4
NC_037328.1,NC_032650.1,16866932,16556283,16556289,a,aNNNNNN,6
NC_037328.1,NC_032650.1,16902391,16591755,16591756,g,ga,1
NC_037328.1,NC_032650.1,16934291,16656941,16656942,a,aN,1
NC_037328.1,NC_032650.1,16937394,16660046,16660047,T,TG,1
NC_037328.1,NC_032650.1,16942655,16665313,16665315,T,TAA,2
NC_037328.1,NC_032650.1,16944894,16667554,16667555,A,AT,1
NC_037328.1,NC_032650.1,16946959,16669619,16669620,t,ta,1
NC_037328.1,NC_032650.1,16952024,16674815,16674816,c,cS,1
NC_037328.1,NC_032650.1,16954691,16677484,16677485,a,at,1
NC_037328.1,NC_032650.1,16956165,16678961,16678962,a,at,1
NC_037328.1,NC_032650.1,16957669,16680466,16680467,t,tc,1
NC_037328.1,NC_032650.1,16960207,16683003,16683010,g,ggtggtct,7
NC_037328.1,NC_032650.1,16978302,16700825,16700826,t,tg,1
NC_037328.1,NC_032650.1,17104733,16823574,16823575,a,at,1
NC_037328.1,NC_032650.1,17108663,16827524,16827526,t,tta,2
NC_037328.1,NC_032650.1,17111766,16830627,16830629,A,AAC,2
NC_037328.1,NC_032650.1,17137945,16855625,16855626,C,CT,1
NC_037328.1,NC_032650.1,17148518,16866201,16866202,T,TA,1
NC_037328.1,NC_032650.1,17256837,17001635,17001636,a,ac,1
NC_037328.1,NC_032650.1,17256849,17001648,17001649,g,ga,1
NC_037328.1,NC_032650.1,17256900,17001700,17001701,g,ga,1
NC_037328.1,NC_032650.1,17315721,16948834,16948835,g,ga,1
NC_037328.1,NC_032650.1,17319824,16952940,16952941,t,tg,1
NC_037328.1,NC_032650.1,17375214,17062804,17062808,C,CATTT,4
NC_037328.1,NC_032650.1,17396810,17084421,17084422,C,CG,1
NC_037328.1,NC_032650.1,17425662,17113144,17113145,c,ct,1
NC_037328.1,NC_032650.1,17464532,17151925,17151927,t,ttg,2
NC_037328.1,NC_032650.1,17480553,17167950,17167951,g,ga,1
NC_037328.1,NC_032650.1,17482073,17169465,17169466,t,tY,1
NC_037328.1,NC_032650.1,17503668,17190634,17190635,a,aN,1
NC_037328.1,NC_032650.1,17503859,17190826,17190827,t,tg,1
NC_037328.1,NC_032650.1,17504456,17191424,17191425,A,AW,1
NC_037328.1,NC_032650.1,17513794,17200717,17200718,a,ac,1
NC_037328.1,NC_032650.1,17516358,17203283,17203284,t,ta,1
NC_037328.1,NC_032650.1,17520816,17207734,17207737,a,attt,3
NC_037328.1,NC_032650.1,17535092,17221913,17221914,A,AT,1
NC_037328.1,NC_032650.1,17536331,17223153,17223154,A,AC,1
NC_037328.1,NC_032650.1,17557854,17244560,17244566,a,agagatc,6
NC_037328.1,NC_032650.1,17579062,17291096,17291097,c,ca,1
NC_037328.1,NC_032650.1,17636975,17348454,17348455,a,at,1
NC_037328.1,NC_032650.1,17675149,17386630,17386631,c,ca,1
NC_037328.1,NC_032650.1,17682099,17393565,17393566,t,ta,1
NC_037328.1,NC_032650.1,17768872,17501423,17501424,A,AG,1
NC_037328.1,NC_032650.1,17787774,17520328,17520329,t,tc,1
NC_037328.1,NC_032650.1,17788761,17521315,17521316,a,at,1
NC_037328.1,NC_032650.1,17797798,17530362,17530370,t,tatgtatag,8
NC_037328.1,NC_032650.1,17800408,17532983,17532984,g,gc,1
NC_037328.1,NC_032650.1,17854008,17586607,17586611,a,aNNNN,4
NC_037328.1,NC_032650.1,17858721,17591329,17591330,G,GR,1
NC_037328.1,NC_032650.1,17907097,17494172,17494173,A,AG,1
NC_037328.1,NC_032650.1,17911836,17617482,17617494,c,ctctggcaaaggt,12
NC_037328.1,NC_032650.1,17911841,17617499,17617505,a,aggaagg,6
NC_037328.1,NC_032650.1,17912962,17618625,17618626,c,ct,1
NC_037328.1,NC_032650.1,17941487,17646977,17646978,t,ta,1
NC_037328.1,NC_032650.1,17955746,17662583,17662586,c,ccca,3
NC_037328.1,NC_032650.1,18110765,17796106,17796127,g,ggGGACTCTGAAGGNNNNNNNN,21
NC_037328.1,NC_032650.1,18301005,17945524,17945525,a,at,1
NC_037328.1,NC_032650.1,18391803,18017583,18017584,a,at,1
NC_037328.1,NC_032650.1,18394435,18020218,18020219,a,ac,1
NC_037328.1,NC_032650.1,18395418,18021202,18021203,c,ct,1
NC_037328.1,NC_032650.1,18396392,18022178,18022179,G,GR,1
NC_037328.1,NC_032650.1,18402494,18028287,18028289,A,AGT,2
NC_037328.1,NC_032650.1,18406654,18032449,18032450,C,CY,1
NC_037328.1,NC_032650.1,18468208,18094005,18094007,T,TTC,2
NC_037328.1,NC_032650.1,18514442,18220064,18220065,c,ct,1
NC_037328.1,NC_032650.1,18524761,18230721,18230722,a,ag,1
NC_037328.1,NC_032650.1,18524942,18230903,18230906,g,gagt,3
NC_037328.1,NC_032650.1,18539118,18245095,18245096,t,tc,1
NC_037328.1,NC_032650.1,18539528,18245506,18245507,t,tg,1
NC_037328.1,NC_032650.1,18550758,18256735,18256736,a,ac,1
NC_037328.1,NC_032650.1,18575689,18281681,18281682,G,GA,1
NC_037328.1,NC_032650.1,18594275,18300264,18300265,a,at,1
NC_037328.1,NC_032650.1,18640001,18346010,18346013,T,TAAA,3
NC_037328.1,NC_032650.1,18667525,18373563,18373566,T,TAAA,3
NC_037328.1,NC_032650.1,18728975,18443166,18443171,C,CTATTT,5
NC_037328.1,NC_032650.1,18753439,18467689,18467690,a,ag,1
NC_037328.1,NC_032650.1,18769324,18483563,18483568,g,gactga,5
NC_037328.1,NC_032650.1,18887692,18601943,18601944,T,TW,1
NC_037328.1,NC_032650.1,18934338,17017229,17017232,a,aaag,3
NC_037328.1,NC_032650.1,18967078,18676564,18676565,c,ca,1
NC_037328.1,NC_032650.1,18973577,18683078,18683079,t,tN,1
NC_037328.1,NC_032650.1,18999994,18709389,18709390,t,tg,1
NC_037328.1,NC_032650.1,19045246,18753791,18753792,a,at,1
NC_037328.1,NC_032650.1,19075158,18783815,18783816,t,tc,1
NC_037328.1,NC_032650.1,19075186,18783844,18783845,g,ga,1
NC_037328.1,NC_032650.1,19113894,18823088,18823090,a,aat,2
NC_037328.1,NC_032650.1,19362659,19068166,19068167,G,GA,1
NC_037328.1,NC_032650.1,19362674,19068182,19068183,C,CT,1
NC_037328.1,NC_032650.1,19362687,19068196,19068197,G,GA,1
NC_037328.1,NC_032650.1,19445647,19161830,19161832,a,aNN,2
NC_037328.1,NC_032650.1,19580650,19298092,19298093,G,GA,1
NC_037328.1,NC_032650.1,19643621,19361071,19361072,T,TG,1
NC_037328.1,NC_032650.1,19743608,19461028,19461030,a,aac,2
NC_037328.1,NC_032650.1,19755147,19472569,19472570,c,ct,1
NC_037328.1,NC_032650.1,19780389,19498230,19498231,t,tc,1
NC_037328.1,NC_032650.1,19835233,19553076,19553078,t,tcc,2
NC_037328.1,NC_032650.1,19872784,19592681,19592682,G,GC,1
NC_037328.1,NC_032650.1,19996413,19720959,19720983,a,atcgNNNNNNNNNNNNNNNNNNNNN,24
NC_037328.1,NC_032650.1,19996490,19721060,19721061,g,gt,1
NC_037328.1,NC_032650.1,20107549,19832643,19832644,g,ga,1
NC_037328.1,NC_032650.1,20114282,19839377,19839378,t,tc,1
NC_037328.1,NC_032650.1,20162306,19887403,19887405,a,aNN,2
NC_037328.1,NC_032650.1,20323911,20049141,20049153,c,cNNNNNNNNNNNN,12
NC_037328.1,NC_032650.1,20376734,20101107,20101109,t,tNN,2
NC_037328.1,NC_032650.1,20410708,20135087,20135088,c,ct,1
NC_037328.1,NC_032650.1,20558465,20286011,20286012,a,at,1
NC_037328.1,NC_032650.1,20859898,20598199,20598200,G,GR,1
NC_037328.1,NC_032650.1,21024517,20771350,20771355,a,atttac,5
NC_037328.1,NC_032650.1,21037717,20794117,20794118,a,at,1
NC_037328.1,NC_032650.1,21209073,20965812,20965814,G,GCC,2
NC_037328.1,NC_032650.1,21225375,20982117,20982118,a,at,1
NC_037328.1,NC_032650.1,21247901,21004647,21004648,g,ga,1
NC_037328.1,NC_032650.1,21319386,21076135,21076137,t,tNN,2
NC_037328.1,NC_032650.1,21331237,21088366,21088368,G,GAC,2
NC_037328.1,NC_032650.1,21332535,21089666,21089667,t,ta,1
NC_037328.1,NC_032650.1,21739892,21528723,21528727,a,aaaac,4
NC_037328.1,NC_032650.1,21789914,21578747,21578748,a,ac,1
NC_037328.1,NC_032650.1,21802422,21591407,21591408,C,CT,1
NC_037328.1,NC_032650.1,21803439,21592410,21592411,t,ta,1
NC_037328.1,NC_032650.1,21803502,21592474,21592475,a,at,1
NC_037328.1,NC_032650.1,21806824,21595808,21595809,g,ga,1
NC_037328.1,NC_032650.1,21813546,21602523,21602524,a,at,1
NC_037328.1,NC_032650.1,21819735,21608708,21608710,t,ttg,2
NC_037328.1,NC_032650.1,21888519,21677743,21677744,c,ca,1
NC_037328.1,NC_032650.1,21890541,21679766,21679767,T,TA,1
NC_037328.1,NC_032650.1,21952093,21740690,21740691,c,ca,1
NC_037328.1,NC_032650.1,22029719,21818320,21818321,t,ta,1
NC_037328.1,NC_032650.1,22107227,21896984,21896994,t,tatatNNNNNN,10
NC_037328.1,NC_032650.1,22117658,21907432,21907433,A,AC,1
NC_037328.1,NC_032650.1,22123160,21912925,21912926,t,ta,1
NC_037328.1,NC_032650.1,22123218,21912984,21912985,c,ct,1
NC_037328.1,NC_032650.1,22174098,21963872,21963888,C,CAAANNNNNNNNNNNNN,16
NC_037328.1,NC_032650.1,22195946,21985738,21985740,t,tNN,2
NC_037328.1,NC_032650.1,22272139,22061631,22061632,g,gt,1
NC_037328.1,NC_032650.1,22346384,22135958,22135959,t,tg,1
NC_037328.1,NC_032650.1,22358514,22148090,22148091,c,ca,1
NC_037328.1,NC_032650.1,22359057,22148634,22148637,A,ACAT,3
NC_037328.1,NC_032650.1,22392896,22183195,22183196,c,ct,1
NC_037328.1,NC_032650.1,22404102,22194382,22194385,t,tctc,3
NC_037328.1,NC_032650.1,22480451,22270132,22270143,A,ACAGGAAATGAR,11
NC_037328.1,NC_032650.1,22482887,22272579,22272580,G,GA,1
NC_037328.1,NC_032650.1,22512279,22301971,22301972,C,CM,1
NC_037328.1,NC_032650.1,22519145,22308828,22308836,t,tatatataa,8
NC_037328.1,NC_032650.1,22525958,22315669,22315670,A,AG,1
NC_037328.1,NC_032650.1,22572941,22363314,22363320,g,gggagga,6
NC_037328.1,NC_032650.1,22576816,22367189,22367190,c,ct,1
NC_037328.1,NC_032650.1,22612905,22403284,22403285,G,GK,1
NC_037328.1,NC_032650.1,22617396,22407777,22407779,a,aac,2
NC_037328.1,NC_032650.1,22625503,22415798,22415799,A,AG,1
NC_037328.1,NC_032650.1,22633573,22423868,22423869,G,GT,1
NC_037328.1,NC_032650.1,22640070,22430366,22430367,T,TW,1
NC_037328.1,NC_032650.1,22642890,22433187,22433188,T,TC,1
NC_037328.1,NC_032650.1,22798662,22588950,22588952,a,aNN,2
NC_037328.1,NC_032650.1,22872987,22663249,22663250,T,TA,1
NC_037328.1,NC_032650.1,22910560,22700596,22700597,a,at,1
NC_037328.1,NC_032650.1,22944064,22734165,22734166,c,ca,1
NC_037328.1,NC_032650.1,22963471,22753577,22753578,A,AR,1
NC_037328.1,NC_032650.1,23043748,22905311,22905312,C,CG,1
NC_037328.1,NC_032650.1,23063374,22924942,22924943,c,ct,1
NC_037328.1,NC_032650.1,23093606,22952435,22952437,A,ACC,2
NC_037328.1,NC_032650.1,23103425,22962261,22962262,t,ta,1
NC_037328.1,NC_032650.1,23104400,22963237,22963238,a,at,1
NC_037328.1,NC_032650.1,23175267,23034772,23034773,C,CM,1
NC_037328.1,NC_032650.1,23180568,23040074,23040075,A,AG,1
NC_037328.1,NC_032650.1,23202127,23062866,23062870,C,CAATW,4
NC_037328.1,NC_032650.1,23228064,23088877,23088879,g,gaa,2
NC_037328.1,NC_032650.1,23293949,23154598,23154599,C,CY,1
NC_037328.1,NC_032650.1,23311500,23172149,23172150,t,tc,1
NC_037328.1,NC_032650.1,23311938,23172589,23172592,C,CATA,3
NC_037328.1,NC_032650.1,23312100,23172753,23172782,t,ttatagtgtatatatattatatatatatta,29
NC_037328.1,NC_032650.1,23314430,23175116,23175125,C,CATATCCATA,9
NC_037328.1,NC_032650.1,23316328,23177023,23177024,G,GA,1
NC_037328.1,NC_032650.1,23320034,23180732,23180733,a,ag,1
NC_037328.1,NC_032650.1,23338452,23199130,23199131,g,gt,1
NC_037328.1,NC_032650.1,23370635,23231447,23231448,A,AG,1
NC_037328.1,NC_032650.1,23381601,23242414,23242415,c,ct,1
NC_037328.1,NC_032650.1,23421332,23282152,23282153,a,at,1
NC_037328.1,NC_032650.1,23434035,23294980,23294982,T,TCA,2
NC_037328.1,NC_032650.1,23434329,23295276,23295280,t,taaag,4
NC_037328.1,NC_032650.1,23493558,23355858,23355863,G,GACTGC,5
NC_037328.1,NC_032650.1,23561283,23424970,23424985,t,tcgcagcagcagcagc,15
NC_037328.1,NC_032650.1,23564638,23428343,23428344,A,AC,1
NC_037328.1,NC_032650.1,23577562,23441319,23441320,g,gt,1
NC_037328.1,NC_032650.1,23744119,23609126,23609127,a,aN,1
NC_037328.1,NC_032650.1,23771572,23691714,23691741,G,GCTNNNNNNNNNNNNNNNNNNNNNNNNN,27
NC_037328.1,NC_032650.1,23796851,23717421,23717422,A,AG,1
NC_037328.1,NC_032650.1,23806752,23727325,23727326,A,AG,1
NC_037328.1,NC_032650.1,23814012,23734596,23734598,G,GGA,2
NC_037328.1,NC_032650.1,23831840,23752903,23752906,T,TGTC,3
NC_037328.1,NC_032650.1,23850910,23773613,23773617,c,ctttt,4
NC_037328.1,NC_032650.1,23869823,23792530,23792533,T,TATG,3
NC_037328.1,NC_032650.1,23927457,23849979,23849980,G,GA,1
NC_037328.1,NC_032650.1,23930411,23852935,23852937,a,aag,2
NC_037328.1,NC_032650.1,23935279,23857806,23857807,c,ca,1
NC_037328.1,NC_032650.1,23943812,23866160,23866161,g,ga,1
NC_037328.1,NC_032650.1,23944912,23867264,23867265,a,at,1
NC_037328.1,NC_032650.1,23947511,23869864,23869865,T,TG,1
NC_037328.1,NC_032650.1,23957482,23879832,23879834,g,gga,2
NC_037328.1,NC_032650.1,23959254,23881606,23881607,T,TC,1
NC_037328.1,NC_032650.1,23965834,23888206,23888208,c,cat,2
NC_037328.1,NC_032650.1,25508884,25386559,25386560,A,AG,1
NC_037328.1,NC_032650.1,25515165,25392849,25392850,T,TC,1
NC_037328.1,NC_032650.1,25528071,25405754,25405755,g,gt,1
NC_037328.1,NC_032650.1,25579860,25461536,25461539,t,tttg,3
NC_037328.1,NC_032650.1,25580243,25461922,25461924,C,CAR,2
NC_037328.1,NC_032650.1,25585781,25467467,25467468,g,gt,1
NC_037328.1,NC_032650.1,25613389,25495005,25495006,A,AW,1
NC_037328.1,NC_032650.1,25621709,25503329,25503330,a,ag,1
NC_037328.1,NC_032650.1,25775776,25660209,25660210,g,gc,1
NC_037328.1,NC_032650.1,25819066,25707437,25707438,t,tg,1
NC_037328.1,NC_032650.1,25888951,25777387,25777390,C,CAAS,3
NC_037328.1,NC_032650.1,25897142,25785609,25785612,g,gagA,3
NC_037328.1,NC_032650.1,25951387,25839857,25839858,c,ct,1
NC_037328.1,NC_032650.1,25989513,25876786,25876791,a,aaaaat,5
NC_037328.1,NC_032650.1,26052314,25938983,25938984,A,AN,1
NC_037328.1,NC_032650.1,26068863,25958061,25958063,C,CTT,2
NC_037328.1,NC_032650.1,26074850,26002171,26002172,T,TG,1
NC_037328.1,NC_032650.1,26075294,26002616,26002617,G,GT,1
NC_037328.1,NC_032650.1,26116009,26043354,26043355,G,GT,1
NC_037328.1,NC_032650.1,26173170,26099902,26099903,T,TY,1
NC_037328.1,NC_032650.1,26173219,26099953,26099954,C,CA,1
NC_037328.1,NC_032650.1,26187653,26114322,26114323,T,TY,1
NC_037328.1,NC_032650.1,26268799,26195468,26195469,C,CT,1
NC_037328.1,NC_032650.1,26290247,26216919,26216921,g,gca,2
NC_037328.1,NC_032650.1,26301883,26228558,26228559,g,ga,1
NC_037328.1,NC_032650.1,26307256,26233933,26233934,A,AC,1
NC_037328.1,NC_032650.1,26376229,26328874,26328876,a,aNN,2
NC_037328.1,NC_032650.1,26559611,26541042,26541043,G,GS,1
NC_037328.1,NC_032650.1,26564048,26545478,26545481,C,CAGA,3
NC_037328.1,NC_032650.1,26611839,26593242,26593244,g,gca,2
NC_037328.1,NC_032650.1,26631735,26613124,26613125,t,tg,1
NC_037328.1,NC_032650.1,27022064,27009045,27009047,a,aNN,2
NC_037328.1,NC_032650.1,27099819,27086662,27086664,a,aat,2
NC_037328.1,NC_032650.1,27110891,27097731,27097733,t,tNN,2
NC_037328.1,NC_032650.1,27143063,27129907,27129908,t,ta,1
NC_037328.1,NC_032650.1,27166489,27153340,27153342,t,tta,2
NC_037328.1,NC_032650.1,27171047,27157906,27157914,C,CTTCATTCT,8
NC_037328.1,NC_032650.1,27173319,27160274,27160276,A,AAC,2
NC_037328.1,NC_032650.1,27173427,27160384,27160385,G,GA,1
NC_037328.1,NC_032650.1,27177712,27164673,27164674,g,ga,1
NC_037328.1,NC_032650.1,27177750,27164712,27164713,c,ca,1
NC_037328.1,NC_032650.1,27178489,27165453,27165454,g,ga,1
NC_037328.1,NC_032650.1,27258132,27249141,27249142,c,ct,1
NC_037328.1,NC_032650.1,27258553,27249562,27249563,c,ct,1
NC_037328.1,NC_032650.1,27264774,27255779,27255780,a,ag,1
NC_037328.1,NC_032650.1,27294235,27286416,27286417,A,AT,1
NC_037328.1,NC_032650.1,27325283,27408720,27408721,a,ag,1
NC_037328.1,NC_032650.1,27337272,27420719,27420721,C,CTA,2
NC_037328.1,NC_032650.1,27344509,27427958,27427960,t,ttc,2
NC_037328.1,NC_032650.1,27346228,27306756,27306757,g,ga,1
NC_037328.1,NC_032650.1,27346816,27430266,27430267,C,CT,1
NC_037328.1,NC_032650.1,27348640,27309155,27309160,G,GCTTAT,5
NC_037328.1,NC_032650.1,27355848,27316369,27316383,G,GGGCTAATGTAAAAT,14
NC_037328.1,NC_032650.1,27356177,27316712,27316713,T,TW,1
NC_037328.1,NC_032650.1,27366873,27327416,27327417,a,at,1
NC_037328.1,NC_032650.1,27367742,27328285,27328286,c,ct,1
NC_037328.1,NC_032650.1,27375320,27335866,27335867,T,TW,1
NC_037328.1,NC_032650.1,27377743,27338293,27338294,c,ct,1
NC_037328.1,NC_032650.1,27379213,27339762,27339763,G,GM,1
NC_037328.1,NC_032650.1,27381599,27342031,27342032,G,GC,1
NC_037328.1,NC_032650.1,27386923,27347358,27347359,C,CT,1
NC_037328.1,NC_032650.1,27397258,27357212,27357213,a,ag,1
NC_037328.1,NC_032650.1,27398303,27358167,27358188,g,gtacggcaaagtgatcCAGTCA,21
NC_037328.1,NC_032650.1,27413983,27373863,27373868,A,AGGTCT,5
NC_037328.1,NC_032650.1,27421070,27380955,27380963,C,CAAGTTATA,8
NC_037328.1,NC_032650.1,27421070,27434892,27434900,C,CAAGTTATA,8
NC_037328.1,NC_032650.1,27467291,27481279,27481285,t,tNNNNNN,6
NC_037328.1,NC_032650.1,27514889,27528865,27528866,t,ta,1
NC_037328.1,NC_032650.1,27532582,27546571,27546572,T,TY,1
NC_037328.1,NC_032650.1,27536852,27550845,27550846,t,tc,1
NC_037328.1,NC_032650.1,27569154,27612609,27612610,g,ga,1
NC_037328.1,NC_032650.1,27625404,27668478,27668479,T,TC,1
NC_037328.1,NC_032650.1,27646546,27689643,27689644,a,at,1
NC_037328.1,NC_032650.1,27646638,27689736,27689738,a,act,2
NC_037328.1,NC_032650.1,27652209,27787037,27787039,t,taa,2
NC_037328.1,NC_032650.1,27660261,27703365,27703366,G,GN,1
NC_037328.1,NC_032650.1,27737405,27872508,27872509,T,TY,1
NC_037328.1,NC_032650.1,27738461,27873565,27873567,T,TTG,2
NC_037328.1,NC_032650.1,27740086,27875192,27875194,C,CCA,2
NC_037328.1,NC_032650.1,27747153,27882275,27882278,t,tttg,3
NC_037328.1,NC_032650.1,27747166,27882291,27882292,t,tg,1
NC_037328.1,NC_032650.1,27753416,27888336,27888337,G,GR,1
NC_037328.1,NC_032650.1,27765546,27900013,27900014,t,ta,1
NC_037328.1,NC_032650.1,27770705,27905173,27905174,G,GS,1
NC_037328.1,NC_032650.1,27775030,27909502,27909510,c,catatatat,8
NC_037328.1,NC_032650.1,27800532,27934826,27934828,t,tta,2
NC_037328.1,NC_032650.1,27800623,27934919,27934920,c,ct,1
NC_037328.1,NC_032650.1,27801572,27935869,27935870,A,AT,1
NC_037328.1,NC_032650.1,27801774,27936072,27936073,A,AC,1
NC_037328.1,NC_032650.1,27805559,27939858,27939859,G,GA,1
NC_037328.1,NC_032650.1,27809877,27944184,27944185,c,ct,1
NC_037328.1,NC_032650.1,27826924,27961246,27961247,t,ta,1
NC_037328.1,NC_032650.1,27827751,27962072,27962073,A,AC,1
NC_037328.1,NC_032650.1,27827839,27962161,27962163,a,aag,2
NC_037328.1,NC_032650.1,27829600,27963913,27963914,t,tc,1
NC_037328.1,NC_032650.1,27875311,28010011,28010012,c,cg,1
NC_037328.1,NC_032650.1,27884084,28021202,28021204,a,agg,2
NC_037328.1,NC_032650.1,27886303,28023423,28023424,C,CN,1
NC_037328.1,NC_032650.1,27938615,28075979,28075980,t,tc,1
NC_037328.1,NC_032650.1,28124958,28380686,28380703,a,acgagaaacgctggattg,17
NC_037328.1,NC_032650.1,28125194,28380939,28380940,a,ag,1
NC_037328.1,NC_032650.1,28165717,28506891,28506892,t,tN,1
NC_037328.1,NC_032650.1,28243052,28586849,28586850,A,AG,1
NC_037328.1,NC_032650.1,28248101,28591897,28591898,G,GK,1
NC_037328.1,NC_032650.1,28284388,28628297,28628298,t,tg,1
NC_037328.1,NC_032650.1,28299492,28643427,28643428,t,tc,1
NC_037328.1,NC_032650.1,28302717,28646653,28646655,g,gct,2
NC_037328.1,NC_032650.1,28320502,28664442,28664443,A,AG,1
NC_037328.1,NC_032650.1,28320623,28664563,28664569,t,tataagc,6
NC_037328.1,NC_032650.1,28322313,28666259,28666264,a,attact,5
NC_037328.1,NC_032650.1,28322818,28666769,28666770,A,AT,1
NC_037328.1,NC_032650.1,28334460,28678422,28678423,a,at,1
NC_037328.1,NC_032650.1,28349271,28693296,28693299,A,AATG,3
NC_037328.1,NC_032650.1,28350761,28694787,28694788,t,tc,1
NC_037328.1,NC_032650.1,28373273,28717308,28717309,C,CT,1
NC_037328.1,NC_032650.1,28373273,28732063,28732064,C,CT,1
NC_037328.1,NC_032650.1,28377687,28721736,28721737,g,gc,1
NC_037328.1,NC_032650.1,28377687,28736491,28736492,g,gc,1
NC_037328.1,NC_032650.1,28377690,28721740,28721743,g,gaga,3
NC_037328.1,NC_032650.1,28377690,28736495,28736498,g,gaga,3
NC_037328.1,NC_032650.1,28380061,28724114,28724115,t,tN,1
NC_037328.1,NC_032650.1,28393932,28752208,28752209,C,CT,1
NC_037328.1,NC_032650.1,28463880,28821353,28821354,T,TK,1
NC_037328.1,NC_032650.1,28498052,28855692,28855696,a,attat,4
NC_037328.1,NC_032650.1,28663913,28969981,28969982,a,ac,1
NC_037328.1,NC_032650.1,28710569,29016852,29016907,A,AAGTCAGCGGTTAGNNNNNNNNNNNNNNNNNNNNNNNNNNNNNTTACCCGGTTTTT,55
NC_037328.1,NC_032650.1,28714571,29020909,29020910,G,GR,1
NC_037328.1,NC_032650.1,28834090,29140349,29140350,a,aR,1
NC_037328.1,NC_032650.1,28860828,29167821,29167822,a,at,1
NC_037328.1,NC_032650.1,29029165,29334676,29334677,C,CG,1
NC_037328.1,NC_032650.1,29083254,29388433,29388434,C,CM,1
NC_037328.1,NC_032650.1,29083297,29388478,29388479,G,GT,1
NC_037328.1,NC_032650.1,29148870,29453917,29453920,g,ggaa,3
NC_037328.1,NC_032650.1,29184424,29495537,29495538,t,ta,1
NC_037328.1,NC_032650.1,29184477,29495591,29495592,t,tg,1
NC_037328.1,NC_032650.1,29205507,29516414,29516415,A,AR,1
NC_037328.1,NC_032650.1,29214880,29525789,29525790,c,ca,1
NC_037328.1,NC_032650.1,29221400,29532311,29532312,G,GA,1
NC_037328.1,NC_032650.1,29222226,29533138,29533139,T,TY,1
NC_037328.1,NC_032650.1,29222265,29533178,29533179,c,ct,1
NC_037328.1,NC_032650.1,29251210,29562129,29562130,A,AM,1
NC_037328.1,NC_032650.1,29275807,29586552,29586553,T,TC,1
NC_037328.1,NC_032650.1,29302724,29614329,29614330,C,CW,1
NC_037328.1,NC_032650.1,29357690,29669313,29669315,C,CCT,2
NC_037328.1,NC_032650.1,29358123,29669747,29669749,g,gaa,2
NC_037328.1,NC_032650.1,29358325,29669951,29669952,C,CT,1
NC_037328.1,NC_032650.1,29361991,29673616,29673627,A,AATATACTATAT,11
NC_037328.1,NC_032650.1,29371627,29683289,29683300,C,CCGAAGgttggg,11
NC_037328.1,NC_032650.1,29486649,29797522,29797531,g,gaaaaagagt,9
NC_037328.1,NC_032650.1,29500438,29811321,29811322,t,ta,1
NC_037328.1,NC_032650.1,29519207,29830033,29830034,C,CA,1
NC_037328.1,NC_032650.1,29584597,29895371,29895372,T,TG,1
NC_037328.1,NC_032650.1,29590896,29901671,29901672,g,ga,1
NC_037328.1,NC_032650.1,29649576,29960811,29960812,g,gc,1
NC_037328.1,NC_032650.1,29752086,30063422,30063423,g,gc,1
NC_037328.1,NC_032650.1,29766367,30077588,30077589,C,CS,1
NC_037328.1,NC_032650.1,29768141,30079363,30079364,g,gt,1
NC_037328.1,NC_032650.1,29772124,30083347,30083348,T,TC,1
NC_037328.1,NC_032650.1,29814001,30129076,30129081,c,cttttt,5
NC_037328.1,NC_032650.1,29869599,30188222,30188224,C,CAG,2
NC_037328.1,NC_032650.1,29871850,30190472,30190474,C,CTG,2
NC_037328.1,NC_032650.1,29873133,30192148,30192172,T,TNNNNNNNNNNNNNNNNNNNNNNNN,24
NC_037328.1,NC_032650.1,29897158,30216208,30216210,a,aac,2
NC_037328.1,NC_032650.1,29927320,30246063,30246066,T,TCTC,3
NC_037328.1,NC_032650.1,30068007,30387469,30387470,T,TW,1
NC_037328.1,NC_032650.1,30075942,30395404,30395406,c,cat,2
NC_037328.1,NC_032650.1,30200222,30598753,30598754,t,tY,1
NC_037328.1,NC_032650.1,30203416,30602023,30602025,g,gta,2
NC_037328.1,NC_032650.1,30208951,30607560,30607562,C,CAT,2
NC_037328.1,NC_032650.1,30225533,30624148,30624150,C,CAT,2
NC_037328.1,NC_032650.1,30226983,30625600,30625612,c,caATTGAGGTAAG,12
NC_037328.1,NC_032650.1,30232199,30631082,30631099,g,gaaagtcttttaatttca,17
NC_037328.1,NC_032650.1,30262857,30663353,30663355,a,atg,2
NC_037328.1,NC_032650.1,30272888,30673379,30673381,a,aNN,2
NC_037328.1,NC_032650.1,30340602,30741109,30741115,t,ttattcc,6
NC_037328.1,NC_032650.1,30348421,30748935,30748936,a,ac,1
NC_037328.1,NC_032650.1,30356205,30756840,30756855,c,cattccTGTATTCAGG,15
NC_037328.1,NC_032650.1,30364753,30765410,30765411,G,GR,1
NC_037328.1,NC_032650.1,30367024,30767685,30767690,a,actgat,5
NC_037328.1,NC_032650.1,30377766,30778431,30778432,t,ta,1
NC_037328.1,NC_032650.1,30381715,30782381,30782382,C,CM,1
NC_037328.1,NC_032650.1,30391752,30792420,30792421,C,CY,1
NC_037328.1,NC_032650.1,30395224,30795893,30795894,g,ga,1
NC_037328.1,NC_032650.1,30447037,30848293,30848294,A,AC,1
NC_037328.1,NC_032650.1,30456256,30857634,30857635,a,at,1
NC_037328.1,NC_032650.1,30456272,30857651,30857653,t,ttW,2
NC_037328.1,NC_032650.1,31083636,30994322,30994326,t,tatca,4
NC_037328.1,NC_032650.1,31098823,31009504,31009505,T,TW,1
NC_037328.1,NC_032650.1,31101543,31012224,31012225,g,gt,1
NC_037328.1,NC_032650.1,31103407,31014081,31014088,G,GCAAATGS,7
NC_037328.1,NC_032650.1,31153205,31064138,31064139,a,ag,1
NC_037328.1,NC_032650.1,31153227,31064161,31064162,a,at,1
NC_037328.1,NC_032650.1,31161523,31072480,31072482,C,CTG,2
NC_037328.1,NC_032650.1,31178287,31089129,31089130,c,ct,1
NC_037328.1,NC_032650.1,31231519,31132694,31132695,g,ga,1
NC_037328.1,NC_032650.1,31294448,31194872,31194873,A,AW,1
NC_037328.1,NC_032650.1,31294763,31195187,31195198,A,AAGATGATTTAC,11
NC_037328.1,NC_032650.1,31317550,31217848,31217849,T,TA,1
NC_037328.1,NC_032650.1,31347661,31247757,31247758,a,ag,1
NC_037328.1,NC_032650.1,31419442,31319153,31319154,a,at,1
NC_037328.1,NC_032650.1,31430156,31329857,31329869,c,cagcagcagcagt,12
NC_037328.1,NC_032650.1,31436386,31336099,31336100,t,tg,1
NC_037328.1,NC_032650.1,31444624,31344335,31344336,T,TA,1
NC_037328.1,NC_032650.1,31446811,31346524,31346530,a,aNNNNNN,6
NC_037328.1,NC_032650.1,31473484,31373398,31373400,t,taa,2
NC_037328.1,NC_032650.1,31473503,31373419,31373420,t,ta,1
NC_037328.1,NC_032650.1,31480833,31380752,31380753,t,ta,1
NC_037328.1,NC_032650.1,31553117,31461841,31461842,c,ct,1
NC_037328.1,NC_032650.1,31625831,31556361,31556363,T,TAG,2
NC_037328.1,NC_032650.1,31669515,31600044,31600046,a,aac,2
NC_037328.1,NC_032650.1,31717377,31784537,31784538,g,ga,1
NC_037328.1,NC_032650.1,31725411,31792574,31792578,t,tNNNN,4
NC_037328.1,NC_032650.1,31763765,31832328,31832334,G,GTGCTTA,6
NC_037328.1,NC_032650.1,31770831,31839400,31839407,a,aatataat,7
NC_037328.1,NC_032650.1,31876463,31939536,31939537,g,gt,1
NC_037328.1,NC_032650.1,31924445,31987813,31987814,t,ta,1
NC_037328.1,NC_032650.1,31957429,32020799,32020801,g,gat,2
NC_037328.1,NC_032650.1,31987729,32051104,32051106,a,aNN,2
NC_037328.1,NC_032650.1,32057377,32121188,32121189,a,ag,1
NC_037328.1,NC_032650.1,32057543,32121355,32121356,a,ag,1
NC_037328.1,NC_032650.1,32117051,32199909,32199910,c,ct,1
NC_037328.1,NC_032650.1,32134941,32217818,32217819,t,tg,1
NC_037328.1,NC_032650.1,32134955,32217833,32217834,c,cY,1
NC_037328.1,NC_032650.1,32134978,32217857,32217858,G,GK,1
NC_037328.1,NC_032650.1,32202562,32286137,32286138,g,gt,1
NC_037328.1,NC_032650.1,32224225,32307799,32307800,t,ta,1
NC_037328.1,NC_032650.1,32224253,32307828,32307829,t,ta,1
NC_037328.1,NC_032650.1,32244931,32328512,32328513,A,AG,1
NC_037328.1,NC_032650.1,32250636,32334217,32334218,t,tg,1
NC_037328.1,NC_032650.1,32251212,32334794,32334795,T,TA,1
NC_037328.1,NC_032650.1,32257768,32342055,32342056,g,ga,1
NC_037328.1,NC_032650.1,32265727,32350011,32350014,a,aagt,3
NC_037328.1,NC_032650.1,32271950,32356232,32356236,a,aaaac,4
NC_037328.1,NC_032650.1,32272021,32356307,32356308,C,CA,1
NC_037328.1,NC_032650.1,32275043,32359343,32359344,A,AR,1
NC_037328.1,NC_032650.1,32279889,32364189,32364190,A,AR,1
NC_037328.1,NC_032650.1,32281096,32365397,32365402,c,cgactt,5
NC_037328.1,NC_032650.1,32285039,32369343,32369346,a,atgg,3
NC_037328.1,NC_032650.1,32285461,32369766,32369767,a,ac,1
NC_037328.1,NC_032650.1,32291126,32375435,32375437,A,AGT,2
NC_037328.1,NC_032650.1,32291661,32375969,32375971,a,aat,2
NC_037328.1,NC_032650.1,32304768,32387548,32387551,t,taaa,3
NC_037328.1,NC_032650.1,32305664,32388447,32388464,T,TTCAATTCAACATGTGAA,17
NC_037328.1,NC_032650.1,32351607,32440968,32440970,c,cat,2
NC_037328.1,NC_032650.1,32361072,32450437,32450438,g,ga,1
NC_037328.1,NC_032650.1,32372940,32462311,32462313,C,CAG,2
NC_037328.1,NC_032650.1,32388274,32477651,32477652,a,at,1
NC_037328.1,NC_032650.1,32428382,32522054,32522055,t,ta,1
NC_037328.1,NC_032650.1,32477260,32570940,32570941,A,AC,1
NC_037328.1,NC_032650.1,32485208,32578889,32578891,T,TAA,2
NC_037328.1,NC_032650.1,32501083,32594773,32594774,t,ta,1
NC_037328.1,NC_032650.1,32511749,32605448,32605449,T,TW,1
NC_037328.1,NC_032650.1,32557520,32651220,32651228,a,aNNNNNNNN,8
NC_037328.1,NC_032650.1,32575981,32669694,32669696,a,att,2
NC_037328.1,NC_032650.1,32582523,32676238,32676240,t,ttc,2
NC_037328.1,NC_032650.1,32589912,32684428,32684429,G,GT,1
NC_037328.1,NC_032650.1,32683164,32777695,32777696,a,aW,1
NC_037328.1,NC_032650.1,32813067,32940754,32940760,c,ctgttgt,6
NC_037328.1,NC_032650.1,32842694,32970385,32970386,A,AC,1
NC_037328.1,NC_032650.1,32890958,33018653,33018658,a,aaaaac,5
NC_037328.1,NC_032650.1,32895392,33023090,33023091,A,AG,1
NC_037328.1,NC_032650.1,32954257,33081494,33081495,a,at,1
NC_037328.1,NC_032650.1,32954736,33081974,33081975,T,TA,1
NC_037328.1,NC_032650.1,32995471,33120006,33120007,g,ga,1
NC_037328.1,NC_032650.1,32995611,33120148,33120149,a,ac,1
NC_037328.1,NC_032650.1,32996332,33120870,33120872,t,taa,2
NC_037328.1,NC_032650.1,32996917,33121458,33121463,G,GTATAC,5
NC_037328.1,NC_032650.1,33015699,33140093,33140094,A,AT,1
NC_037328.1,NC_032650.1,33021558,33145960,33145962,C,CAT,2
NC_037328.1,NC_032650.1,33038702,33163114,33163115,g,ga,1
NC_037328.1,NC_032650.1,33109171,33211447,33211448,A,AY,1
NC_037328.1,NC_032650.1,33112347,33214624,33214625,A,AT,1
NC_037328.1,NC_032650.1,33121317,33223601,33223603,a,att,2
NC_037328.1,NC_032650.1,33164056,33266347,33266348,A,AC,1
NC_037328.1,NC_032650.1,33166467,33268759,33268763,A,ATAAT,4
NC_037328.1,NC_032650.1,33181756,33284053,33284055,g,gaa,2
NC_037328.1,NC_032650.1,33195060,33297370,33297371,G,GK,1
NC_037328.1,NC_032650.1,33205294,33306604,33306605,T,TC,1
NC_037328.1,NC_032650.1,33209606,33310919,33310920,c,ca,1
NC_037328.1,NC_032650.1,33236601,33497895,33497899,a,atgtg,4
NC_037328.1,NC_032650.1,33330919,33592107,33592108,a,ac,1
NC_037328.1,NC_032650.1,33334651,33595858,33595862,g,gtttt,4
NC_037328.1,NC_032650.1,33366386,33627587,33627589,c,cag,2
NC_037328.1,NC_032650.1,33390233,33651441,33651443,t,tta,2
NC_037328.1,NC_032650.1,33397957,33659162,33659164,C,CAG,2
NC_037328.1,NC_032650.1,33399993,33661202,33661203,C,CY,1
NC_037328.1,NC_032650.1,33400050,33661259,33661263,T,TTACA,4
NC_037328.1,NC_032650.1,33405147,33666382,33666385,T,TTTC,3
NC_037328.1,NC_032650.1,33407736,33668975,33668976,t,ta,1
NC_037328.1,NC_032650.1,33412154,33673393,33673394,A,AG,1
NC_037328.1,NC_032650.1,33416062,33677308,33677309,T,TY,1
NC_037328.1,NC_032650.1,33418741,33679991,33679992,T,TW,1
NC_037328.1,NC_032650.1,33419928,33681180,33681181,T,TK,1
NC_037328.1,NC_032650.1,33441491,33702734,33702768,c,cagggaactaaAGAGAGGCTTTgtaacaacctaga,34
NC_037328.1,NC_032650.1,33446537,33707811,33707817,c,cttactt,6
NC_037328.1,NC_032650.1,33451619,33712893,33712894,g,gt,1
NC_037328.1,NC_032650.1,33451801,33713076,33713077,t,tc,1
NC_037328.1,NC_032650.1,33451837,33713113,33713114,g,gt,1
NC_037328.1,NC_032650.1,33452302,33713580,33713581,c,ct,1
NC_037328.1,NC_032650.1,33455124,33716405,33716406,a,ag,1
NC_037328.1,NC_032650.1,33458575,33719858,33719859,T,TW,1
NC_037328.1,NC_032650.1,33464151,33725434,33725440,a,aNNNNNN,6
NC_037328.1,NC_032650.1,33512112,33773407,33773409,t,tga,2
NC_037328.1,NC_032650.1,33533595,33794910,33794936,C,CAAGTTCACAGACTCTTTATTCTACAG,26
NC_037328.1,NC_032650.1,33538387,33799731,33799734,A,ATTC,3
NC_037328.1,NC_032650.1,33561380,33822737,33822739,T,TTC,2
NC_037328.1,NC_032650.1,33578349,33839708,33839709,t,ta,1
NC_037328.1,NC_032650.1,33582434,33843794,33843796,T,TTG,2
NC_037328.1,NC_032650.1,33589648,33851005,33851008,a,acag,3
NC_037328.1,NC_032650.1,33593745,33855098,33855099,A,AW,1
NC_037328.1,NC_032650.1,33595519,33856871,33856872,t,tg,1
NC_037328.1,NC_032650.1,33621962,33883322,33883323,g,ga,1
NC_037328.1,NC_032650.1,33629039,33890400,33890401,c,ca,1
NC_037328.1,NC_032650.1,33634988,33896349,33896350,T,TK,1
NC_037328.1,NC_032650.1,33635373,33896735,33896738,a,aaac,3
NC_037328.1,NC_032650.1,33654737,33919667,33919670,A,ATAR,3
NC_037328.1,NC_032650.1,33694113,33959029,33959030,g,gt,1
NC_037328.1,NC_032650.1,33694134,33959051,33959067,a,attttttttatttttat,16
NC_037328.1,NC_032650.1,33698450,33963384,33963386,t,tta,2
NC_037328.1,NC_032650.1,33703936,33968871,33968891,t,ttagggaccccatggattgca,20
NC_037328.1,NC_032650.1,33762677,34034134,34034135,g,ga,1
NC_037328.1,NC_032650.1,33764576,34036052,34036053,g,ga,1
NC_037328.1,NC_032650.1,33773873,34045270,34045274,C,CCAAT,4
NC_037328.1,NC_032650.1,33794395,34065802,34065803,t,ta,1
NC_037328.1,NC_032650.1,33796980,34068384,34068385,A,AW,1
NC_037328.1,NC_032650.1,33806856,34078255,34078256,c,ct,1
NC_037328.1,NC_032650.1,33819757,34091154,34091155,c,ct,1
NC_037328.1,NC_032650.1,33829215,34100608,34100610,T,TTG,2
NC_037328.1,NC_032650.1,33829906,34101301,34101303,G,GCA,2
NC_037328.1,NC_032650.1,33878490,34179735,34179736,T,TG,1
NC_037328.1,NC_032650.1,33878607,34179853,34179854,A,AC,1
NC_037328.1,NC_032650.1,33890220,34191469,34191470,a,ac,1
NC_037328.1,NC_032650.1,33895702,34196952,34196954,t,tNN,2
NC_037328.1,NC_032650.1,33895719,34196971,34196972,a,at,1
NC_037328.1,NC_032650.1,33908241,34209493,34209504,a,aggctatgattt,11
NC_037328.1,NC_032650.1,33975726,34276858,34276859,c,ct,1
NC_037328.1,NC_032650.1,33993995,34296177,34296178,G,GC,1
NC_037328.1,NC_032650.1,34014390,34316570,34316574,G,GACTA,4
NC_037328.1,NC_032650.1,34031720,34333931,34333933,T,TCA,2
NC_037328.1,NC_032650.1,34047217,34349439,34349440,G,GA,1
NC_037328.1,NC_032650.1,34047334,34349557,34349559,t,tac,2
NC_037328.1,NC_032650.1,34050581,34352846,34352850,g,gtttt,4
NC_037328.1,NC_032650.1,34060219,34362476,34362478,a,att,2
NC_037328.1,NC_032650.1,34065452,34367735,34367741,T,TTGGGCA,6
NC_037328.1,NC_032650.1,34072771,34374673,34374674,A,AG,1
NC_037328.1,NC_032650.1,34100676,34402588,34402591,a,atat,3
NC_037328.1,NC_032650.1,34136011,34437989,34437990,g,gt,1
NC_037328.1,NC_032650.1,34355587,34657576,34657585,a,atagtaaaac,9
NC_037328.1,NC_032650.1,34356043,34658041,34658043,t,tag,2
NC_037328.1,NC_032650.1,34398605,34700666,34700670,A,ACTTT,4
NC_037328.1,NC_032650.1,34411978,34714064,34714074,t,tgggcgggggg,10
NC_037328.1,NC_032650.1,34416760,34718982,34718987,C,CACCAA,5
NC_037328.1,NC_032650.1,34418822,34764580,34764581,g,ga,1
NC_037328.1,NC_032650.1,34419446,34721681,34721682,A,AG,1
NC_037328.1,NC_032650.1,34419446,34765204,34765205,A,AG,1
NC_037328.1,NC_032650.1,34419827,34722064,34722077,a,aaaaacaaacaaac,13
NC_037328.1,NC_032650.1,34419827,34765587,34765600,a,aaaaacaaacaaac,13
NC_037328.1,NC_032650.1,34440843,34786549,34786551,g,gtt,2
NC_037328.1,NC_032650.1,34489912,34837669,34837670,a,ag,1
NC_037328.1,NC_032650.1,34509188,34857408,34857416,t,ttattagtg,8
NC_037328.1,NC_032650.1,34542505,34890725,34890726,a,at,1
NC_037328.1,NC_032650.1,34561792,34910024,34910025,a,ag,1
NC_037328.1,NC_032650.1,34591736,34939094,34939106,a,atatatatatatN,12
NC_037328.1,NC_032650.1,34604637,34952015,34952016,a,ag,1
NC_037328.1,NC_032650.1,34621532,34968917,34968918,g,gc,1
NC_037328.1,NC_032650.1,34632077,34979356,34979357,g,ga,1
NC_037328.1,NC_032650.1,34635399,34982679,34982680,G,GN,1
NC_037328.1,NC_032650.1,34645659,34992940,34992941,c,ca,1
NC_037328.1,NC_032650.1,34722583,35069239,35069240,A,AR,1
NC_037328.1,NC_032650.1,34810162,35160830,35160831,t,ta,1
NC_037328.1,NC_032650.1,34823922,35174589,35174598,a,acactgtttc,9
NC_037328.1,NC_032650.1,34848856,35201826,35201827,A,AG,1
NC_037328.1,NC_032650.1,34903231,35256208,35256209,t,tW,1
NC_037328.1,NC_032650.1,34914259,35267239,35267240,a,at,1
NC_037328.1,NC_032650.1,34917240,35270233,35270237,c,cagtt,4
NC_037328.1,NC_032650.1,34919637,35272646,35272647,c,ca,1
NC_037328.1,NC_032650.1,34936016,35289013,35289039,A,ANNNNNNNNNNNNNNNNNNNNNNNNNN,26
NC_037328.1,NC_032650.1,35220058,35572030,35572032,G,GGC,2
NC_037328.1,NC_032650.1,35220064,35572038,35572039,G,GA,1
NC_037328.1,NC_032650.1,35229810,35583762,35583763,t,ta,1
NC_037328.1,NC_032650.1,35307843,35663644,35663646,t,tta,2
NC_037328.1,NC_032650.1,35324253,35680056,35680058,t,tta,2
NC_037328.1,NC_032650.1,35348081,35702423,35702424,c,ct,1
NC_037328.1,NC_032650.1,35348092,35702435,35702437,c,ctt,2
NC_037328.1,NC_032650.1,35402286,35756490,35756492,c,ctt,2
NC_037328.1,NC_032650.1,35412909,35767126,35767128,C,CTA,2
NC_037328.1,NC_032650.1,35669329,36054709,36054710,g,ga,1
NC_037328.1,NC_032650.1,35708099,36093889,36093890,T,TK,1
NC_037328.1,NC_032650.1,35730619,36116348,36116349,c,cg,1
NC_037328.1,NC_032650.1,35733841,36119572,36119573,A,AY,1
NC_037328.1,NC_032650.1,35738911,36124644,36124648,T,TAGAG,4
NC_037328.1,NC_032650.1,35777979,36166158,36166159,t,ta,1
NC_037328.1,NC_032650.1,35802428,36190716,36190717,c,ct,1
NC_037328.1,NC_032650.1,35833336,36220940,36220958,c,cactggGTTCGATCGAACA,18
NC_037328.1,NC_032650.1,35837296,36224916,36224917,t,ta,1
NC_037328.1,NC_032650.1,35892971,36285409,36285412,a,aatg,3
NC_037328.1,NC_032650.1,35983685,36376604,36376605,g,gt,1
NC_037328.1,NC_032650.1,35983755,36376675,36376676,c,ca,1
NC_037328.1,NC_032650.1,35990135,36382736,36382737,t,tc,1
NC_037328.1,NC_032650.1,36026545,36419157,36419159,t,tac,2
NC_037328.1,NC_032650.1,36046990,36439601,36439607,a,atgaaag,6
NC_037328.1,NC_032650.1,36060168,36452788,36452789,g,gt,1
NC_037328.1,NC_032650.1,36077584,36512039,36512040,t,tc,1
NC_037328.1,NC_032650.1,36129254,36563725,36563727,T,TTA,2
NC_037328.1,NC_032650.1,36137980,36572454,36572456,C,CAG,2
NC_037328.1,NC_032650.1,36171006,36605481,36605482,g,gc,1
NC_037328.1,NC_032650.1,36189394,36623872,36623873,t,tg,1
NC_037328.1,NC_032650.1,36250271,36689397,36689398,a,ag,1
NC_037328.1,NC_032650.1,36250271,36704859,36704860,a,ag,1
NC_037328.1,NC_032650.1,36291125,36750745,36750747,G,GCA,2
NC_037328.1,NC_032650.1,36291569,36751191,36751192,T,TY,1
NC_037328.1,NC_032650.1,36318851,36778485,36778486,C,CT,1
NC_037328.1,NC_032650.1,36334667,36794294,36794298,T,TTTGA,4
NC_037328.1,NC_032650.1,36340368,36799997,36799999,g,gtt,2
NC_037328.1,NC_032650.1,36371204,36831422,36831423,a,ag,1
NC_037328.1,NC_032650.1,36433176,36894392,36894393,t,tg,1
NC_037328.1,NC_032650.1,36454482,36915703,36915704,c,ct,1
NC_037328.1,NC_032650.1,36455589,36916810,36916811,A,AG,1
NC_037328.1,NC_032650.1,36460990,36922214,36922219,t,tgtata,5
NC_037328.1,NC_032650.1,36479635,36940866,36940867,t,tc,1
NC_037328.1,NC_032650.1,36484712,36945946,36945947,A,AG,1
NC_037328.1,NC_032650.1,36514593,36975843,36975845,a,aNN,2
NC_037328.1,NC_032650.1,36569015,37037304,37037305,A,AM,1
NC_037328.1,NC_032650.1,36590775,37059069,37059071,t,ttc,2
NC_037328.1,NC_032650.1,36594985,37063296,37063297,c,ct,1
NC_037328.1,NC_032650.1,36621503,37089815,37089819,C,CTGAG,4
NC_037328.1,NC_032650.1,36635579,37105434,37105435,A,AG,1
NC_037328.1,NC_032650.1,36694764,37164567,37164571,A,AGACG,4
NC_037328.1,NC_032650.1,36699839,37169646,37169647,g,gt,1
NC_037328.1,NC_032650.1,36709848,37179657,37179659,a,aNN,2
NC_037328.1,NC_032650.1,36808862,37278513,37278532,a,agcaCTTNNNNNNNNNNNNN,19
NC_037328.1,NC_032650.1,36923218,37392506,37392507,G,GA,1
NC_037328.1,NC_032650.1,36964442,37433936,37433937,G,GR,1
NC_037328.1,NC_032650.1,36969743,37439235,37439236,a,ac,1
NC_037328.1,NC_032650.1,37107761,37577600,37577601,A,AW,1
NC_037328.1,NC_032650.1,37280788,37751541,37751542,t,tc,1
NC_037328.1,NC_032650.1,37280795,37751549,37751550,a,ac,1
NC_037328.1,NC_032650.1,37327353,37798110,37798111,t,ta,1
NC_037328.1,NC_032650.1,37429081,37900615,37900616,g,ga,1
NC_037328.1,NC_032650.1,37429089,37900624,37900625,t,tg,1
NC_037328.1,NC_032650.1,37665637,38165112,38165114,g,gca,2
NC_037328.1,NC_032650.1,37665681,38165158,38165160,g,gtt,2
NC_037328.1,NC_032650.1,37741863,38308873,38308874,a,ag,1
NC_037328.1,NC_032650.1,37893316,38460173,38460174,G,GT,1
NC_037328.1,NC_032650.1,37981878,38548603,38548604,c,cg,1
NC_037328.1,NC_032650.1,38107293,38674532,38674533,c,ca,1
NC_037328.1,NC_032650.1,38272925,38839261,38839263,t,ttc,2
NC_037328.1,NC_032650.1,38335277,39000807,39000809,G,GGT,2
NC_037328.1,NC_032650.1,38335284,39000816,39000817,G,GA,1
NC_037328.1,NC_032650.1,38335370,39000904,39000906,t,tta,2
NC_037328.1,NC_032650.1,38335385,39000921,39000922,a,at,1
NC_037328.1,NC_032650.1,38363580,38856271,38856272,c,ct,1
NC_037328.1,NC_032650.1,38443203,38935895,38935896,a,at,1
NC_037328.1,NC_032650.1,38504398,39261218,39261219,t,tg,1
NC_037328.1,NC_032650.1,38648226,39348410,39348411,c,ct,1
NC_037328.1,NC_032650.1,38655584,39355766,39355772,a,accatag,6
NC_037328.1,NC_032650.1,38719656,39419836,39419837,t,tg,1
NC_037328.1,NC_032650.1,38790307,39490639,39490640,a,at,1
NC_037328.1,NC_032650.1,38792032,39492365,39492366,a,at,1
NC_037328.1,NC_032650.1,39069539,39769744,39769745,T,TW,1
NC_037328.1,NC_032650.1,39130985,39831194,39831195,t,ta,1
NC_037328.1,NC_032650.1,39307294,40014430,40014431,t,ta,1
NC_037328.1,NC_032650.1,39318184,40025321,40025332,c,cggaAGTCANNN,11
NC_037328.1,NC_032650.1,39388342,40095819,40095821,t,tta,2
NC_037328.1,NC_032650.1,39481898,40188089,40188093,t,ttgac,4
NC_037328.1,NC_032650.1,39484555,40190750,40190751,a,ac,1
NC_037328.1,NC_032650.1,39782520,40488235,40488236,A,AC,1
NC_037328.1,NC_032650.1,39865861,40571964,40571965,c,ct,1
NC_037328.1,NC_032650.1,39940406,40646424,40646425,a,ac,1
NC_037328.1,NC_032650.1,39940716,40646735,40646738,t,taaa,3
NC_037328.1,NC_032650.1,39940795,40646816,40646817,a,ag,1
NC_037328.1,NC_032650.1,39943570,40649591,40649592,t,tg,1
NC_037328.1,NC_032650.1,39945665,40651684,40651685,t,tc,1
NC_037328.1,NC_032650.1,39953236,40659261,40659262,T,TA,1
NC_037328.1,NC_032650.1,39960136,40666163,40666164,G,GA,1
NC_037328.1,NC_032650.1,39961189,40667217,40667218,t,tg,1
NC_037328.1,NC_032650.1,39962463,40668492,40668496,a,ataat,4
NC_037328.1,NC_032650.1,39962480,40668513,40668542,t,tatatatatatatatatatatatatatata,29
NC_037328.1,NC_032650.1,39967633,40673694,40673696,T,TTG,2
NC_037328.1,NC_032650.1,39969639,40675705,40675706,c,ca,1
NC_037328.1,NC_032650.1,39970527,40676594,40676595,c,ca,1
NC_037328.1,NC_032650.1,39981537,40687604,40687605,t,ta,1
NC_037328.1,NC_032650.1,39985675,40691735,40691736,t,tc,1
NC_037328.1,NC_032650.1,39998857,40704922,40704924,a,act,2
NC_037328.1,NC_032650.1,40046723,40752828,40752829,a,at,1
NC_037328.1,NC_032650.1,40047681,40753787,40753788,T,TY,1
NC_037328.1,NC_032650.1,40048957,40755064,40755065,c,ct,1
NC_037328.1,NC_032650.1,40056289,40762401,40762403,a,att,2
NC_037328.1,NC_032650.1,40059507,40765621,40765622,t,ta,1
NC_037328.1,NC_032650.1,40166719,40931181,40931182,T,TY,1
NC_037328.1,NC_032650.1,40178483,40942982,40942983,t,tc,1
NC_037328.1,NC_032650.1,40179702,40944197,40944305,c,cccggtaatctttttttttttttctaattttattttatttttaaactttacatatttgtattagttttgccaaatatcaaaatgaatccgccacaggtatacatgtgtt,108
NC_037328.1,NC_032650.1,40182676,40947283,40947285,C,CTA,2
NC_037328.1,NC_032650.1,40182873,40947482,40947483,g,gc,1
NC_037328.1,NC_032650.1,40192717,40956995,40957016,A,ACCTCTGCCAGGCTGACAACTG,21
NC_037328.1,NC_032650.1,40192777,40957076,40957077,a,at,1
NC_037328.1,NC_032650.1,40230644,40995023,40995024,t,ta,1
NC_037328.1,NC_032650.1,40235425,40999808,40999810,t,taa,2
NC_037328.1,NC_032650.1,40253431,41018082,41018083,A,AM,1
NC_037328.1,NC_032650.1,40253499,41018151,41018152,T,TC,1
NC_037328.1,NC_032650.1,40258665,41023319,41023320,a,at,1
NC_037328.1,NC_032650.1,40267242,41031901,41031902,a,at,1
NC_037328.1,NC_032650.1,40288016,41057355,41057357,C,CAT,2
NC_037328.1,NC_032650.1,40293942,41063295,41063296,g,gt,1
NC_037328.1,NC_032650.1,40310160,41080235,41080236,a,at,1
NC_037328.1,NC_032650.1,40321443,41091521,41091522,T,TC,1
NC_037328.1,NC_032650.1,40375136,41145228,41145229,g,gK,1
NC_037328.1,NC_032650.1,40382119,41152212,41152215,A,AAAT,3
NC_037328.1,NC_032650.1,40385594,41155696,41155704,a,aaNNNNNNN,8
NC_037328.1,NC_032650.1,40386156,41156265,41156266,A,AG,1
NC_037328.1,NC_032650.1,40394859,41164973,41164975,t,tNN,2
NC_037328.1,NC_032650.1,40396780,41166897,41166898,c,ca,1
NC_037328.1,NC_032650.1,40439736,41211198,41211200,a,att,2
NC_037328.1,NC_032650.1,40490468,41279160,41279162,a,atg,2
NC_037328.1,NC_032650.1,40494157,41282852,41282858,t,tataaaa,6
NC_037328.1,NC_032650.1,40503634,41292328,41292330,a,act,2
NC_037328.1,NC_032650.1,40647222,41435930,41435931,A,AG,1
NC_037328.1,NC_032650.1,40656147,41444850,41444851,t,tc,1
NC_037328.1,NC_032650.1,40657325,41446028,41446029,c,ct,1
NC_037328.1,NC_032650.1,40661528,41450236,41450238,g,gtt,2
NC_037328.1,NC_032650.1,40661719,41450429,41450430,T,TG,1
NC_037328.1,NC_032650.1,40665149,41453861,41453864,a,attc,3
NC_037328.1,NC_032650.1,40666124,41456587,41456588,G,GA,1
NC_037328.1,NC_032650.1,40666210,41456674,41456675,G,GA,1
NC_037328.1,NC_032650.1,40675717,41466188,41466192,c,cattt,4
NC_037328.1,NC_032650.1,40677500,41468083,41468084,g,gt,1
NC_037328.1,NC_032650.1,40677512,41468096,41468097,g,gt,1
NC_037328.1,NC_032650.1,40680328,41470768,41470769,c,ct,1
NC_037328.1,NC_032650.1,40683187,41473619,41473621,t,tac,2
NC_037328.1,NC_032650.1,40683924,41474366,41474414,t,ttctctctctctccctctctttctttctctctctctctctctctctctc,48
NC_037328.1,NC_032650.1,40689512,41480009,41480010,G,GT,1
NC_037328.1,NC_032650.1,40728919,41519437,41519440,A,ANNN,3
NC_037328.1,NC_032650.1,40752641,41543164,41543165,C,CY,1
NC_037328.1,NC_032650.1,40755824,41546352,41546354,C,CWG,2
NC_037328.1,NC_032650.1,40916101,41704966,41704967,g,gc,1
NC_037328.1,NC_032650.1,40917437,41706302,41706303,g,ga,1
NC_037328.1,NC_032650.1,40936778,41725646,41725648,t,tag,2
NC_037328.1,NC_032650.1,40955368,41744229,41744233,C,CCTTT,4
NC_037328.1,NC_032650.1,40962883,41751758,41751759,G,GR,1
NC_037328.1,NC_032650.1,40963917,41752793,41752794,T,TY,1
NC_037328.1,NC_032650.1,40972126,41800342,41800343,T,TC,1
NC_037328.1,NC_032650.1,41024808,41853023,41853026,t,tatc,3
NC_037328.1,NC_032650.1,41025019,41853236,41853237,a,at,1
NC_037328.1,NC_032650.1,41054965,41877907,41877908,c,ca,1
NC_037328.1,NC_032650.1,41158715,42068113,42068114,G,GK,1
NC_037328.1,NC_032650.1,41159603,42069002,42069006,t,ttcac,4
NC_037328.1,NC_032650.1,41159642,42069045,42069049,T,TGTCA,4
NC_037328.1,NC_032650.1,41202377,42111386,42111387,A,AT,1
NC_037328.1,NC_032650.1,41203096,42112107,42112108,T,TC,1
NC_037328.1,NC_032650.1,41231091,42139915,42139916,A,AG,1
NC_037328.1,NC_032650.1,41251450,42160275,42160276,c,ca,1
NC_037328.1,NC_032650.1,41253780,42162611,42162612,c,ca,1
NC_037328.1,NC_032650.1,41253874,42162706,42162707,a,ac,1
NC_037328.1,NC_032650.1,41260958,42169942,42169944,C,CTA,2
NC_037328.1,NC_032650.1,41305246,42238487,42238488,A,AC,1
NC_037328.1,NC_032650.1,41333472,42210259,42210260,A,AG,1
NC_037328.1,NC_032650.1,41333472,42290705,42290706,A,AG,1
NC_037328.1,NC_032650.1,41348076,42304908,42304935,T,TTGNNNNNNNNNNNNNNNNNNNNNNNNN,27
NC_037328.1,NC_032650.1,41357133,42313992,42313993,C,CR,1
NC_037328.1,NC_032650.1,41360739,42317599,42317601,T,TAA,2
NC_037328.1,NC_032650.1,41435467,42392383,42392388,a,agttGC,5
NC_037328.1,NC_032650.1,41435972,42392893,42392895,g,gca,2
NC_037328.1,NC_032650.1,41440649,42397428,42397429,A,AT,1
NC_037328.1,NC_032650.1,41444524,42401304,42401305,g,ga,1
NC_037328.1,NC_032650.1,41477848,42434627,42434632,t,ttggcc,5
NC_037328.1,NC_032650.1,41478971,42435755,42435756,T,TG,1
NC_037328.1,NC_032650.1,41528204,42484993,42484994,a,at,1
NC_037328.1,NC_032650.1,41530140,42486930,42486931,t,tc,1
NC_037328.1,NC_032650.1,41537887,42494679,42494680,t,tc,1
NC_037328.1,NC_032650.1,41553117,42501465,42501467,c,cca,2
NC_037328.1,NC_032650.1,41657311,42605917,42605918,c,ct,1
NC_037328.1,NC_032650.1,41680264,42628879,42628880,g,ga,1
NC_037328.1,NC_032650.1,41689151,42637770,42637771,A,AC,1
NC_037328.1,NC_032650.1,41748056,42697278,42697296,t,tNNNNNNNNNNNNNNNNNN,18
NC_037328.1,NC_032650.1,41766566,42715922,42715923,a,at,1
NC_037328.1,NC_032650.1,41773468,42722829,42722830,g,gt,1
NC_037328.1,NC_032650.1,41775226,42724588,42724594,a,aatagtg,6
NC_037328.1,NC_032650.1,41839048,42789023,42789024,a,ag,1
NC_037328.1,NC_032650.1,41839404,42789380,42789381,g,gt,1
NC_037328.1,NC_032650.1,41839517,42789480,42789481,g,ga,1
NC_037328.1,NC_032650.1,41839976,42789940,42789941,c,ca,1
NC_037328.1,NC_032650.1,41840445,42790411,42790412,c,ca,1
NC_037328.1,NC_032650.1,41873194,42823199,42823208,t,tgtttgtttg,9
NC_037328.1,NC_032650.1,41882320,42832326,42832327,a,at,1
NC_037328.1,NC_032650.1,41885424,42835435,42835437,T,TTY,2
NC_037328.1,NC_032650.1,41886002,42836015,42836019,t,taaaa,4
NC_037328.1,NC_032650.1,41910218,42860283,42860285,G,GAT,2
NC_037328.1,NC_032650.1,41930780,42880836,42880848,a,attttgatttctt,12
NC_037328.1,NC_032650.1,41956430,42906606,42906610,C,CTCTG,4
NC_037328.1,NC_032650.1,42019925,42970246,42970248,G,GGT,2
NC_037328.1,NC_032650.1,42020305,42970628,42970631,A,AAAG,3
NC_037328.1,NC_032650.1,42050494,43000818,43000821,t,tcac,3
NC_037328.1,NC_032650.1,42050496,43000823,43000824,g,gt,1
NC_037328.1,NC_032650.1,42067629,43017457,43017459,g,gca,2
NC_037328.1,NC_032650.1,42072743,43022568,43022569,C,CT,1
NC_037328.1,NC_032650.1,42076032,43025858,43025859,C,CA,1
NC_037328.1,NC_032650.1,42112539,43061273,43061280,g,gaaagtga,7
NC_037328.1,NC_032650.1,42135797,43084650,43084656,a,atttttt,6
NC_037328.1,NC_032650.1,42243794,43198065,43198070,A,AAGGAG,5
NC_037328.1,NC_032650.1,42251654,43205929,43205930,a,at,1
NC_037328.1,NC_032650.1,42276582,43230863,43230864,a,at,1
NC_037328.1,NC_032650.1,42278172,43232453,43232454,A,AC,1
NC_037328.1,NC_032650.1,42279991,43234271,43234272,G,GA,1
NC_037328.1,NC_032650.1,42281103,43235385,43235389,g,gataa,4
NC_037328.1,NC_032650.1,42306474,43261408,43261410,a,atW,2
NC_037328.1,NC_032650.1,42383897,43338845,43338846,C,CN,1
NC_037328.1,NC_032650.1,42401246,43370003,43370004,c,ct,1
NC_037328.1,NC_032650.1,42454291,43423051,43423052,g,ga,1
NC_037328.1,NC_032650.1,42456184,43427240,43427246,t,tgggaga,6
NC_037328.1,NC_032650.1,42506907,43477968,43477969,A,AC,1
NC_037328.1,NC_032650.1,42540629,43509985,43509986,t,tc,1
NC_037328.1,NC_032650.1,42550021,43519378,43519379,T,TG,1
NC_037328.1,NC_032650.1,42551823,43521182,43521183,T,TY,1
NC_037328.1,NC_032650.1,42555377,43524758,43524759,T,TG,1
NC_037328.1,NC_032650.1,42559662,43530419,43530421,t,taa,2
NC_037328.1,NC_032650.1,42574781,43545576,43545577,C,CA,1
NC_037328.1,NC_032650.1,42584441,43567391,43567392,c,ca,1
NC_037328.1,NC_032650.1,42585419,43568370,43568371,c,ca,1
NC_037328.1,NC_032650.1,42630229,43603095,43603096,t,tc,1
NC_037328.1,NC_032650.1,42630443,43603314,43603316,g,gat,2
NC_037328.1,NC_032650.1,42632018,43604889,43604892,a,acac,3
NC_037328.1,NC_032650.1,42632686,43605560,43605561,A,AR,1
NC_037328.1,NC_032650.1,42636455,43609332,43609333,g,gt,1
NC_037328.1,NC_032650.1,42645013,43617318,43617321,a,atat,3
NC_037328.1,NC_032650.1,42647041,43619335,43619337,t,tac,2
NC_037328.1,NC_032650.1,42647933,43620231,43620232,c,ct,1
NC_037328.1,NC_032650.1,42658034,43630605,43630607,t,tgg,2
NC_037328.1,NC_032650.1,42658406,43630980,43630997,a,atatatatatatatatat,17
NC_037328.1,NC_032650.1,42661541,43634136,43634137,g,gt,1
NC_037328.1,NC_032650.1,42661567,43634163,43634165,G,GGA,2
NC_037328.1,NC_032650.1,42728570,43703408,43703409,g,ga,1
NC_037328.1,NC_032650.1,42737394,43712233,43712234,T,TC,1
NC_037328.1,NC_032650.1,42775688,43750436,43750437,T,TG,1
NC_037328.1,NC_032650.1,42825976,43803463,43803464,G,GA,1
NC_037328.1,NC_032650.1,42856569,43834057,43834058,A,AG,1
NC_037328.1,NC_032650.1,42917302,43894390,43894392,g,gtt,2
NC_037328.1,NC_032650.1,42918155,43895245,43895246,A,AG,1
NC_037328.1,NC_032650.1,42939741,43916832,43916833,G,GT,1
NC_037328.1,NC_032650.1,43091193,44087567,44087569,G,GAC,2
NC_037328.1,NC_032650.1,43125069,44121453,44121454,T,TY,1
NC_037328.1,NC_032650.1,43147022,44143412,44143413,G,GC,1
NC_037328.1,NC_032650.1,43295929,44300001,44300015,C,CATATGACTATGCCA,14
NC_037328.1,NC_032650.1,43299617,44303703,44303706,T,TATC,3
NC_037328.1,NC_032650.1,43338917,44343016,44343024,g,gagcctggt,8
NC_037328.1,NC_032650.1,43394982,44446371,44446373,c,cag,2
NC_037328.1,NC_032650.1,43402904,44455876,44455878,A,ATG,2
NC_037328.1,NC_032650.1,43403390,44456360,44456372,c,ccatgaactgcag,12
NC_037328.1,NC_032650.1,43435667,44490483,44490484,c,ca,1
NC_037328.1,NC_032650.1,43465237,44520052,44520053,a,at,1
NC_037328.1,NC_032650.1,43513278,44568090,44568091,C,CA,1
NC_037328.1,NC_032650.1,43541700,44596652,44596653,c,ct,1
NC_037328.1,NC_032650.1,43547246,44602223,44602224,t,tc,1
NC_037328.1,NC_032650.1,43550966,44605944,44605945,G,GT,1
NC_037328.1,NC_032650.1,43593392,44646327,44646331,a,aaaag,4
NC_037328.1,NC_032650.1,43602878,44655820,44655821,t,tg,1
NC_037328.1,NC_032650.1,43624520,44677659,44677660,C,CG,1
NC_037328.1,NC_032650.1,43624643,44677783,44677784,C,CA,1
NC_037328.1,NC_032650.1,43646118,44699506,44699511,a,atactc,5
NC_037328.1,NC_032650.1,43659801,44713194,44713195,a,ag,1
NC_037328.1,NC_032650.1,43665610,44719004,44719006,a,aac,2
NC_037328.1,NC_032650.1,43685137,44738256,44738261,t,tttttc,5
NC_037328.1,NC_032650.1,43686802,44739925,44739926,T,TY,1
NC_037328.1,NC_032650.1,43699787,44753054,44753055,a,at,1
NC_037328.1,NC_032650.1,43704768,44758037,44758046,A,AGAGGTGATG,9
NC_037328.1,NC_032650.1,43709125,44762409,44762430,A,ACAATGACATTACAATGACATT,21
NC_037328.1,NC_032650.1,43752007,44805177,44805178,C,CA,1
NC_037328.1,NC_032650.1,43756227,44809397,44809400,c,cttt,3
NC_037328.1,NC_032650.1,43757724,44810897,44810898,G,GA,1
NC_037328.1,NC_032650.1,43760178,44813341,44813342,t,ta,1
NC_037328.1,NC_032650.1,43834058,44886834,44886835,A,AN,1
NC_037328.1,NC_032650.1,43841942,44894718,44894721,g,gaaa,3
NC_037328.1,NC_032650.1,43848302,44900613,44900614,C,CA,1
NC_037328.1,NC_032650.1,43850895,44903210,44903228,t,tgatatatatatatatata,18
NC_037328.1,NC_032650.1,43866230,44918565,44918568,T,TATW,3
NC_037328.1,NC_032650.1,43956234,45014945,45014946,a,at,1
NC_037328.1,NC_032650.1,43956742,45015454,45015455,C,CY,1
NC_037328.1,NC_032650.1,43971373,45030079,45030081,t,tta,2
NC_037328.1,NC_032650.1,44009002,45069082,45069083,c,ct,1
NC_037328.1,NC_032650.1,44021540,45081621,45081624,c,caaa,3
NC_037328.1,NC_032650.1,44108536,45168703,45168704,g,ga,1
NC_037328.1,NC_032650.1,44124135,45184307,45184308,t,tc,1
NC_037328.1,NC_032650.1,44133087,45193261,45193269,T,TAGTAAATC,8
NC_037328.1,NC_032650.1,44153942,45214121,45214122,G,GT,1
NC_037328.1,NC_032650.1,44304739,45365035,45365036,T,TA,1
NC_037328.1,NC_032650.1,44309199,45369501,45369502,a,ag,1
NC_037328.1,NC_032650.1,44330335,45390345,45390346,A,AC,1
NC_037328.1,NC_032650.1,44366508,45426520,45426521,A,AT,1
NC_037328.1,NC_032650.1,44386970,45446984,45446996,t,tgaccccatgggc,12
NC_037328.1,NC_032650.1,44515801,45575616,45575617,t,tN,1
NC_037328.1,NC_032650.1,44556993,45655583,45655584,C,CY,1
NC_037328.1,NC_032650.1,44573071,45671684,45671685,T,TG,1
NC_037328.1,NC_032650.1,44579611,45678240,45678241,A,AM,1
NC_037328.1,NC_032650.1,44582901,45681533,45681534,G,GT,1
NC_037328.1,NC_032650.1,44584767,45683400,45683404,T,TGTAA,4
NC_037328.1,NC_032650.1,44624189,45722829,45722830,T,TC,1
NC_037328.1,NC_032650.1,44670311,45769154,45769178,c,ccatggactattcagtccacggaat,24
NC_037328.1,NC_032650.1,44692787,45791655,45791664,c,ctctcaagag,9
NC_037328.1,NC_032650.1,44866905,45994268,45994269,T,TA,1
NC_037328.1,NC_032650.1,44918231,46045977,46045978,c,ca,1
NC_037328.1,NC_032650.1,44938622,46066374,46066375,c,ct,1
NC_037328.1,NC_032650.1,44967617,46095422,46095423,t,ta,1
NC_037328.1,NC_032650.1,44972194,46100001,46100003,c,caa,2
NC_037328.1,NC_032650.1,45021241,46153668,46153669,A,AG,1
NC_037328.1,NC_032650.1,45037255,46169686,46169687,T,TG,1
NC_037328.1,NC_032650.1,45055588,46188046,46188049,g,gttt,3
NC_037328.1,NC_032650.1,45055628,46188089,46188103,A,AGCTGTAGATTTGCW,14
NC_037328.1,NC_032650.1,45096892,46229383,46229386,c,cttt,3
NC_037328.1,NC_032650.1,45128126,46260621,46260622,t,tg,1
NC_037328.1,NC_032650.1,45184990,46317392,46317395,A,AATC,3
NC_037328.1,NC_032650.1,45191952,46324357,46324358,T,TW,1
NC_037328.1,NC_032650.1,45208500,46340922,46340923,g,gt,1
NC_037328.1,NC_032650.1,45221116,46353539,46353540,a,ac,1
NC_037328.1,NC_032650.1,45252150,46384642,46384654,G,GAAAATCATAGAC,12
NC_037328.1,NC_032650.1,45280763,46413283,46413284,a,ag,1
NC_037328.1,NC_032650.1,45295359,46427696,46427697,C,CY,1
NC_037328.1,NC_032650.1,45306471,46438809,46438813,A,ATTAG,4
NC_037328.1,NC_032650.1,45307957,46440299,46440301,C,CTG,2
NC_037328.1,NC_032650.1,45335078,46467423,46467424,C,CT,1
NC_037328.1,NC_032650.1,45341470,46473815,46473816,t,tc,1
NC_037328.1,NC_032650.1,45343802,46476148,46476149,g,ga,1
NC_037328.1,NC_032650.1,45358154,46490499,46490500,G,GR,1
NC_037328.1,NC_032650.1,45361863,46494209,46494210,a,at,1
NC_037328.1,NC_032650.1,45362074,46494421,46494422,t,tc,1
NC_037328.1,NC_032650.1,45370088,46502436,46502437,t,ta,1
NC_037328.1,NC_032650.1,45389002,46521548,46521562,A,AGCTATTTTTCAGCT,14
NC_037328.1,NC_032650.1,45398093,46531327,46531328,G,GK,1
NC_037328.1,NC_032650.1,45433022,46566008,46566009,t,ta,1
NC_037328.1,NC_032650.1,45494108,46623791,46623792,g,ga,1
NC_037328.1,NC_032650.1,45505689,46635365,46635366,a,at,1
NC_037328.1,NC_032650.1,45520179,46651106,46651107,t,tg,1
NC_037328.1,NC_032650.1,45548242,46679173,46679174,A,AT,1
NC_037328.1,NC_032650.1,45570900,46701834,46701835,T,TC,1
NC_037328.1,NC_032650.1,45623377,46754317,46754318,A,AW,1
NC_037328.1,NC_032650.1,45644011,46774952,46774953,c,ca,1
NC_037328.1,NC_032650.1,45644017,46774959,46774963,t,tatgg,4
NC_037328.1,NC_032650.1,45655608,46786558,46786559,g,gc,1
NC_037328.1,NC_032650.1,45692864,46823812,46823813,T,TG,1
NC_037328.1,NC_032650.1,45983644,46994848,46994851,c,ctAT,3
NC_037328.1,NC_032650.1,46029477,47157331,47157333,g,gaa,2
NC_037328.1,NC_032650.1,46038375,47166231,47166237,T,TAGAAGC,6
NC_037328.1,NC_032650.1,46065393,47193259,47193260,A,AC,1
NC_037328.1,NC_032650.1,46090852,47218720,47218724,t,tNNNN,4
NC_037328.1,NC_032650.1,46167788,47295665,47295667,t,taa,2
NC_037328.1,NC_032650.1,46179484,47307362,47307363,g,gt,1
NC_037328.1,NC_032650.1,46256297,47384183,47384185,a,att,2
NC_037328.1,NC_032650.1,46333171,47460786,47460787,A,AC,1
NC_037328.1,NC_032650.1,46333171,47466205,47466206,A,AC,1
NC_037328.1,NC_032650.1,46357534,47490585,47490586,C,CY,1
NC_037328.1,NC_032650.1,46558810,47701118,47701119,g,gt,1
NC_037328.1,NC_032650.1,46613230,47755161,47755162,T,TY,1
NC_037328.1,NC_032650.1,46698231,47841648,47841650,a,act,2
NC_037328.1,NC_032650.1,46698270,47841689,47841690,c,ca,1
NC_037328.1,NC_032650.1,46857743,48049190,48049191,g,gt,1
NC_037328.1,NC_032650.1,46943127,48134582,48134583,T,TC,1
NC_037328.1,NC_032650.1,46945689,48137142,48137143,c,ct,1
NC_037328.1,NC_032650.1,46945699,48137153,48137154,g,gt,1
NC_037328.1,NC_032650.1,46947860,48139314,48139318,a,agatg,4
NC_037328.1,NC_032650.1,46949099,48140647,48140648,a,ac,1
NC_037328.1,NC_032650.1,46958442,48149990,48150010,G,GGGGTGATGGCTTTCATTCTC,20
NC_037328.1,NC_032650.1,46970105,48161671,48161672,t,tg,1
NC_037328.1,NC_032650.1,46997724,48189294,48189295,c,ct,1
NC_037328.1,NC_032650.1,47027783,48219233,48219243,g,ggtggcagccc,10
NC_037328.1,NC_032650.1,47027785,48219245,48219247,c,cca,2
NC_037328.1,NC_032650.1,47046194,48237637,48237638,t,tg,1
NC_037328.1,NC_032650.1,47052621,48244057,48244058,a,at,1
NC_037328.1,NC_032650.1,47057505,48248944,48248945,c,ca,1
NC_037328.1,NC_032650.1,47082451,48273895,48273899,t,tNNNN,4
NC_037328.1,NC_032650.1,47082785,48274233,48274242,t,tatatatata,9
NC_037328.1,NC_032650.1,47133762,48325216,48325217,c,ct,1
NC_037328.1,NC_032650.1,47134064,48325521,48325522,t,ta,1
NC_037328.1,NC_032650.1,47174158,48366282,48366283,T,TG,1
NC_037328.1,NC_032650.1,47203725,48395846,48395847,G,GA,1
NC_037328.1,NC_032650.1,47263651,48455805,48455807,t,tNN,2
NC_037328.1,NC_032650.1,47306978,48499137,48499156,A,AAGCCTATTGCANNNNNNNN,19
NC_037328.1,NC_032650.1,47338138,48529885,48529887,T,TTC,2
NC_037328.1,NC_032650.1,47352696,48544376,48544377,a,at,1
NC_037328.1,NC_032650.1,47392287,48583973,48583975,a,aNN,2
NC_037328.1,NC_032650.1,47457700,48681196,48681198,A,AAG,2
NC_037328.1,NC_032650.1,47479566,48702274,48702275,A,AY,1
NC_037328.1,NC_032650.1,47484178,48706887,48706890,t,tagc,3
NC_037328.1,NC_032650.1,47494393,48717095,48717096,A,AT,1
NC_037328.1,NC_032650.1,47621103,48836775,48836776,A,AR,1
NC_037328.1,NC_032650.1,47623492,48839166,48839168,A,AAT,2
NC_037328.1,NC_032650.1,47656776,48872426,48872430,T,TCTGA,4
NC_037328.1,NC_032650.1,47670680,48886332,48886333,a,at,1
NC_037328.1,NC_032650.1,47699269,48914687,48914688,a,aW,1
NC_037328.1,NC_032650.1,47711427,48926843,48926844,g,gt,1
NC_037328.1,NC_032650.1,47712925,48928343,48928344,t,tc,1
NC_037328.1,NC_032650.1,47716145,48931564,48931565,t,ta,1
NC_037328.1,NC_032650.1,47745252,48960680,48960681,c,ca,1
NC_037328.1,NC_032650.1,47757106,48972540,48972541,A,AT,1
NC_037328.1,NC_032650.1,47762478,48977841,48977842,a,at,1
NC_037328.1,NC_032650.1,47762853,48978218,48978220,c,ctt,2
NC_037328.1,NC_032650.1,47763241,48978623,48978624,G,GY,1
NC_037328.1,NC_032650.1,47764136,48979519,48979520,T,TW,1
NC_037328.1,NC_032650.1,47837134,49066761,49066762,g,gt,1
NC_037328.1,NC_032650.1,47838805,49068432,49068433,a,ag,1
NC_037328.1,NC_032650.1,47848540,49078169,49078171,t,tNN,2
NC_037328.1,NC_032650.1,47851208,49080776,49080778,g,gaa,2
NC_037328.1,NC_032650.1,47851454,49081024,49081025,A,AC,1
NC_037328.1,NC_032650.1,47852770,49082341,49082392,T,TTNNNNNNNNNNNNNNNNNNNNNNNNNNNNNNNNNNNNNNNNNNNNNNNNNC,51
NC_037328.1,NC_032650.1,47891730,49120818,49120819,G,GT,1
NC_037328.1,NC_032650.1,47974918,49236011,49236018,a,ataaaaat,7
NC_037328.1,NC_032650.1,47980843,49241942,49241944,a,aNN,2
NC_037328.1,NC_032650.1,47994835,49255501,49255507,t,tNNNNNN,6
NC_037328.1,NC_032650.1,48031955,49292668,49292669,C,CT,1
NC_037328.1,NC_032650.1,48032498,49293211,49293212,G,GK,1
NC_037328.1,NC_032650.1,48032659,49296818,49296819,C,CA,1
NC_037328.1,NC_032650.1,48034934,49299099,49299101,t,tNN,2
NC_037328.1,NC_032650.1,48071443,49335637,49335638,c,ca,1
NC_037328.1,NC_032650.1,48101737,49370612,49370614,c,ctt,2
NC_037328.1,NC_032650.1,48219124,49488377,49488378,t,ta,1
NC_037328.1,NC_032650.1,48242723,49511977,49511978,a,ag,1
NC_037328.1,NC_032650.1,48248828,49518083,49518084,a,aW,1
NC_037328.1,NC_032650.1,48259126,49535624,49535626,t,taa,2
NC_037328.1,NC_032650.1,48270241,49546742,49546743,a,at,1
NC_037328.1,NC_032650.1,48351083,49628048,49628049,t,tg,1
NC_037328.1,NC_032650.1,48354701,49631670,49631672,c,cta,2
NC_037328.1,NC_032650.1,48354713,49631684,49631690,t,tgaaaaa,6
NC_037328.1,NC_032650.1,48372500,49649456,49649459,a,aatt,3
NC_037328.1,NC_032650.1,48373020,49649980,49649981,G,GT,1
NC_037328.1,NC_032650.1,48389275,49666238,49666239,G,GA,1
NC_037328.1,NC_032650.1,48394404,49671406,49671408,g,gaa,2
NC_037328.1,NC_032650.1,48452714,49729512,49729513,c,ct,1
NC_037328.1,NC_032650.1,48475479,49752311,49752323,a,aaggactgatggt,12
NC_037328.1,NC_032650.1,48477591,49754447,49754456,c,ctgtggacag,9
NC_037328.1,NC_032650.1,48479999,49756866,49756869,g,ggtt,3
NC_037328.1,NC_032650.1,48483454,49760329,49760331,t,taa,2
NC_037328.1,NC_032650.1,48507176,49783521,49783523,T,TAC,2
NC_037328.1,NC_032650.1,48520611,49796973,49796975,a,aNN,2
NC_037328.1,NC_032650.1,48577914,49854126,49854128,a,aag,2
NC_037328.1,NC_032650.1,48805544,49930020,49930021,a,ag,1
NC_037328.1,NC_032650.1,48829762,49954413,49954416,a,agac,3
NC_037328.1,NC_032650.1,48881098,50005931,50005934,t,taaa,3
NC_037328.1,NC_032650.1,48892732,50017466,50017474,c,ctccgttca,8
NC_037328.1,NC_032650.1,48894928,50019671,50019673,A,ACT,2
NC_037328.1,NC_032650.1,48897329,50022013,50022017,c,catat,4
NC_037328.1,NC_032650.1,48900778,50025483,50025484,t,tc,1
NC_037328.1,NC_032650.1,48903971,50028733,50028736,G,GTCR,3
NC_037328.1,NC_032650.1,48905462,50030064,50030065,A,AW,1
NC_037328.1,NC_032650.1,48915626,50040229,50040231,c,cct,2
NC_037328.1,NC_032650.1,48943696,50068309,50068313,A,ATTAC,4
NC_037328.1,NC_032650.1,48946236,50070834,50070835,g,gt,1
NC_037328.1,NC_032650.1,48949115,50075071,50075072,a,at,1
NC_037328.1,NC_032650.1,48970406,50096360,50096361,g,gt,1
NC_037328.1,NC_032650.1,49006083,50132151,50132153,c,cgt,2
NC_037328.1,NC_032650.1,49027218,50153313,50153314,t,tc,1
NC_037328.1,NC_032650.1,49027537,50153633,50153635,C,CCS,2
NC_037328.1,NC_032650.1,49027837,50153935,50153937,G,GGA,2
NC_037328.1,NC_032650.1,49149399,50274935,50274939,T,TGAGC,4
NC_037328.1,NC_032650.1,49795897,50338639,50338642,a,aaag,3
NC_037328.1,NC_032650.1,49803666,50347976,50347977,a,ac,1
NC_037328.1,NC_032650.1,49803722,50348033,50348034,g,gc,1
NC_037328.1,NC_032650.1,49808874,50353187,50353188,A,AG,1
NC_037328.1,NC_032650.1,49816010,50360322,50360327,T,TGTGAA,5
NC_037328.1,NC_032650.1,49816012,50360329,50360334,G,GAAAAC,5
NC_037328.1,NC_032650.1,49921208,50465498,50465501,t,tagc,3
NC_037328.1,NC_032650.1,49928358,50472650,50472651,c,ct,1
NC_037328.1,NC_032650.1,49928531,50472824,50472825,c,ca,1
NC_037328.1,NC_032650.1,49943634,50487952,50487956,a,aNNNN,4
NC_037328.1,NC_032650.1,49986204,50530521,50530522,C,CT,1
NC_037328.1,NC_032650.1,49987256,50531574,50531575,C,CT,1
NC_037328.1,NC_032650.1,50037167,50581485,50581489,a,atatg,4
NC_037328.1,NC_032650.1,50075669,50620005,50620007,t,tNN,2
NC_037328.1,NC_032650.1,50151755,50696098,50696101,c,cctt,3
NC_037328.1,NC_032650.1,50188893,50733241,50733242,C,CA,1
NC_037328.1,NC_032650.1,50275553,50819737,50819738,C,CY,1
NC_037328.1,NC_032650.1,50275976,50820161,50820163,A,AAG,2
NC_037328.1,NC_032650.1,50287154,50831339,50831340,G,GA,1
NC_037328.1,NC_032650.1,50404934,50949173,50949176,a,aatt,3
NC_037328.1,NC_032650.1,50484459,51028700,51028701,T,TA,1
NC_037328.1,NC_032650.1,50494732,51038987,51038988,T,TK,1
NC_037328.1,NC_032650.1,50552198,51107092,51107093,c,ct,1
NC_037328.1,NC_032650.1,50620409,51175322,51175323,T,TW,1
NC_037328.1,NC_032650.1,50699508,51254936,51254938,t,tNN,2
NC_037328.1,NC_032650.1,50766521,51321948,51321949,t,tg,1
NC_037328.1,NC_032650.1,50888459,51443942,51443944,T,TTG,2
NC_037328.1,NC_032650.1,51045879,51606734,51606735,G,GA,1
NC_037328.1,NC_032650.1,51062498,51623356,51623357,c,ca,1
NC_037328.1,NC_032650.1,51158459,51719569,51719571,c,ctg,2
NC_037328.1,NC_032650.1,51172601,51733733,51733734,T,TW,1
NC_037328.1,NC_032650.1,51185497,51746641,51746642,T,TW,1
NC_037328.1,NC_032650.1,51231356,51792511,51792512,T,TY,1
NC_037328.1,NC_032650.1,51293026,51855299,51855303,g,gcaca,4
NC_037328.1,NC_032650.1,51295327,51857604,51857606,c,ctg,2
NC_037328.1,NC_032650.1,51299237,51861516,51861519,G,GAGA,3
NC_037328.1,NC_032650.1,51304651,51868291,51868292,g,gt,1
NC_037328.1,NC_032650.1,51337822,51901959,51901960,c,ct,1
NC_037328.1,NC_032650.1,51374857,51965270,51965271,A,AC,1
NC_037328.1,NC_032650.1,51377706,51968120,51968121,t,tc,1
NC_037328.1,NC_032650.1,51392229,51985062,51985063,a,at,1
NC_037328.1,NC_032650.1,51392327,51985161,51985163,C,CAT,2
NC_037328.1,NC_032650.1,51410490,52003325,52003327,a,aat,2
NC_037328.1,NC_032650.1,51470645,51936753,51936754,C,CG,1
NC_037328.1,NC_032650.1,51501548,52067538,52067541,A,AAAG,3
NC_037328.1,NC_032650.1,51504813,52070803,52070804,T,TA,1
NC_037328.1,NC_032650.1,51510443,52076203,52076209,t,tNNNNNN,6
NC_037328.1,NC_032650.1,51519942,52085711,52085712,A,AW,1
NC_037328.1,NC_032650.1,51559557,52125336,52125337,t,tg,1
NC_037328.1,NC_032650.1,51596775,52162559,52162567,a,aatatcttc,8
NC_037328.1,NC_032650.1,51617031,52182888,52182889,g,ga,1
NC_037328.1,NC_032650.1,51624001,52189850,52189851,T,TC,1
NC_037328.1,NC_032650.1,51657649,52223510,52223511,A,AC,1
NC_037328.1,NC_032650.1,51667853,52233731,52233735,T,TAATA,4
NC_037328.1,NC_032650.1,51668217,52234103,52234105,c,cag,2
NC_037328.1,NC_032650.1,51680053,52245931,52245932,C,CY,1
NC_037328.1,NC_032650.1,51680225,52246104,52246105,g,gc,1
NC_037328.1,NC_032650.1,51721030,52286899,52286900,C,CT,1
NC_037328.1,NC_032650.1,51735258,52301030,52301031,C,CM,1
NC_037328.1,NC_032650.1,51846497,52412233,52412234,t,tc,1
NC_037328.1,NC_032650.1,51871803,52437540,52437544,a,ataac,4
NC_037328.1,NC_032650.1,51917152,52482956,52482957,A,AC,1
NC_037328.1,NC_032650.1,51922894,52488699,52488700,c,ca,1
NC_037328.1,NC_032650.1,51922894,52552180,52552181,c,ca,1
NC_037328.1,NC_032650.1,51931847,52497653,52497654,t,tg,1
NC_037328.1,NC_032650.1,51956956,52513402,52513422,T,TCCCAAGGAATGGTTTAGAGA,20
NC_037328.1,NC_032650.1,51956956,52537890,52537910,T,TCCCAAGGAATGGTTTAGAGA,20
NC_037328.1,NC_032650.1,51965874,52546832,52546834,a,aac,2
NC_037328.1,NC_032650.1,51976344,52558710,52558711,C,CA,1
NC_037328.1,NC_032650.1,51986088,52568452,52568453,c,ca,1
NC_037328.1,NC_032650.1,51986565,52569406,52569407,g,gc,1
NC_037328.1,NC_032650.1,51989115,52571481,52571483,t,tag,2
NC_037328.1,NC_032650.1,52003059,52585446,52585447,T,TK,1
NC_037328.1,NC_032650.1,52080518,52669411,52669420,g,gttgtttttt,9
NC_037328.1,NC_032650.1,52118503,52707408,52707409,G,GR,1
NC_037328.1,NC_032650.1,52134592,52723502,52723506,t,tatta,4
NC_037328.1,NC_032650.1,52325864,52914764,52914765,A,AC,1
NC_037328.1,NC_032650.1,52342004,52930911,52930914,T,TATC,3
NC_037328.1,NC_032650.1,52370707,52959629,52959630,G,GT,1
NC_037328.1,NC_032650.1,52445572,53034499,53034500,T,TK,1
NC_037328.1,NC_032650.1,52450528,53039460,53039461,T,TW,1
NC_037328.1,NC_032650.1,52502418,53091348,53091349,g,gc,1
NC_037328.1,NC_032650.1,55126011,55761266,55761267,T,TC,1
NC_037328.1,NC_032650.1,55126011,55763761,55763762,T,TC,1
NC_037328.1,NC_032650.1,55135660,55773410,55773415,a,ataaat,5
NC_037328.1,NC_032650.1,55135678,55773433,55773435,a,aat,2
NC_037328.1,NC_032650.1,55147489,55785246,55785248,t,ttg,2
NC_037328.1,NC_032650.1,55225729,55894748,55894750,C,CTT,2
NC_037328.1,NC_032650.1,55287129,55850386,55850387,t,tg,1
NC_037328.1,NC_032650.1,55508261,56204380,56204382,c,cca,2
NC_037328.1,NC_032650.1,56005535,56703124,56703127,a,atat,3
NC_037328.1,NC_032650.1,56005749,56703341,56703347,t,tgaaaga,6
NC_037328.1,NC_032650.1,56005753,56703351,56703362,c,cagccctgggat,11
NC_037328.1,NC_032650.1,56005912,56703521,56703522,c,ca,1
NC_037328.1,NC_032650.1,56206784,56904315,56904316,T,TC,1
NC_037328.1,NC_032650.1,56357841,57055256,57055258,a,aNN,2
NC_037328.1,NC_032650.1,56384595,57103380,57103381,g,ga,1
NC_037328.1,NC_032650.1,56391323,57110121,57110122,G,GA,1
NC_037328.1,NC_032650.1,56410725,57129811,57129812,c,ca,1
NC_037328.1,NC_032650.1,56428348,57147709,57147710,A,AT,1
NC_037328.1,NC_032650.1,56520327,57239722,57239724,c,cct,2
NC_037328.1,NC_032650.1,56581090,57302060,57302061,T,TC,1
NC_037328.1,NC_032650.1,56620546,57341522,57341523,a,at,1
NC_037328.1,NC_032650.1,56709564,57430562,57430567,T,TCTGGW,5
NC_037328.1,NC_032650.1,56753284,57474292,57474296,T,TGAAA,4
NC_037328.1,NC_032650.1,56757409,57478422,57478430,A,ACCATGTTG,8
NC_037328.1,NC_032650.1,56766762,57487783,57487784,a,at,1
NC_037328.1,NC_032650.1,56768967,57489990,57489991,a,ag,1
NC_037328.1,NC_032650.1,56769139,57490163,57490164,a,ag,1
NC_037328.1,NC_032650.1,56863566,57557968,57557969,T,TY,1
NC_037328.1,NC_032650.1,57238908,57995046,57995047,g,gt,1
NC_037328.1,NC_032650.1,57299002,58055144,58055148,a,atttg,4
NC_037328.1,NC_032650.1,57299118,58055263,58055264,g,gc,1
NC_037328.1,NC_032650.1,57468410,58224154,58224155,c,ct,1
NC_037328.1,NC_032650.1,57507002,58263066,58263068,g,gat,2
NC_037328.1,NC_032650.1,57507052,58263118,58263119,a,at,1
NC_037328.1,NC_032650.1,57507054,58263121,58263122,t,tC,1
NC_037328.1,NC_032650.1,57510934,58267002,58267004,a,aNN,2
NC_037328.1,NC_032650.1,57532021,58288169,58288170,G,GS,1
NC_037328.1,NC_032650.1,57559011,58315161,58315162,t,ta,1
NC_037328.1,NC_032650.1,57574214,58330366,58330368,g,gta,2
NC_037328.1,NC_032650.1,57808709,58543447,58543451,T,TACTG,4
NC_037328.1,NC_032650.1,57880180,58712713,58712714,t,ta,1
NC_037328.1,NC_032650.1,57974625,58812258,58812259,c,ct,1
NC_037328.1,NC_032650.1,58192483,59065683,59065684,G,GA,1
NC_037328.1,NC_032650.1,58192553,59065754,59065755,G,GC,1
NC_037328.1,NC_032650.1,58287915,59161602,59161605,A,ATGG,3
NC_037328.1,NC_032650.1,58380388,59254274,59254275,A,AC,1
NC_037328.1,NC_032650.1,58407682,59280837,59281026,A,ACAGTGACAAGACAAACCTAAAATCTTAATAGTAGGTGGTAAAAAGATTTNNNNNNNNNNNNNNNNNNNNNNNNNNNNNNNNNNNNNNNNNNNNNNNNNNNNNNNNNNNNNNNNNNNNNNNNNNNNNNNNNNNNNNNNNNNNNNNNNNNNNNNNNNNNNNNNNNNNNNNNNNNNcgatggcaaaccattc,189
NC_037328.1,NC_032650.1,58483975,59337357,59337358,G,GC,1
NC_037328.1,NC_032650.1,58504842,59361727,59361728,c,ct,1
NC_037328.1,NC_032650.1,58534496,59391435,59391436,G,GA,1
NC_037328.1,NC_032650.1,58757340,59614272,59614273,T,TY,1
NC_037328.1,NC_032650.1,58930830,59787569,59787570,C,CT,1
NC_037328.1,NC_032650.1,58998657,59855394,59855395,A,AT,1
NC_037328.1,NC_032650.1,59023947,59880679,59880680,T,TA,1
NC_037328.1,NC_032650.1,59023962,59880695,59880696,C,CA,1
NC_037328.1,NC_032650.1,59036133,59893189,59893190,t,tc,1
NC_037328.1,NC_032650.1,59079391,59936458,59936459,G,GA,1
NC_037328.1,NC_032650.1,59170957,60028065,60028070,a,atatat,5
NC_037328.1,NC_032650.1,59192287,60049401,60049404,G,GAGA,3
NC_037328.1,NC_032650.1,59230289,60086182,60086190,A,AGCAAGACT,8
NC_037328.1,NC_032650.1,59253975,60109804,60109805,G,GT,1
NC_037328.1,NC_032650.1,59254515,60110344,60110345,C,CY,1
NC_037328.1,NC_032650.1,59262177,60118027,60118028,g,gc,1
NC_037328.1,NC_032650.1,59262279,60118130,60118131,a,ag,1
NC_037328.1,NC_032650.1,59275514,60131368,60131369,G,GC,1
NC_037328.1,NC_032650.1,59301475,60157332,60157333,a,ac,1
NC_037328.1,NC_032650.1,59302041,60157890,60157892,c,caa,2
NC_037328.1,NC_032650.1,59330396,60186147,60186148,G,GR,1
NC_037328.1,NC_032650.1,59378936,60234703,60234705,g,gga,2
NC_037328.1,NC_032650.1,59395400,60251077,60251079,c,caa,2
NC_037328.1,NC_032650.1,59400942,60256621,60256623,C,CTA,2
NC_037328.1,NC_032650.1,59403378,60259059,60259062,T,TTAC,3
NC_037328.1,NC_032650.1,59424914,60280589,60280591,C,CCT,2
NC_037328.1,NC_032650.1,59427715,60283392,60283393,A,AW,1
NC_037328.1,NC_032650.1,59555504,60417223,60417224,t,ta,1
NC_037328.1,NC_032650.1,59605826,60470062,60470063,a,at,1
NC_037328.1,NC_032650.1,59616545,60480783,60480787,C,CATGG,4
NC_037328.1,NC_032650.1,59715677,60624035,60624047,c,ctgcaatgcagaa,12
NC_037328.1,NC_032650.1,59723965,60632330,60632331,A,AC,1
NC_037328.1,NC_032650.1,59803428,60711889,60711890,C,CM,1
NC_037328.1,NC_032650.1,59821209,60728901,60728902,C,CT,1
NC_037328.1,NC_032650.1,59830855,60738542,60738547,A,AAACTC,5
NC_037328.1,NC_032650.1,59841807,60749500,60749502,t,tac,2
NC_037328.1,NC_032650.1,59850882,60758582,60758583,c,ca,1
NC_037328.1,NC_032650.1,59867615,60775320,60775324,c,ctcta,4
NC_037328.1,NC_032650.1,59867619,60775328,60775329,a,ag,1
NC_037328.1,NC_032650.1,59925830,60833881,60833882,g,gt,1
NC_037328.1,NC_032650.1,59936377,60844383,60844384,A,AM,1
NC_037328.1,NC_032650.1,59940624,60848630,60848681,C,CTCATCCTGATCCTGGGCATAACATATGTGGGATTCTTAGTGCAATGGTAAT,51
NC_037328.1,NC_032650.1,59941392,60849447,60849448,A,AY,1
NC_037328.1,NC_032650.1,59952207,60860266,60860268,C,CTA,2
NC_037328.1,NC_032650.1,60022879,60930934,60930935,C,CM,1
NC_037328.1,NC_032650.1,60082533,60989586,60989589,g,gaca,3
NC_037328.1,NC_032650.1,60092239,60999296,60999297,c,ca,1
NC_037328.1,NC_032650.1,60093010,61000068,61000069,t,tY,1
NC_037328.1,NC_032650.1,60135154,61124894,61124895,C,CA,1
NC_037328.1,NC_032650.1,60144497,61134238,61134241,T,TCTG,3
NC_037328.1,NC_032650.1,60190601,61182308,61182312,a,agatt,4
NC_037328.1,NC_032650.1,60219561,61211754,61211809,C,CGGTATCTCNNNNNNNNNNNNNNNNNNNNNNNNNNNNNNNNNNNNNNNNNNNNNNN,55
NC_037328.1,NC_032650.1,60247539,61239791,61239792,T,TY,1
NC_037328.1,NC_032650.1,60273873,61266046,61266047,g,gt,1
NC_037328.1,NC_032650.1,60281559,61273714,61273715,T,TC,1
NC_037328.1,NC_032650.1,60288560,61280714,61280715,C,CY,1
NC_037328.1,NC_032650.1,60335497,61327809,61327810,G,GA,1
NC_037328.1,NC_032650.1,60337115,61329427,61329428,T,TY,1
NC_037328.1,NC_032650.1,60337182,61329495,61329500,T,TAGGAA,5
NC_037328.1,NC_032650.1,60340334,61332665,61332667,g,gac,2
NC_037328.1,NC_032650.1,60377654,61370898,61370901,C,CCCA,3
NC_037328.1,NC_032650.1,60396245,61389503,61389504,C,CY,1
NC_037328.1,NC_032650.1,60404997,61397885,61397887,c,ctt,2
NC_037328.1,NC_032650.1,60463384,61456288,61456290,c,caY,2
NC_037328.1,NC_032650.1,60502134,61495051,61495052,T,TA,1
NC_037328.1,NC_032650.1,60531182,61524114,61524115,T,TY,1
NC_037328.1,NC_032650.1,60540424,61533436,61533437,G,GT,1
NC_037328.1,NC_032650.1,60622198,61615965,61615974,T,TACCTAACAC,9
NC_037328.1,NC_032650.1,60622211,61615987,61615990,T,TGTG,3
NC_037328.1,NC_032650.1,60626239,61620041,61620042,A,AG,1
NC_037328.1,NC_032650.1,60646699,61640508,61640511,a,acct,3
NC_037328.1,NC_032650.1,60723257,61716948,61716951,C,CAAT,3
NC_037328.1,NC_032650.1,60764265,61757965,61757966,T,TW,1
NC_037328.1,NC_032650.1,60772611,61766311,61766313,c,ctt,2
NC_037328.1,NC_032650.1,60777914,61771616,61771618,c,ctt,2
NC_037328.1,NC_032650.1,60786698,61784345,61784346,C,CT,1
NC_037328.1,NC_032650.1,60788954,61786603,61786604,A,AG,1
NC_037328.1,NC_032650.1,60795662,61793317,61793318,A,AG,1
NC_037328.1,NC_032650.1,60802274,61799928,61799930,c,ctg,2
NC_037328.1,NC_032650.1,60805734,61803658,61803659,T,TY,1
NC_037328.1,NC_032650.1,60806931,61804863,61804864,a,at,1
NC_037328.1,NC_032650.1,60851667,61859606,61859618,c,ccatgctaaagga,12
NC_037328.1,NC_032650.1,60983611,62105803,62105804,G,GA,1
NC_037328.1,NC_032650.1,60986499,62108693,62108696,g,gtct,3
NC_037328.1,NC_032650.1,60997049,62119702,62119703,C,CY,1
NC_037328.1,NC_032650.1,61040055,62162927,62162928,T,TG,1
NC_037328.1,NC_032650.1,61042698,62165567,62165568,T,TC,1
NC_037328.1,NC_032650.1,61042895,62165763,62165764,g,ga,1
NC_037328.1,NC_032650.1,61098743,62222114,62222115,T,TY,1
NC_037328.1,NC_032650.1,61100241,62223613,62223614,T,TC,1
NC_037328.1,NC_032650.1,61100766,62224139,62224142,a,aaag,3
NC_037328.1,NC_032650.1,61102438,62225813,62225814,C,CA,1
NC_037328.1,NC_032650.1,61107643,62231019,62231020,A,AR,1
NC_037328.1,NC_032650.1,61114023,62237408,62237409,a,aN,1
NC_037328.1,NC_032650.1,61123170,62246552,62246553,G,GT,1
NC_037328.1,NC_032650.1,61158245,62281673,62281675,T,TAC,2
NC_037328.1,NC_032650.1,61191343,62315406,62315413,C,CTTATGCA,7
NC_037328.1,NC_032650.1,61197369,62321456,62321457,G,GA,1
NC_037328.1,NC_032650.1,61197798,62321886,62321894,T,TTAGTCATC,8
NC_037328.1,NC_032650.1,61208082,62330791,62330792,C,CA,1
NC_037328.1,NC_032650.1,61240350,62366474,62366475,t,ta,1
NC_037328.1,NC_032650.1,61249637,62375769,62375771,a,att,2
NC_037328.1,NC_032650.1,61249651,62375785,62375787,g,gac,2
NC_037328.1,NC_032650.1,61279974,62406103,62406106,T,TTCA,3
NC_037328.1,NC_032650.1,61314784,62445107,62445108,a,ag,1
NC_037328.1,NC_032650.1,61314920,62445244,62445251,g,gttgcttc,7
NC_037328.1,NC_032650.1,61332866,62463202,62463203,T,TA,1
NC_037328.1,NC_032650.1,61373135,62547038,62547039,g,gt,1
NC_037328.1,NC_032650.1,61392850,62566809,62566810,t,tg,1
NC_037328.1,NC_032650.1,61396421,62570382,62570383,t,ta,1
NC_037328.1,NC_032650.1,61419777,62593747,62593748,A,AC,1
NC_037328.1,NC_032650.1,61527245,62712749,62712753,a,aNNNN,4
NC_037328.1,NC_032650.1,61569919,62755437,62755438,T,TC,1
NC_037328.1,NC_032650.1,61636787,62822300,62822304,C,CCCAA,4
NC_037328.1,NC_032650.1,61653745,62839271,62839272,t,tc,1
NC_037328.1,NC_032650.1,61658768,62844295,62844297,t,tta,2
NC_037328.1,NC_032650.1,62043023,62962072,62962076,a,agtgt,4
NC_037328.1,NC_032650.1,62045968,62965013,62965014,C,CR,1
NC_037328.1,NC_032650.1,62083988,63003005,63003006,T,TC,1
NC_037328.1,NC_032650.1,62086423,63005437,63005439,C,CAG,2
NC_037328.1,NC_032650.1,62087736,63006750,63006751,c,ct,1
NC_037328.1,NC_032650.1,62088374,63007389,63007390,a,ac,1
NC_037328.1,NC_032650.1,62157940,63076803,63076806,t,tttg,3
NC_037328.1,NC_032650.1,62165137,63083997,63083998,C,CA,1
NC_037328.1,NC_032650.1,62165145,63084006,63084007,C,CA,1
NC_037328.1,NC_032650.1,62235455,63154063,63154068,a,aaaacc,5
NC_037328.1,NC_032650.1,62247262,63165877,63165878,a,at,1
NC_037328.1,NC_032650.1,62260149,63178782,63178794,a,acatacatgcatc,12
NC_037328.1,NC_032650.1,62272161,63190808,63190826,a,aNNNNNNNNNNNNNNNNNN,18
NC_037328.1,NC_032650.1,62279185,63197850,63197851,t,ta,1
NC_037328.1,NC_032650.1,62302336,63221009,63221016,c,cttcactt,7
NC_037328.1,NC_032650.1,62314502,63233182,63233183,T,TK,1
NC_037328.1,NC_032650.1,62339956,63258644,63258649,C,CTAGAA,5
NC_037328.1,NC_032650.1,62350330,63269030,63269032,g,gtc,2
NC_037328.1,NC_032650.1,62389397,63308105,63308108,c,cYCT,3
NC_037328.1,NC_032650.1,62402271,63320798,63320800,T,TTG,2
NC_037328.1,NC_032650.1,62402883,63321412,63321415,A,ATAT,3
NC_037328.1,NC_032650.1,62516751,63435671,63435672,T,TY,1
NC_037328.1,NC_032650.1,62528168,63447090,63447091,A,AG,1
NC_037328.1,NC_032650.1,62596006,63515120,63515121,g,ga,1
NC_037328.1,NC_032650.1,62601736,63520855,63520856,T,TY,1
NC_037328.1,NC_032650.1,62602186,63521306,63521307,A,AG,1
NC_037328.1,NC_032650.1,62607675,63526917,63526918,t,tN,1
NC_037328.1,NC_032650.1,62607695,63526938,63526939,t,ta,1
NC_037328.1,NC_032650.1,62620387,63539630,63539631,t,ta,1
NC_037328.1,NC_032650.1,62646134,63565297,63565299,C,CYG,2
NC_037328.1,NC_032650.1,62670507,63589670,63589671,t,tg,1
NC_037328.1,NC_032650.1,62672814,63591978,63591979,t,ta,1
NC_037328.1,NC_032650.1,62682643,63601528,63601529,C,CA,1
NC_037328.1,NC_032650.1,62683671,63602631,63602632,A,AC,1
NC_037328.1,NC_032650.1,62684785,63603746,63603747,T,TY,1
NC_037328.1,NC_032650.1,62760513,63683066,63683067,C,CA,1
NC_037328.1,NC_032650.1,62771566,63694120,63694121,A,AG,1
NC_037328.1,NC_032650.1,62791803,63714370,63714371,A,AT,1
NC_037328.1,NC_032650.1,62798643,63749600,63749601,t,ta,1
NC_037328.1,NC_032650.1,62803821,63726389,63726419,T,TCCACCTGGACCTGttgttcctctgtctgtg,30
NC_037328.1,NC_032650.1,62803821,63754771,63754801,T,TCCACCTGGACCTGttgttcctctgtctgtg,30
NC_037328.1,NC_032650.1,62803896,63726494,63726506,a,aaaaaaaatatat,12
NC_037328.1,NC_032650.1,62803896,63754876,63754885,a,aaaaatatat,9
NC_037328.1,NC_032650.1,62803925,63726535,63726536,G,GA,1
NC_037328.1,NC_032650.1,62804316,63755305,63755312,c,caaaaaaa,7
NC_037328.1,NC_032650.1,62854591,63805592,63805593,t,tg,1
NC_037328.1,NC_032650.1,62866756,63817989,63817990,G,GR,1
NC_037328.1,NC_032650.1,62914689,63885398,63885399,T,TG,1
NC_037328.1,NC_032650.1,62935272,63906665,63906666,T,TG,1
NC_037328.1,NC_032650.1,62935505,63906899,63906900,a,at,1
NC_037328.1,NC_032650.1,62984396,63955701,63955702,T,TA,1
NC_037328.1,NC_032650.1,63095703,64070271,64070272,t,ta,1
NC_037328.1,NC_032650.1,63212459,64186270,64186272,C,CTA,2
NC_037328.1,NC_032650.1,63247604,64221420,64221421,t,tc,1
NC_037328.1,NC_032650.1,63449079,64422954,64422955,g,ga,1
NC_037328.1,NC_032650.1,63455762,64429661,64429662,g,gc,1
NC_037328.1,NC_032650.1,63464012,64437918,64437924,A,ATAAAGT,6
NC_037328.1,NC_032650.1,63481995,64455908,64455935,c,caaaggaacAAGAAATAAAGTGTGGAAA,27
NC_037328.1,NC_032650.1,63486715,64460656,64460657,G,GA,1
NC_037328.1,NC_032650.1,63511380,64486464,64486465,c,ct,1
NC_037328.1,NC_032650.1,63616225,64591372,64591373,G,GA,1
NC_037328.1,NC_032650.1,63657834,64632985,64632986,a,ag,1
NC_037328.1,NC_032650.1,63675612,64650764,64650765,T,TK,1
NC_037328.1,NC_032650.1,63705761,64680916,64680917,A,AC,1
NC_037328.1,NC_032650.1,63809899,64806605,64806606,A,AG,1
NC_037328.1,NC_032650.1,63827800,64824873,64824874,t,ta,1
NC_037328.1,NC_032650.1,63840517,64837600,64837603,C,CTCT,3
NC_037328.1,NC_032650.1,63845472,64842556,64842566,a,acaaaaaaaac,10
NC_037328.1,NC_032650.1,63848126,64845219,64845220,T,TR,1
NC_037328.1,NC_032650.1,63851896,64848990,64848999,T,TTTCCAAATG,9
NC_037328.1,NC_032650.1,63854109,64851212,64851213,G,GA,1
NC_037328.1,NC_032650.1,63854584,64851689,64851692,C,CTCA,3
NC_037328.1,NC_032650.1,63857848,64854954,64854955,g,ga,1
NC_037328.1,NC_032650.1,63858810,64855913,64855914,a,ag,1
NC_037328.1,NC_032650.1,63864402,64861505,64861507,t,tca,2
NC_037328.1,NC_032650.1,63869969,64867082,64867083,G,GT,1
NC_037328.1,NC_032650.1,63893178,64890317,64890319,G,GCT,2
NC_037328.1,NC_032650.1,63903276,64900422,64900423,T,TG,1
NC_037328.1,NC_032650.1,63929968,64927092,64927093,G,GR,1
NC_037328.1,NC_032650.1,63954633,64951758,64951759,c,ca,1
NC_037328.1,NC_032650.1,63960760,64957886,64957900,T,TAAAGAACAAAAAAC,14
NC_037328.1,NC_032650.1,63973388,64970538,64970543,a,attcag,5
NC_037328.1,NC_032650.1,63997530,64994694,64994695,A,AR,1
NC_037328.1,NC_032650.1,64074253,65071908,65071909,T,TG,1
NC_037328.1,NC_032650.1,64156745,65154193,65154194,A,AT,1
NC_037328.1,NC_032650.1,64190390,65187847,65187849,T,TTG,2
NC_037328.1,NC_032650.1,64208541,65206475,65206477,T,TAC,2
NC_037328.1,NC_032650.1,64246571,65244503,65244504,G,GN,1
NC_037328.1,NC_032650.1,64249974,65247890,65247892,t,tta,2
NC_037328.1,NC_032650.1,64254639,65252555,65252557,A,AAG,2
NC_037328.1,NC_032650.1,64265427,65263349,65263350,C,CR,1
NC_037328.1,NC_032650.1,64271353,65269267,65269268,T,TG,1
NC_037328.1,NC_032650.1,64301924,65299598,65299601,A,ACAT,3
NC_037328.1,NC_032650.1,64313901,65311570,65311572,C,CTG,2
NC_037328.1,NC_032650.1,64328705,65326376,65326380,a,aaact,4
NC_037328.1,NC_032650.1,64329251,65326927,65326928,g,gt,1
NC_037328.1,NC_032650.1,64329267,65326944,65326946,g,gga,2
NC_037328.1,NC_032650.1,64337292,65335140,65335141,C,CT,1
NC_037328.1,NC_032650.1,64427698,65483682,65483683,G,GN,1
NC_037328.1,NC_032650.1,64432725,65488705,65488712,G,GACTGCGC,7
NC_037328.1,NC_032650.1,64459425,65515432,65515434,C,CTG,2
NC_037328.1,NC_032650.1,64460519,65516531,65516532,g,gt,1
NC_037328.1,NC_032650.1,64512440,65567820,65567822,t,tNN,2
NC_037328.1,NC_032650.1,64516274,65571657,65571662,A,ATAMWW,5
NC_037328.1,NC_032650.1,64534413,65591174,65591175,t,tg,1
NC_037328.1,NC_032650.1,64534827,65591589,65591593,t,tgtca,4
NC_037328.1,NC_032650.1,64584342,65641113,65641114,t,tg,1
NC_037328.1,NC_032650.1,64612716,65669509,65669512,C,CTTA,3
NC_037328.1,NC_032650.1,64702290,65759035,65759036,T,TY,1
NC_037328.1,NC_032650.1,64726399,65787329,65787332,c,catt,3
NC_037328.1,NC_032650.1,64745597,65806524,65806525,G,GT,1
NC_037328.1,NC_032650.1,64788722,65849627,65849628,C,CA,1
NC_037328.1,NC_032650.1,64882972,65942809,65942810,a,at,1
NC_037328.1,NC_032650.1,64898345,65958190,65958192,C,CTG,2
NC_037328.1,NC_032650.1,65080107,66139330,66139332,C,CTG,2
NC_037328.1,NC_032650.1,65128292,66218195,66218196,G,GR,1
NC_037328.1,NC_032650.1,65255718,66275519,66275520,a,at,1
NC_037328.1,NC_032650.1,65278455,66298258,66298259,T,TC,1
NC_037328.1,NC_032650.1,65369794,66389578,66389580,T,TTC,2
NC_037328.1,NC_032650.1,65407489,66427325,66427326,a,at,1
NC_037328.1,NC_032650.1,65602513,66684196,66684197,T,TW,1
NC_037328.1,NC_032650.1,65602521,66684205,66684206,g,gt,1
NC_037328.1,NC_032650.1,65643960,66725643,66725644,t,ta,1
NC_037328.1,NC_032650.1,65699296,66780962,66780964,t,tta,2
NC_037328.1,NC_032650.1,65700473,66782143,66782144,t,ta,1
NC_037328.1,NC_032650.1,65700491,66782162,66782163,c,ct,1
NC_037328.1,NC_032650.1,65815458,66896848,66896849,g,gt,1
NC_037328.1,NC_032650.1,66056308,67138774,67138777,a,atct,3
NC_037328.1,NC_032650.1,66062064,67144532,67144533,g,gt,1
NC_037328.1,NC_032650.1,66285837,67368877,67368879,A,AGT,2
NC_037328.1,NC_032650.1,66297788,67380832,67380833,a,ac,1
NC_037328.1,NC_032650.1,66314537,67397596,67397597,a,at,1
NC_037328.1,NC_032650.1,66479632,67570077,67570081,a,ataat,4
NC_037328.1,NC_032650.1,66494303,67584749,67584753,G,GCTGA,4
NC_037328.1,NC_032650.1,66497146,67587601,67587602,a,ag,1
NC_037328.1,NC_032650.1,66497172,67587628,67587629,a,at,1
NC_037328.1,NC_032650.1,66524948,67615437,67615438,t,tg,1
NC_037328.1,NC_032650.1,66538169,67628656,67628660,t,ttaaa,4
NC_037328.1,NC_032650.1,66572547,67663049,67663050,T,TG,1
NC_037328.1,NC_032650.1,66575323,67665826,67665846,t,tNNNNNNNNNNNNNNNNNNNN,20
NC_037328.1,NC_032650.1,66589426,67680485,67680489,g,gtgtt,4
NC_037328.1,NC_032650.1,66597720,67688785,67688789,a,aNNNN,4
NC_037328.1,NC_032650.1,66606552,67697635,67697636,T,TY,1
NC_037328.1,NC_032650.1,66614731,67705958,67705966,G,GAGACTCTT,8
NC_037328.1,NC_032650.1,66615478,67706713,67706714,G,GA,1
NC_037328.1,NC_032650.1,66653374,67745768,67745769,G,GA,1
NC_037328.1,NC_032650.1,66693687,67786091,67786093,a,aac,2
NC_037328.1,NC_032650.1,66779030,67887447,67887448,T,TA,1
NC_037328.1,NC_032650.1,66780776,67889133,67889134,A,AR,1
NC_037328.1,NC_032650.1,66839616,67947975,67947993,T,TGGAAACCCTCACTTACGC,18
NC_037328.1,NC_032650.1,67002732,68112097,68112098,t,tc,1
NC_037328.1,NC_032650.1,67132308,68241658,68241681,G,GCAGCTNNNNNNNNNNNNNATTAA,23
NC_037328.1,NC_032650.1,67147045,68256412,68256413,T,TC,1
NC_037328.1,NC_032650.1,67147048,68256416,68256417,A,AT,1
NC_037328.1,NC_032650.1,67147887,68257255,68257256,T,TA,1
NC_037328.1,NC_032650.1,67221139,68330971,68330972,t,tc,1
NC_037328.1,NC_032650.1,67231572,68341411,68341436,C,CCTGGTAATGGATATTTAGACTGTAT,25
NC_037328.1,NC_032650.1,67241680,68351545,68351546,C,CY,1
NC_037328.1,NC_032650.1,67284420,68394167,68394174,T,TGATGACA,7
NC_037328.1,NC_032650.1,67285350,68395104,68395105,A,AT,1
NC_037328.1,NC_032650.1,67295066,68404834,68404835,c,ct,1
NC_037328.1,NC_032650.1,67304036,68413799,68413810,C,CCTGCATCTTTT,11
NC_037328.1,NC_032650.1,67305467,68415245,68415246,C,CA,1
NC_037328.1,NC_032650.1,67309027,68418798,68418799,C,CT,1
NC_037328.1,NC_032650.1,67337376,68447138,68447141,g,gttt,3
NC_037328.1,NC_032650.1,67426330,68536097,68536098,G,GA,1
NC_037328.1,NC_032650.1,67508693,68615494,68615495,T,TY,1
NC_037328.1,NC_032650.1,67509336,68616138,68616139,a,at,1
NC_037328.1,NC_032650.1,67509590,68616393,68616402,g,gggaaacagt,9
NC_037328.1,NC_032650.1,67511274,68618095,68618096,a,at,1
NC_037328.1,NC_032650.1,67516244,68623070,68623071,T,TY,1
NC_037328.1,NC_032650.1,67516341,68623172,68623180,a,acggtaaag,8
NC_037328.1,NC_032650.1,67536224,68644561,68644571,C,CTGTGGGACCT,10
NC_037328.1,NC_032650.1,67538993,68647340,68647341,A,At,1
NC_037328.1,NC_032650.1,67594976,68706856,68706859,T,TATC,3
NC_037328.1,NC_032650.1,67620804,68733435,68733436,A,AG,1
NC_037328.1,NC_032650.1,67654878,68767519,68767520,A,AW,1
NC_037328.1,NC_032650.1,67789947,68912938,68912939,C,CA,1
NC_037328.1,NC_032650.1,67916982,69039916,69039917,t,tc,1
NC_037328.1,NC_032650.1,68170639,69266144,69266145,G,GA,1
NC_037328.1,NC_032650.1,68170677,69266183,69266186,A,ATNN,3
NC_037328.1,NC_032650.1,68273675,69390778,69390789,A,AGGGGTTAATAT,11
NC_037328.1,NC_032650.1,68273882,69390996,69390997,g,ga,1
NC_037328.1,NC_032650.1,68293962,69411060,69411061,a,ag,1
NC_037328.1,NC_032650.1,68293969,69411068,69411070,t,tac,2
NC_037328.1,NC_032650.1,68387839,69521543,69521545,t,tcg,2
NC_037328.1,NC_032650.1,68598319,69732309,69732310,c,ct,1
NC_037328.1,NC_032650.1,68640411,69829240,69829241,T,TG,1
NC_037328.1,NC_032650.1,68683436,69872555,69872556,a,ac,1
NC_037328.1,NC_032650.1,68785326,69986942,69986943,T,TC,1
NC_037328.1,NC_032650.1,68824450,70026070,70026071,t,tg,1
NC_037328.1,NC_032650.1,68843039,70044660,70044662,c,cct,2
NC_037328.1,NC_032650.1,68870186,70071663,70071687,c,ccaANNNNNNNNNNNNNNNNNNNNN,24
NC_037328.1,NC_032650.1,69251184,70454760,70454761,T,TA,1
NC_037328.1,NC_032650.1,69301258,70505398,70505399,T,TA,1
NC_037328.1,NC_032650.1,69465622,70672406,70672407,G,GS,1
NC_037328.1,NC_032650.1,69501764,70708553,70708554,C,CA,1
NC_037328.1,NC_032650.1,69609466,70818296,70818297,c,ca,1
NC_037328.1,NC_032650.1,69617441,70826587,70826588,c,ca,1
NC_037328.1,NC_032650.1,69639745,70848888,70848889,T,TG,1
NC_037328.1,NC_032650.1,69855092,71062595,71062596,a,ac,1
NC_037328.1,NC_032650.1,69876987,71084893,71084895,t,tNN,2
NC_037328.1,NC_032650.1,69888402,71096307,71096308,T,TA,1
NC_037328.1,NC_032650.1,70000021,71207893,71207894,c,ct,1
NC_037328.1,NC_032650.1,70000035,71207908,71207909,c,ct,1
NC_037328.1,NC_032650.1,70193008,71419940,71419942,C,CTA,2
NC_037328.1,NC_032650.1,70202335,71429269,71429270,T,TC,1
NC_037328.1,NC_032650.1,70202337,71429272,71429273,A,AT,1
NC_037328.1,NC_032650.1,70224372,71451313,71451316,c,cagg,3
NC_037328.1,NC_032650.1,70497258,71720903,71720904,G,GT,1
NC_037328.1,NC_032650.1,70506327,71729975,71729997,A,ANNNNNNNNNNNNNNNNNNNNNN,22
NC_037328.1,NC_032650.1,70627520,71806453,71806454,C,CA,1
NC_037328.1,NC_032650.1,70773579,71952140,71952142,T,TTA,2
NC_037328.1,NC_032650.1,70787058,71965621,71965622,G,GT,1
NC_037328.1,NC_032650.1,70787078,71965642,71965643,G,GT,1
NC_037328.1,NC_032650.1,71769742,72914486,72914488,A,AGG,2
NC_037328.1,NC_032650.1,71943412,73088068,73088069,A,AT,1
NC_037328.1,NC_032650.1,72019006,73163665,73163666,c,ct,1
NC_037328.1,NC_032650.1,72056161,73200816,73200818,A,ACT,2
NC_037328.1,NC_032650.1,72161009,73305774,73305776,c,cat,2
NC_037328.1,NC_032650.1,72180411,73324357,73324358,g,ga,1
NC_037328.1,NC_032650.1,72187326,73331273,73331274,C,CA,1
NC_037328.1,NC_032650.1,72240541,73384494,73384495,T,TW,1
NC_037328.1,NC_032650.1,72357518,73501594,73501631,G,GTGAAGTCACTGGTTTTGGACCNNNNNNNNNNNNNNNN,37
NC_037328.1,NC_032650.1,72620510,73798189,73798190,A,AT,1
NC_037328.1,NC_032650.1,72679511,74004356,74004357,G,GR,1
NC_037328.1,NC_032650.1,72699726,74024572,74024573,A,AR,1
NC_037328.1,NC_032650.1,73067960,74452612,74452614,c,cca,2
NC_037328.1,NC_032650.1,73102130,74486784,74486785,G,GR,1
NC_037328.1,NC_032650.1,73365054,74749870,74749871,c,ca,1
NC_037328.1,NC_032650.1,73535117,74928508,74928510,a,aNN,2
NC_037328.1,NC_032650.1,73694884,75108286,75108287,T,TW,1
NC_037328.1,NC_032650.1,73814313,75234580,75234581,C,CT,1
NC_037328.1,NC_032650.1,73856771,75277038,75277039,G,GA,1
NC_037328.1,NC_032650.1,74031750,75473468,75473469,A,AR,1
NC_037328.1,NC_032650.1,74465054,76028147,76028149,t,tNN,2
NC_037328.1,NC_032650.1,74566776,76129872,76129874,a,act,2
NC_037328.1,NC_032650.1,74566876,76129974,76129975,a,at,1
NC_037328.1,NC_032650.1,74686554,76249518,76249521,G,GTTT,3
NC_037328.1,NC_032650.1,74698210,76260879,76260880,a,ac,1
NC_037328.1,NC_032650.1,74700777,76263439,76263441,T,TSA,2
NC_037328.1,NC_032650.1,74788559,76351231,76351232,G,GA,1
NC_037328.1,NC_032650.1,74789728,76352401,76352403,T,TTC,2
NC_037328.1,NC_032650.1,74798281,76360958,76360969,C,CGTCTGTAGGTA,11
NC_037328.1,NC_032650.1,74938954,76512186,76512189,t,ttWa,3
NC_037328.1,NC_032650.1,74945770,76519029,76519032,t,taaa,3
NC_037328.1,NC_032650.1,74946010,76519271,76519272,a,ac,1
NC_037328.1,NC_032650.1,75399747,76963123,76963124,t,ta,1
NC_037328.1,NC_032650.1,75467437,77031230,77031231,g,ga,1
NC_037328.1,NC_032650.1,75499186,77062894,77062895,t,tN,1
NC_037328.1,NC_032650.1,75561140,77137038,77137050,t,tatatatatatac,12
NC_037328.1,NC_032650.1,75595588,77171395,77171397,t,ttg,2
NC_037328.1,NC_032650.1,75644729,77220531,77220533,c,caa,2
NC_037328.1,NC_032650.1,75670922,77246716,77246718,a,aac,2
NC_037328.1,NC_032650.1,75670934,77246730,77246732,t,ttg,2
NC_037328.1,NC_032650.1,75676172,77251970,77251971,T,TA,1
NC_037328.1,NC_032650.1,75729085,77304831,77304832,C,CG,1
NC_037328.1,NC_032650.1,75797535,77437568,77437570,t,tta,2
NC_037328.1,NC_032650.1,76016924,77656145,77656146,c,ca,1
NC_037328.1,NC_032650.1,76016984,77656206,77656207,g,ga,1
NC_037328.1,NC_032650.1,76017288,77656511,77656513,t,taa,2
NC_037328.1,NC_032650.1,76017405,77656630,77656631,a,ag,1
NC_037328.1,NC_032650.1,76034320,77673546,77673547,G,GT,1
NC_037328.1,NC_032650.1,76099710,77738937,77738938,c,cg,1
NC_037328.1,NC_032650.1,76216739,77856099,77856101,G,GAA,2
NC_037328.1,NC_032650.1,76259204,77898598,77898599,t,tg,1
NC_037328.1,NC_032650.1,76290536,77929932,77929933,g,ga,1
NC_037328.1,NC_032650.1,76335709,77978333,77978334,A,AW,1
NC_037328.1,NC_032650.1,76437568,78080197,78080199,c,cag,2
NC_037328.1,NC_032650.1,76609175,78250001,78250002,c,ca,1
NC_037328.1,NC_032650.1,76632922,78273688,78273689,G,GS,1
NC_037328.1,NC_032650.1,76835577,78477652,78477653,t,ta,1
NC_037328.1,NC_032650.1,76842473,78484553,78484554,t,ta,1
NC_037328.1,NC_032650.1,76847115,78489178,78489185,c,ctttcact,7
NC_037328.1,NC_032650.1,77021442,78663394,78663395,T,TC,1
NC_037328.1,NC_032650.1,77021489,78663442,78663443,A,AW,1
NC_037328.1,NC_032650.1,77085427,78727381,78727383,A,AAT,2
NC_037328.1,NC_032650.1,77182045,78823960,78823961,t,tN,1
NC_037328.1,NC_032650.1,77247734,78970032,78970033,t,tK,1
NC_037328.1,NC_032650.1,77368968,79090811,79090820,g,ggaaacatta,9
NC_037328.1,NC_032650.1,77536486,79268775,79268776,A,AC,1
NC_037328.1,NC_032650.1,77536772,79269062,79269063,g,ga,1
NC_037328.1,NC_032650.1,77536983,79269273,79269274,t,ta,1
NC_037328.1,NC_032650.1,77537150,79269441,79269442,t,ta,1
NC_037328.1,NC_032650.1,77537312,79269605,79269606,T,TA,1
NC_037328.1,NC_032650.1,77537635,79269928,79269929,t,ta,1
NC_037328.1,NC_032650.1,77537742,79270035,79270036,a,at,1
NC_037328.1,NC_032650.1,77537967,79270261,79270262,c,ct,1
NC_037328.1,NC_032650.1,77538405,79270697,79270698,T,TA,1
NC_037328.1,NC_032650.1,77538625,79270916,79270917,g,ga,1
NC_037328.1,NC_032650.1,77538774,79271068,79271069,G,GA,1
NC_037328.1,NC_032650.1,77538935,79271228,79271229,a,ag,1
NC_037328.1,NC_032650.1,77539240,79271535,79271536,a,ac,1
NC_037328.1,NC_032650.1,77539286,79271582,79271583,G,GC,1
NC_037328.1,NC_032650.1,77539336,79271633,79271634,a,at,1
NC_037328.1,NC_032650.1,77581806,79284576,79284577,A,AT,1
NC_037328.1,NC_032650.1,77749241,79452502,79452503,g,ga,1
NC_037328.1,NC_032650.1,77763278,79528780,79528781,t,ta,1
NC_037328.1,NC_032650.1,77766585,79532094,79532098,T,TGAGA,4
NC_037328.1,NC_032650.1,77830566,79596357,79596359,C,CAT,2
NC_037328.1,NC_032650.1,77921376,79679010,79679014,c,ctttt,4
NC_037328.1,NC_032650.1,77933232,79690891,79690894,t,tagc,3
NC_037328.1,NC_032650.1,77944350,79702013,79702016,t,tggg,3
NC_037328.1,NC_032650.1,78200169,79957669,79957670,A,AM,1
NC_037328.1,NC_032650.1,78427148,80184551,80184552,T,TK,1
NC_037328.1,NC_032650.1,78527179,80284217,80284220,T,TCTC,3
NC_037328.1,NC_032650.1,78563228,80320316,80320325,A,ACAAAGGATC,9
NC_037328.1,NC_032650.1,78721126,80478373,80478374,a,at,1
NC_037328.1,NC_032650.1,78729953,80487208,80487210,t,taa,2
NC_037328.1,NC_032650.1,78771047,80528302,80528303,T,TW,1
NC_037328.1,NC_032650.1,78789498,80546755,80546756,C,CG,1
NC_037328.1,NC_032650.1,78810751,80569925,80569926,g,ga,1
NC_037328.1,NC_032650.1,78812983,80572158,80572159,T,TG,1
NC_037328.1,NC_032650.1,78820232,80579410,80579412,t,tRc,2
NC_037328.1,NC_032650.1,78830757,80590009,80590011,T,TTC,2
NC_037328.1,NC_032650.1,78834642,80594001,80594002,C,CT,1
NC_037328.1,NC_032650.1,78935952,80731694,80731695,A,AG,1
NC_037328.1,NC_032650.1,78992432,80787305,80787306,A,AM,1
NC_037328.1,NC_032650.1,79047969,80842863,80842864,g,gt,1
NC_037328.1,NC_032650.1,79048004,80842899,80842900,C,CA,1
NC_037328.1,NC_032650.1,79048071,80842967,80842969,A,AAT,2
NC_037328.1,NC_032650.1,79048108,80843006,80843009,a,accc,3
NC_037328.1,NC_032650.1,79068140,80863043,80863044,T,TA,1
NC_037328.1,NC_032650.1,79090561,80885465,80885469,t,tataN,4
NC_037328.1,NC_032650.1,79149890,80944801,80944842,C,CATAAAAATAcaacgccaaaaaaaaaaaaaaaaaaaaaaaaa,41
NC_037328.1,NC_032650.1,79154311,80949262,80949263,c,ca,1
NC_037328.1,NC_032650.1,79179430,80974409,80974412,A,ACTG,3
NC_037328.1,NC_032650.1,79268548,81061748,81061752,T,TNNNN,4
NC_037328.1,NC_032650.1,79268807,81062011,81062013,a,aat,2
NC_037328.1,NC_032650.1,79360497,81153562,81153564,t,ttc,2
NC_037328.1,NC_032650.1,79455291,81248374,81248375,A,AR,1
NC_037328.1,NC_032650.1,79455468,81248552,81248553,T,TG,1
NC_037328.1,NC_032650.1,79461032,81254118,81254121,A,AGAW,3
NC_037328.1,NC_032650.1,79573316,81366410,81366412,c,caT,2
NC_037328.1,NC_032650.1,79582555,81375651,81375652,g,ga,1
NC_037328.1,NC_032650.1,79595237,81388335,81388337,c,cct,2
NC_037328.1,NC_032650.1,79608798,81401898,81401921,g,gtccTTATNNNNNNNNNNNNNNNN,23
NC_037328.1,NC_032650.1,79608852,81401975,81401976,g,gc,1
NC_037328.1,NC_032650.1,79611676,81404800,81404803,G,GCCT,3
NC_037328.1,NC_032650.1,79868857,81694661,81694664,c,cttt,3
NC_037328.1,NC_032650.1,79896107,81722489,81722496,c,caaattca,7
NC_037328.1,NC_032650.1,79896217,81722606,81722615,t,taaaaaaaaa,9
NC_037328.1,NC_032650.1,79897101,81723501,81723502,c,cg,1
NC_037328.1,NC_032650.1,79897247,81723648,81723649,a,at,1
NC_037328.1,NC_032650.1,79953659,81780050,81780055,a,aaNNNN,5
NC_037328.1,NC_032650.1,80013205,81844424,81844425,A,AG,1
NC_037328.1,NC_032650.1,80047536,81878721,81878722,G,GT,1
NC_037328.1,NC_032650.1,80075959,81907146,81907147,A,AR,1
NC_037328.1,NC_032650.1,80086642,81917831,81917832,C,CT,1
NC_037328.1,NC_032650.1,80101305,81932505,81932506,g,ga,1
NC_037328.1,NC_032650.1,80104894,81936098,81936099,g,gc,1
NC_037328.1,NC_032650.1,80259910,82097388,82097389,C,CT,1
NC_037328.1,NC_032650.1,80329749,82170012,82170016,g,gcgTC,4
NC_037328.1,NC_032650.1,80330137,82170404,82170405,a,ag,1
NC_037328.1,NC_032650.1,80358144,82198149,82198150,t,ta,1
NC_037328.1,NC_032650.1,80479395,82319159,82319177,a,acgaatcctcctgccaagc,18
NC_037328.1,NC_032650.1,80529739,82424430,82424433,A,AAAT,3
NC_037328.1,NC_032650.1,80555179,82449865,82449866,a,ag,1
NC_037328.1,NC_032650.1,80616085,82510859,82510860,G,GA,1
NC_037328.1,NC_032650.1,80616097,82510872,82510873,A,AG,1
NC_037328.1,NC_032650.1,80684463,82579255,82579256,C,CT,1
NC_037328.1,NC_032650.1,80688600,82583388,82583391,C,CATT,3
NC_037328.1,NC_032650.1,80696869,82591662,82591663,T,TA,1
NC_037328.1,NC_032650.1,80698227,82593021,82593022,A,AG,1
NC_037328.1,NC_032650.1,80754093,82648895,82648896,g,gc,1
NC_037328.1,NC_032650.1,80799381,82694183,82694184,a,ac,1
NC_037328.1,NC_032650.1,80884676,82779486,82779487,G,GR,1
NC_037328.1,NC_032650.1,80930677,82825496,82825499,T,TGTC,3
NC_037328.1,NC_032650.1,80943269,82838090,82838127,A,ATCAGCCTGTCCGCCCTGAGGCTGACGAGTAGGAGGGC,37
NC_037328.1,NC_032650.1,81112032,83007039,83007041,C,CAG,2
NC_037328.1,NC_032650.1,81134186,83029258,83029259,C,CA,1
NC_037328.1,NC_032650.1,81164221,83059306,83059307,t,tc,1
NC_037328.1,NC_032650.1,81192972,83088057,83088058,T,TC,1
NC_037328.1,NC_032650.1,81218944,83114038,83114039,G,GA,1
NC_037328.1,NC_032650.1,81219014,83114109,83114110,C,CM,1
NC_037328.1,NC_032650.1,81221230,83116328,83116329,a,at,1
NC_037328.1,NC_032650.1,81311770,83206878,83206879,c,cg,1
NC_037328.1,NC_032650.1,81325254,83220358,83220360,t,taa,2
NC_037328.1,NC_032650.1,81337691,83232788,83232790,t,tac,2
NC_037328.1,NC_032650.1,81435571,83330747,83330748,a,ag,1
NC_037328.1,NC_032650.1,81476214,83371301,83371302,T,TA,1
NC_037328.1,NC_032650.1,81614747,83509716,83509717,A,AG,1
NC_037328.1,NC_032650.1,81697186,83592133,83592137,C,CTAAT,4
NC_037328.1,NC_032650.1,81705731,83600683,83600686,A,AATC,3
NC_037328.1,NC_032650.1,81705733,83600688,83600700,A,AAAAAAATATAAC,12
NC_037328.1,NC_032650.1,81736443,83631409,83631410,T,TS,1
NC_037328.1,NC_032650.1,81736509,83631477,83631478,T,TA,1
NC_037328.1,NC_032650.1,81736544,83631513,83631514,T,TA,1
NC_037328.1,NC_032650.1,81737174,83632144,83632145,c,ca,1
NC_037328.1,NC_032650.1,81787338,83682301,83682303,c,cca,2
NC_037328.1,NC_032650.1,81789481,83684447,83684448,c,ca,1
NC_037328.1,NC_032650.1,81789512,83684479,83684496,g,ggaaataccagaccacct,17
NC_037328.1,NC_032650.1,81794382,83689366,83689367,A,AT,1
NC_037328.1,NC_032650.1,81800273,83695282,83695284,C,CTY,2
NC_037328.1,NC_032650.1,81871775,83766814,83766837,A,ATATCCACAAGGACTTCATTGTCT,23
NC_037328.1,NC_032650.1,82048229,83945385,83945386,A,AT,1
NC_037328.1,NC_032650.1,82120067,84017215,84017217,c,cca,2
NC_037328.1,NC_032650.1,82157079,84054228,84054240,t,tttggtgccaaga,12
NC_037328.1,NC_032650.1,82164448,84061610,84061613,a,aggc,3
NC_037328.1,NC_032650.1,82221672,84118827,84118829,t,tag,2
NC_037328.1,NC_032650.1,82254471,84151615,84151616,g,gc,1
NC_037328.1,NC_032650.1,82430398,84327506,84327507,t,ta,1
NC_037328.1,NC_032650.1,82679468,84577498,84577499,A,AT,1
NC_037328.1,NC_032650.1,82682433,84580464,84580465,T,TG,1
NC_037328.1,NC_032650.1,82687892,84585926,84585928,C,CCA,2
NC_037328.1,NC_032650.1,82731969,84630006,84630007,c,ct,1
NC_037328.1,NC_032650.1,82938287,84836212,84836214,T,TCA,2
NC_037328.1,NC_032650.1,83231514,85190289,85190291,a,act,2
NC_037328.1,NC_032650.1,83298954,85263175,85263176,A,AM,1
NC_037328.1,NC_032650.1,83598993,85563137,85563138,C,CA,1
NC_037328.1,NC_032650.1,83642134,85652646,85652647,A,AW,1
NC_037328.1,NC_032650.1,83675225,85685909,85685910,t,tc,1
NC_037328.1,NC_032650.1,83680155,85690839,85690840,a,at,1
NC_037328.1,NC_032650.1,83697724,85708191,85708192,c,ca,1
NC_037328.1,NC_032650.1,83709817,85720407,85720410,t,taaa,3
NC_037328.1,NC_032650.1,83709995,85720588,85720590,C,CTA,2
NC_037328.1,NC_032650.1,83714436,85725025,85725036,C,CATCTTAGTTAT,11
NC_037328.1,NC_032650.1,83723583,85734188,85734189,t,tc,1
NC_037328.1,NC_032650.1,83735612,85746221,85746223,A,AAG,2
NC_037328.1,NC_032650.1,83895136,85905788,85905789,G,GC,1
NC_037328.1,NC_032650.1,83895233,85905886,85905889,A,ACTT,3
NC_037328.1,NC_032650.1,83907708,85918348,85918354,a,atgtgtg,6
NC_037328.1,NC_032650.1,83930932,85941584,85941585,C,CR,1
NC_037328.1,NC_032650.1,83932243,85942896,85942899,G,GAGA,3
NC_037328.1,NC_032650.1,84020900,86031593,86031603,a,aNNNNNNNNNN,10
NC_037328.1,NC_032650.1,84176064,86186710,86186711,T,TW,1
NC_037328.1,NC_032650.1,84203290,86213764,86213767,A,AKGT,3
NC_037328.1,NC_032650.1,84207424,86217901,86217914,c,cttttcactttcat,13
NC_037328.1,NC_032650.1,84226621,86237116,86237118,G,GCC,2
NC_037328.1,NC_032650.1,84243386,86257082,86257083,A,AR,1
NC_037328.1,NC_032650.1,84252897,86268122,86268123,g,ga,1
NC_037328.1,NC_032650.1,84253322,86268548,86268549,C,CY,1
NC_037328.1,NC_032650.1,84260674,86275895,86275897,T,TAA,2
NC_037328.1,NC_032650.1,84264210,86279441,86279452,T,TCCTTGTTTGAA,11
NC_037328.1,NC_032650.1,84266570,86281811,86281815,A,AACTG,4
NC_037328.1,NC_032650.1,84284673,86300092,86300093,A,AG,1
NC_037328.1,NC_032650.1,84307134,86322430,86322432,T,TAG,2
NC_037328.1,NC_032650.1,84307178,86322475,86322476,C,CT,1
NC_037328.1,NC_032650.1,84341498,86356802,86356803,a,at,1
NC_037328.1,NC_032650.1,84364131,86381131,86381132,C,CT,1
NC_037328.1,NC_032650.1,84379538,86396539,86396551,G,GGCTATAACGCCT,12
NC_037328.1,NC_032650.1,84396510,86413300,86413301,A,AR,1
NC_037328.1,NC_032650.1,84420042,86436837,86436840,G,GGAT,3
NC_037328.1,NC_032650.1,84447195,86463985,86463986,T,TY,1
NC_037328.1,NC_032650.1,84452466,86469257,86469258,T,TA,1
NC_037328.1,NC_032650.1,84487554,86504346,86504347,T,TA,1
NC_037328.1,NC_032650.1,84538455,86627376,86627377,C,CT,1
NC_037328.1,NC_032650.1,84581483,86670421,86670423,a,aac,2
NC_037328.1,NC_032650.1,84582090,86671030,86671031,T,TA,1
NC_037328.1,NC_032650.1,84600619,86689561,86689569,t,ttttaatta,8
NC_037328.1,NC_032650.1,84711325,86802285,86802287,t,tNN,2
NC_037328.1,NC_032650.1,84781096,86872059,86872060,A,AW,1
NC_037328.1,NC_032650.1,84946712,87037450,87037451,c,ca,1
NC_037328.1,NC_032650.1,84946716,87037455,87037471,t,ttccaNNGTTTCctcaa,16
NC_037328.1,NC_032650.1,85050596,87140106,87140107,c,ca,1
NC_037328.1,NC_032650.1,85051426,87140937,87140939,c,ctt,2
NC_037328.1,NC_032650.1,85052441,87141954,87141956,G,GGA,2
NC_037328.1,NC_032650.1,85052482,87141997,87141999,a,agt,2
NC_037328.1,NC_032650.1,85052654,87142171,87142181,c,catgtgtgtat,10
NC_037328.1,NC_032650.1,85079105,87168806,87168809,a,aaat,3
NC_037328.1,NC_032650.1,85238500,87319912,87319913,T,TA,1
NC_037328.1,NC_032650.1,85289517,87370331,87370332,T,TK,1
NC_037328.1,NC_032650.1,85314515,87395226,87395227,t,ta,1
NC_037328.1,NC_032650.1,85321776,87402487,87402493,a,aaaNNNN,6
NC_037328.1,NC_032650.1,85343325,87425027,87425029,C,CTA,2
NC_037328.1,NC_032650.1,85356522,87438228,87438230,t,tcA,2
NC_037328.1,NC_032650.1,85357060,87438768,87438773,t,tgtgtg,5
NC_037328.1,NC_032650.1,85427115,87508845,87508846,g,gc,1
NC_037328.1,NC_032650.1,85466174,87547902,87547904,t,ttg,2
NC_037328.1,NC_032650.1,85666069,87743720,87743721,g,ga,1
NC_037328.1,NC_032650.1,85766945,87844488,87844489,t,tg,1
NC_037328.1,NC_032650.1,85776812,87854341,87854343,a,aNN,2
NC_037328.1,NC_032650.1,85850208,87931693,87931700,c,cacacaca,7
NC_037328.1,NC_032650.1,85949881,88031092,88031093,g,ga,1
NC_037328.1,NC_032650.1,86104986,88186315,88186316,a,ag,1
NC_037328.1,NC_032650.1,86161950,88243618,88243619,A,AW,1
NC_037328.1,NC_032650.1,86197513,88279100,88279104,a,aNNNN,4
NC_037328.1,NC_032650.1,86240576,88322171,88322172,t,ta,1
NC_037328.1,NC_032650.1,86258667,88342241,88342242,t,ta,1
NC_037328.1,NC_032650.1,86389989,88473553,88473555,a,aag,2
NC_037328.1,NC_032650.1,86394493,88478059,88478061,t,tNN,2
NC_037328.1,NC_032650.1,86460114,88543544,88543545,T,TC,1
NC_037328.1,NC_032650.1,86460246,88543677,88543678,G,GT,1
NC_037328.1,NC_032650.1,86461655,88545087,88545088,c,ct,1
NC_037328.1,NC_032650.1,86462042,88545474,88545475,c,ca,1
NC_037328.1,NC_032650.1,86462424,88545857,88545858,t,tg,1
NC_037328.1,NC_032650.1,86462435,88545869,88545870,a,ac,1
NC_037328.1,NC_032650.1,86462480,88545915,88545916,g,ga,1
NC_037328.1,NC_032650.1,86462556,88545992,88545993,c,ca,1
NC_037328.1,NC_032650.1,86462725,88546162,88546163,g,ga,1
NC_037328.1,NC_032650.1,86462732,88546170,88546171,c,ca,1
NC_037328.1,NC_032650.1,86462952,88546390,88546391,g,gc,1
NC_037328.1,NC_032650.1,86463157,88546595,88546596,c,ca,1
NC_037328.1,NC_032650.1,86472328,88537211,88537212,t,tc,1
NC_037328.1,NC_032650.1,86472511,88537395,88537396,t,tc,1
NC_037328.1,NC_032650.1,86472924,88537808,88537809,c,ca,1
NC_037328.1,NC_032650.1,86714312,88824605,88824606,G,GA,1
NC_037328.1,NC_032650.1,86782355,88892651,88892652,T,TW,1
NC_037328.1,NC_032650.1,86791491,88901793,88901795,a,aac,2
NC_037328.1,NC_032650.1,86817374,88927086,88927088,C,CAA,2
NC_037328.1,NC_032650.1,86836225,88945950,88945952,c,caa,2
NC_037328.1,NC_032650.1,86848326,88958078,88958081,t,tctc,3
NC_037328.1,NC_032650.1,86872051,88979997,88980000,t,tagc,3
NC_037328.1,NC_032650.1,86875741,88983691,88983692,g,gt,1
NC_037328.1,NC_032650.1,86884822,88992785,88992786,T,TN,1
NC_037328.1,NC_032650.1,86884941,88992905,88992914,T,TTCTGAGAAG,9
NC_037328.1,NC_032650.1,86889565,88997548,88997550,g,gtt,2
NC_037328.1,NC_032650.1,86894657,89002643,89002645,c,cca,2
NC_037328.1,NC_032650.1,86895635,89003622,89003623,t,tc,1
NC_037328.1,NC_032650.1,86931763,89039775,89039776,t,tc,1
NC_037328.1,NC_032650.1,86931849,89039862,89039864,c,cca,2
NC_037328.1,NC_032650.1,86931856,89039871,89039872,t,tc,1
NC_037328.1,NC_032650.1,86934688,89042704,89042728,T,TNNNNNNNNNNNNNNNNNNNNNNNN,24
NC_037328.1,NC_032650.1,86956305,89064336,89064337,T,TG,1
NC_037328.1,NC_032650.1,86962441,89070474,89070475,c,cg,1
NC_037328.1,NC_032650.1,86970762,89078796,89078797,A,AG,1
NC_037328.1,NC_032650.1,86970803,89078838,89078839,T,TA,1
NC_037328.1,NC_032650.1,86974146,89082182,89082183,t,ta,1
NC_037328.1,NC_032650.1,86976393,89084430,89084431,t,ta,1
NC_037328.1,NC_032650.1,86985273,89093072,89093075,a,aatt,3
NC_037328.1,NC_032650.1,87189067,89346622,89346624,C,CAT,2
NC_037328.1,NC_032650.1,87203414,89360967,89360968,G,GR,1
NC_037328.1,NC_032650.1,87243770,89401332,89401333,t,ta,1
NC_037328.1,NC_032650.1,87244098,89401661,89401662,c,ct,1
NC_037328.1,NC_032650.1,87244269,89401833,89401835,t,ttg,2
NC_037328.1,NC_032650.1,87245188,89402754,89402755,g,gt,1
NC_037328.1,NC_032650.1,87245316,89402883,89402884,T,TG,1
NC_037328.1,NC_032650.1,87246067,89403633,89403634,C,CT,1
NC_037328.1,NC_032650.1,87246097,89403664,89403665,G,GC,1
NC_037328.1,NC_032650.1,87282058,89416100,89416107,G,GGGGGGGT,7
NC_037328.1,NC_032650.1,87282951,89417000,89417001,T,TC,1
NC_037328.1,NC_032650.1,87283987,89418037,89418038,c,ca,1
NC_037328.1,NC_032650.1,87289180,89423255,89423256,a,at,1
NC_037328.1,NC_032650.1,87301072,89435147,89435148,C,CT,1
NC_037328.1,NC_032650.1,87301076,89435152,89435153,C,CT,1
NC_037328.1,NC_032650.1,87310644,89444716,89444718,g,gta,2
NC_037328.1,NC_032650.1,87316402,89450478,89450479,C,CA,1
NC_037328.1,NC_032650.1,87354614,89488689,89488690,T,TA,1
NC_037328.1,NC_032650.1,87380831,89514911,89514912,G,GT,1
NC_037328.1,NC_032650.1,87512571,89688291,89688292,A,AC,1
NC_037328.1,NC_032650.1,87522472,89698194,89698195,A,AT,1
NC_037328.1,NC_032650.1,87534173,89709686,89709687,A,AT,1
NC_037328.1,NC_032650.1,87596738,89779021,89779022,A,AG,1
NC_037328.1,NC_032650.1,87636271,89955340,89955354,G,GAACCTTCTCTGCAA,14
NC_037328.1,NC_032650.1,87654632,89973719,89973726,t,tgattatc,7
NC_037328.1,NC_032650.1,87670826,89989775,89989778,T,TTTC,3
NC_037328.1,NC_032650.1,87693394,90115607,90115608,G,GK,1
NC_037328.1,NC_032650.1,87703198,90125413,90125414,A,AC,1
NC_037328.1,NC_032650.1,87717264,90139494,90139495,G,GK,1
NC_037328.1,NC_032650.1,87732990,90038003,90038004,G,GK,1
NC_037328.1,NC_032650.1,87747441,90052476,90052482,G,GTTTTGT,6
NC_037328.1,NC_032650.1,87796205,89826787,89826789,a,aag,2
NC_037328.1,NC_032650.1,87949053,90290201,90290202,G,GS,1
NC_037328.1,NC_032650.1,88004182,90347562,90347563,t,tg,1
NC_037328.1,NC_032650.1,88014438,90357820,90357840,A,AGGGTGGAGACACNNNNNNNN,20
NC_037328.1,NC_032650.1,88267729,90629292,90629293,a,ac,1
NC_037328.1,NC_032650.1,88291084,90652648,90652652,g,gtgtR,4
NC_037328.1,NC_032650.1,88780337,90685048,90685050,T,TGA,2
NC_037328.1,NC_032650.1,88780619,90684764,90684765,T,TC,1
NC_037328.1,NC_032650.1,88830920,90858984,90858985,G,GA,1
NC_037328.1,NC_032650.1,88886784,90915187,90915188,A,AC,1
NC_037328.1,NC_032650.1,88904581,90933053,90933062,a,agtccatggg,9
NC_037328.1,NC_032650.1,88957051,90985527,90985529,c,ctg,2
NC_037328.1,NC_032650.1,88957330,90985804,90985805,t,ta,1
NC_037328.1,NC_032650.1,88962335,90990811,90990815,t,ttttg,4
NC_037328.1,NC_032650.1,88970085,90998559,90998560,t,tg,1
NC_037328.1,NC_032650.1,88978029,91006493,91006494,C,CA,1
NC_037328.1,NC_032650.1,88979828,91008291,91008292,G,GR,1
NC_037328.1,NC_032650.1,89093903,91123394,91123400,G,GTATGTC,6
NC_037328.1,NC_032650.1,89095286,91124783,91124784,C,CM,1
NC_037328.1,NC_032650.1,89096793,91126289,91126290,T,TW,1
NC_037328.1,NC_032650.1,89118385,91147881,91147882,T,TG,1
NC_037328.1,NC_032650.1,89125558,91155056,91155057,T,TY,1
NC_037328.1,NC_032650.1,89151167,91180388,91180390,A,AAC,2
NC_037328.1,NC_032650.1,89161912,91191134,91191135,c,ca,1
NC_037328.1,NC_032650.1,89171935,91200866,91200867,t,tc,1
NC_037328.1,NC_032650.1,89221836,91250776,91250777,t,tg,1
NC_037328.1,NC_032650.1,89226406,91255339,91255340,c,ct,1
NC_037328.1,NC_032650.1,89237880,91266795,91266796,c,ct,1
NC_037328.1,NC_032650.1,89260224,91289143,91289144,G,GC,1
NC_037328.1,NC_032650.1,89289312,91319610,91319611,g,gt,1
NC_037328.1,NC_032650.1,89308223,91338535,91338537,g,gtt,2
NC_037328.1,NC_032650.1,89374165,91404194,91404195,T,TC,1
NC_037328.1,NC_032650.1,89378877,91408910,91408918,t,tNNNNNNNa,8
NC_037328.1,NC_032650.1,89386548,91416636,91416637,t,ta,1
NC_037328.1,NC_032650.1,89393851,91423968,91423976,T,TTAAGCTCC,8
NC_037328.1,NC_032650.1,89399612,91429748,91429749,a,at,1
NC_037328.1,NC_032650.1,89411016,91441170,91441172,t,ttc,2
NC_037328.1,NC_032650.1,89411700,91441864,91441865,t,tc,1
NC_037328.1,NC_032650.1,89418349,91448513,91448515,g,gaa,2
NC_037328.1,NC_032650.1,89428498,91458661,91458662,T,TR,1
NC_037328.1,NC_032650.1,89486806,91511718,91511719,A,AC,1
NC_037328.1,NC_032650.1,89585177,91610079,91610080,t,ta,1
NC_037328.1,NC_032650.1,89713054,91737961,91737962,C,CA,1
NC_037328.1,NC_032650.1,89732628,91757537,91757538,t,ta,1
NC_037328.1,NC_032650.1,89732702,91757612,91757613,a,aN,1
NC_037328.1,NC_032650.1,89732905,91757816,91757817,t,tc,1
NC_037328.1,NC_032650.1,89732926,91757838,91757839,c,ct,1
NC_037328.1,NC_032650.1,89742263,91767178,91767181,t,taac,3
NC_037328.1,NC_032650.1,89746875,91771793,91771799,G,GCACCAT,6
NC_037328.1,NC_032650.1,89760505,91785423,91785431,g,gttgccatt,8
NC_037328.1,NC_032650.1,89768882,91793806,91793808,A,AAG,2
NC_037328.1,NC_032650.1,89796364,91821299,91821300,A,AK,1
NC_037328.1,NC_032650.1,89850939,91875525,91875526,t,ta,1
NC_037328.1,NC_032650.1,89883224,91907819,91907842,A,ATagaatgaaaagagaagtgaacW,23
NC_037328.1,NC_032650.1,89904199,91928825,91928831,a,aaaaaac,6
NC_037328.1,NC_032650.1,89949227,91973788,91973789,A,AT,1
NC_037328.1,NC_032650.1,89957897,91982476,91982481,G,GAAGAC,5
NC_037328.1,NC_032650.1,89966476,91996104,91996105,T,TC,1
NC_037328.1,NC_032650.1,89991940,92021569,92021570,a,ac,1
NC_037328.1,NC_032650.1,89991947,92021577,92021578,c,ca,1
NC_037328.1,NC_032650.1,90003084,92032717,92032727,c,cattttacacg,10
NC_037328.1,NC_032650.1,90004066,92033710,92033711,G,GY,1
NC_037328.1,NC_032650.1,90004144,92033789,92033790,G,GR,1
NC_037328.1,NC_032650.1,90007018,92036644,92036647,a,agag,3
NC_037328.1,NC_032650.1,90187949,92247142,92247145,T,TATC,3
NC_037328.1,NC_032650.1,90247525,92306711,92306715,G,GAATA,4
NC_037328.1,NC_032650.1,90279033,92338224,92338225,g,ga,1
NC_037328.1,NC_032650.1,90281033,92340162,92340163,t,tg,1
NC_037328.1,NC_032650.1,90340377,92442245,92442249,t,tttca,4
NC_037328.1,NC_032650.1,90350161,92452026,92452027,a,ag,1
NC_037328.1,NC_032650.1,90382905,92484770,92484771,c,ca,1
NC_037328.1,NC_032650.1,90477993,92578542,92578543,C,CY,1
NC_037328.1,NC_032650.1,90485489,92586046,92586050,G,GACCR,4
NC_037328.1,NC_032650.1,90488146,92588709,92588717,a,aNNNNNNNN,8
NC_037328.1,NC_032650.1,90504378,92604939,92604948,a,aaaaaaaaaR,9
NC_037328.1,NC_032650.1,90504960,92605531,92605532,G,GT,1
NC_037328.1,NC_032650.1,90508900,92609467,92609469,A,AAR,2
NC_037328.1,NC_032650.1,90525966,92626533,92626534,t,ta,1
NC_037328.1,NC_032650.1,90535135,92635727,92635747,A,ACTGGAGTGGCGGCTGNNNNN,20
NC_037328.1,NC_032650.1,90539698,92640308,92640309,a,at,1
NC_037328.1,NC_032650.1,90562719,92666656,92666659,T,TGTC,3
NC_037328.1,NC_032650.1,90592764,92696738,92696739,t,ta,1
NC_037328.1,NC_032650.1,90692739,92797077,92797078,a,at,1
NC_037328.1,NC_032650.1,90728881,92833245,92833246,T,TW,1
NC_037328.1,NC_032650.1,90731106,92835457,92835458,A,AW,1
NC_037328.1,NC_032650.1,90758676,92863027,92863028,g,ga,1
NC_037328.1,NC_032650.1,90788677,92918552,92918553,C,CY,1
NC_037328.1,NC_032650.1,90847448,92976690,92976710,t,ttatatatatataaatatata,20
NC_037328.1,NC_032650.1,90857482,92986741,92986742,A,AG,1
NC_037328.1,NC_032650.1,90857492,92986752,92986753,G,GA,1
NC_037328.1,NC_032650.1,90898484,93027721,93027722,A,AT,1
NC_037328.1,NC_032650.1,90978096,93144480,93144481,g,ga,1
NC_037328.1,NC_032650.1,91002872,93171415,93171417,a,aag,2
NC_037328.1,NC_032650.1,91020076,93083908,93083909,a,ag,1
NC_037328.1,NC_032650.1,91020617,93084450,93084451,C,CA,1
NC_037328.1,NC_032650.1,91037626,93246528,93246529,G,GA,1
NC_037328.1,NC_032650.1,91045282,93254185,93254186,t,tg,1
NC_037328.1,NC_032650.1,91054634,93263540,93263541,C,CA,1
NC_037328.1,NC_032650.1,91069475,93284711,93284712,t,ta,1
NC_037328.1,NC_032650.1,91071939,93287176,93287177,A,AG,1
NC_037328.1,NC_032650.1,91075342,93290581,93290582,c,ca,1
NC_037328.1,NC_032650.1,91075346,93290586,93290587,a,at,1
NC_037328.1,NC_032650.1,91261084,93478168,93478169,A,AC,1
NC_037328.1,NC_032650.1,91265619,93482701,93482702,t,tg,1
NC_037328.1,NC_032650.1,91307786,93525291,93525293,a,aat,2
NC_037328.1,NC_032650.1,91337994,93555518,93555522,A,ATAGR,4
NC_037328.1,NC_032650.1,91343950,93561477,93561478,t,tg,1
NC_037328.1,NC_032650.1,91379984,93597521,93597522,t,tc,1
NC_037328.1,NC_032650.1,91380209,93597747,93597748,c,ca,1
NC_037328.1,NC_032650.1,91382009,93599548,93599549,T,TC,1
NC_037328.1,NC_032650.1,91390177,93607294,93607295,g,ga,1
NC_037328.1,NC_032650.1,91392774,93609894,93609895,a,at,1
NC_037328.1,NC_032650.1,91411826,93628883,93628887,C,CTTCA,4
NC_037328.1,NC_032650.1,91414803,93631865,93631866,G,GA,1
NC_037328.1,NC_032650.1,91467819,93684877,93684878,T,TA,1
NC_037328.1,NC_032650.1,91469089,93686149,93686150,c,ct,1
NC_037328.1,NC_032650.1,91474831,93691893,93691912,a,aacttggagaaggcaatggc,19
NC_037328.1,NC_032650.1,91477952,93695033,93695034,a,ag,1
NC_037328.1,NC_032650.1,91510672,93728578,93728579,a,aR,1
NC_037328.1,NC_032650.1,91511647,93729554,93729555,t,tc,1
NC_037328.1,NC_032650.1,91513451,93731356,93731357,g,ga,1
NC_037328.1,NC_032650.1,91514153,93732059,93732060,g,ga,1
NC_037328.1,NC_032650.1,91522755,93740656,93740665,A,AGTGGATAAT,9
NC_037328.1,NC_032650.1,91522758,93740668,93740675,T,TTTCTAAA,7
NC_037328.1,NC_032650.1,91527973,93745891,93745892,a,ag,1
NC_037328.1,NC_032650.1,91555939,93776548,93776555,g,gggttttt,7
NC_037328.1,NC_032650.1,91557175,93777791,93777792,T,TC,1
NC_037328.1,NC_032650.1,91569442,93790064,93790065,A,AW,1
NC_037328.1,NC_032650.1,91645576,93849113,93849114,A,AC,1
NC_037328.1,NC_032650.1,91692337,93896037,93896038,a,at,1
NC_037328.1,NC_032650.1,91697520,93901222,93901223,t,ta,1
NC_037328.1,NC_032650.1,91697965,93901668,93901670,c,ctt,2
NC_037328.1,NC_032650.1,91710664,93914362,93914364,a,aag,2
NC_037328.1,NC_032650.1,91713882,93919999,93920000,A,AG,1
NC_037328.1,NC_032650.1,91713897,93920015,93920019,a,acatt,4
NC_037328.1,NC_032650.1,91720364,93926485,93926487,t,ttg,2
NC_037328.1,NC_032650.1,91725123,93930917,93930922,c,caaaaa,5
NC_037328.1,NC_032650.1,91741625,93947427,93947429,C,CAG,2
NC_037328.1,NC_032650.1,91747935,93953744,93953750,g,gcacaca,6
NC_037328.1,NC_032650.1,91767086,93976237,93976238,a,at,1
NC_037328.1,NC_032650.1,91767297,93976449,93976450,A,AC,1
NC_037328.1,NC_032650.1,91772525,93981775,93981777,t,tta,2
NC_037328.1,NC_032650.1,91776452,93985707,93985709,c,cYT,2
NC_037328.1,NC_032650.1,91787320,93996578,93996579,A,AC,1
NC_037328.1,NC_032650.1,91802313,94011601,94011602,T,TG,1
NC_037328.1,NC_032650.1,91867884,94078271,94078274,A,AACT,3
NC_037328.1,NC_032650.1,91885167,94095540,94095542,t,tca,2
NC_037328.1,NC_032650.1,91885757,94096134,94096135,T,TK,1
NC_037328.1,NC_032650.1,91896305,94106686,94106687,T,TC,1
NC_037328.1,NC_032650.1,91896547,94106929,94106931,T,TTC,2
NC_037328.1,NC_032650.1,91896557,94106941,94106942,T,TA,1
NC_037328.1,NC_032650.1,91897236,94107618,94107628,g,gtatgtatata,10
NC_037328.1,NC_032650.1,91898033,94108425,94108427,A,ATT,2
NC_037328.1,NC_032650.1,91899353,94109745,94109746,c,ct,1
NC_037328.1,NC_032650.1,91902754,94113153,94113157,C,CAGAG,4
NC_037328.1,NC_032650.1,91906010,94116414,94116418,c,cttct,4
NC_037328.1,NC_032650.1,91998642,94203410,94203411,a,at,1
NC_037328.1,NC_032650.1,92027394,94232163,94232164,A,AR,1
NC_037328.1,NC_032650.1,92179483,94387383,94387386,a,atct,3
NC_037328.1,NC_032650.1,92179568,94387471,94387473,a,atc,2
NC_037328.1,NC_032650.1,92488463,94670363,94670364,A,AT,1
NC_037328.1,NC_032650.1,92620087,94800091,94800092,A,AT,1
NC_037328.1,NC_032650.1,92800779,94980684,94980685,C,CK,1
NC_037328.1,NC_032650.1,92833326,95013228,95013233,a,acctac,5
NC_037328.1,NC_032650.1,92833816,95013721,95013729,g,gagtaaaaa,8
NC_037328.1,NC_032650.1,92843211,95023038,95023039,a,at,1
NC_037328.1,NC_032650.1,92889495,95069322,95069323,G,GS,1
NC_037328.1,NC_032650.1,93091997,95271836,95271837,t,ta,1
NC_037328.1,NC_032650.1,93132479,95312320,95312342,T,TTGATANNNNNNNNNNNNNNNNN,22
NC_037328.1,NC_032650.1,93357510,95537544,95537546,t,tca,2
NC_037328.1,NC_032650.1,93357553,95537589,95537590,a,ac,1
NC_037328.1,NC_032650.1,93421267,95601240,95601259,t,tgcgattCCCCAGCCCNNNN,19
NC_037328.1,NC_032650.1,93421361,95601353,95601359,G,GCAAGAA,6
NC_037328.1,NC_032650.1,93728139,95907754,95907755,g,gt,1
NC_037328.1,NC_032650.1,93744561,95924177,95924178,A,AR,1
NC_037328.1,NC_032650.1,93750753,95930369,95930371,T,TTY,2
NC_037328.1,NC_032650.1,93766641,95946176,95946177,t,ta,1
NC_037328.1,NC_032650.1,93776293,95955859,95955860,A,AW,1
NC_037328.1,NC_032650.1,93778348,95957915,95957917,C,CAA,2
NC_037328.1,NC_032650.1,93786223,95965793,95965794,A,AW,1
NC_037328.1,NC_032650.1,93786310,95965882,95965883,G,GA,1
NC_037328.1,NC_032650.1,93794083,95973657,95973661,g,gagtc,4
NC_037328.1,NC_032650.1,93795073,95974652,95974653,C,CT,1
NC_037328.1,NC_032650.1,93795476,95974928,95974929,t,ta,1
NC_037328.1,NC_032650.1,93798847,95978296,95978298,c,caa,2
NC_037328.1,NC_032650.1,93800265,95979713,95979716,A,AAAG,3
NC_037328.1,NC_032650.1,93800410,95979861,95979862,G,GA,1
NC_037328.1,NC_032650.1,93800984,95980436,95980437,g,gt,1
NC_037328.1,NC_032650.1,93878682,95996908,95996910,a,aNN,2
NC_037328.1,NC_032650.1,93902858,96020119,96020122,a,aaat,3
NC_037328.1,NC_032650.1,93912296,96029432,96029433,C,CA,1
NC_037328.1,NC_032650.1,94282130,96405703,96405705,A,ACT,2
NC_037328.1,NC_032650.1,94318628,96442208,96442210,t,tga,2
NC_037328.1,NC_032650.1,94353976,96477561,96477562,A,AM,1
NC_037328.1,NC_032650.1,94358021,96481607,96481610,t,tttg,3
NC_037328.1,NC_032650.1,94392058,96515655,96515656,a,ac,1
NC_037328.1,NC_032650.1,94423112,96561894,96561895,A,AK,1
NC_037328.1,NC_032650.1,94429761,96568548,96568549,a,ag,1
NC_037328.1,NC_032650.1,94488669,96626642,96626643,a,at,1
NC_037328.1,NC_032650.1,94513180,96651641,96651642,G,GR,1
NC_037328.1,NC_032650.1,94514428,96652880,96652887,t,tgtgtgNg,7
NC_037328.1,NC_032650.1,94514443,96652902,96652903,a,at,1
NC_037328.1,NC_032650.1,94514453,96652913,96652914,T,TC,1
NC_037328.1,NC_032650.1,94529708,96668173,96668174,t,ta,1
NC_037328.1,NC_032650.1,94559844,96698311,96698313,g,gca,2
NC_037328.1,NC_032650.1,94807528,96946519,96946520,g,gc,1
NC_037328.1,NC_032650.1,94850919,96990325,96990326,C,CS,1
NC_037328.1,NC_032650.1,94991406,97130845,97130848,t,tgga,3
NC_037328.1,NC_032650.1,95016287,97155729,97155731,a,aag,2
NC_037328.1,NC_032650.1,95105027,97244336,97244337,a,ag,1
NC_037328.1,NC_032650.1,95106952,97246262,97246264,t,tag,2
NC_037328.1,NC_032650.1,95369657,97508063,97508064,A,AG,1
NC_037328.1,NC_032650.1,95381620,97520023,97520025,c,caa,2
NC_037328.1,NC_032650.1,95604543,97742908,97742909,G,GA,1
NC_037328.1,NC_032650.1,95662233,97800604,97800605,t,tg,1
NC_037328.1,NC_032650.1,95669285,97807661,97807681,a,aaaaaaaaaaNNNNNNNNNNN,20
NC_037328.1,NC_032650.1,95710318,97848735,97848738,T,TNNN,3
NC_037328.1,NC_032650.1,95715827,97987195,97987196,a,ac,1
NC_037328.1,NC_032650.1,96067900,98339326,98339327,c,ct,1
NC_037328.1,NC_032650.1,96191737,98462988,98462989,C,CS,1
NC_037328.1,NC_032650.1,96191742,98462994,98462995,G,GA,1
NC_037328.1,NC_032650.1,96275333,98544329,98544330,a,at,1
NC_037328.1,NC_032650.1,96275504,98544501,98544502,t,ta,1
NC_037328.1,NC_032650.1,96499284,98768234,98768235,c,ct,1
NC_037328.1,NC_032650.1,96499284,98776120,98776121,c,ct,1
NC_037328.1,NC_032650.1,96513042,98789884,98789885,t,tg,1
NC_037328.1,NC_032650.1,96513467,98790310,98790315,C,CTGTAA,5
NC_037328.1,NC_032650.1,96701709,98979181,98979182,g,ga,1
NC_037328.1,NC_032650.1,96759397,99036874,99036878,a,agaag,4
NC_037328.1,NC_032650.1,97017253,99378496,99378497,t,tg,1
NC_037328.1,NC_032650.1,97071462,99433315,99433316,A,AG,1
NC_037328.1,NC_032650.1,97155004,99516956,99516957,t,tg,1
NC_037328.1,NC_032650.1,97235795,99602122,99602124,t,ttg,2
NC_037328.1,NC_032650.1,97249352,99615681,99615682,T,TC,1
NC_037328.1,NC_032650.1,97249360,99615690,99615691,T,TG,1
NC_037328.1,NC_032650.1,97249395,99615726,99615727,A,AG,1
NC_037328.1,NC_032650.1,97249546,99615876,99615877,T,TW,1
NC_037328.1,NC_032650.1,97654898,100060615,100060616,t,tg,1
NC_037328.1,NC_032650.1,97679635,100085573,100085577,T,TAGAG,4
NC_037328.1,NC_032650.1,97761082,100167160,100167161,T,TW,1
NC_037328.1,NC_032650.1,97790140,100196214,100196215,T,TK,1
NC_037328.1,NC_032650.1,97792159,100198247,100198248,A,AK,1
NC_037328.1,NC_032650.1,97795745,100201840,100201841,G,GT,1
NC_037328.1,NC_032650.1,97801006,100207111,100207114,t,tagc,3
NC_037328.1,NC_032650.1,97809254,100215364,100215365,T,TC,1
NC_037328.1,NC_032650.1,97813458,100219562,100219574,C,CCCTGAGGTAAAG,12
NC_037328.1,NC_032650.1,97835789,100241573,100241574,a,ag,1
NC_037328.1,NC_032650.1,97898761,100304776,100304777,t,tg,1
NC_037328.1,NC_032650.1,97945687,100352651,100352652,a,at,1
NC_037328.1,NC_032650.1,97951235,100358200,100358201,a,ag,1
NC_037328.1,NC_032650.1,97956189,100363170,100363171,G,GA,1
NC_037328.1,NC_032650.1,97976259,100383250,100383251,C,CY,1
NC_037328.1,NC_032650.1,97987698,100394690,100394692,c,ctt,2
NC_037328.1,NC_032650.1,98055598,100434760,100434762,A,AGT,2
NC_037328.1,NC_032650.1,98073055,100452230,100452244,t,tNNNNNNNNNNNNNN,14
NC_037328.1,NC_032650.1,98114577,100493776,100493777,C,CM,1
NC_037328.1,NC_032650.1,98169353,100548573,100548576,G,GTTR,3
NC_037328.1,NC_032650.1,98388803,100767973,100767974,G,GA,1
NC_037328.1,NC_032650.1,98436140,100815309,100815313,G,GTCTC,4
NC_037328.1,NC_032650.1,98524032,100903421,100903422,a,at,1
NC_037328.1,NC_032650.1,98535091,100914464,100914465,A,AC,1
NC_037328.1,NC_032650.1,98559636,100938357,100938358,a,aM,1
NC_037328.1,NC_032650.1,98571922,100950863,100950864,c,ca,1
NC_037328.1,NC_032650.1,98599522,100978023,100978027,A,AAACC,4
NC_037328.1,NC_032650.1,98607386,100986010,100986011,G,GC,1
NC_037328.1,NC_032650.1,98607390,100986015,100986016,A,AT,1
NC_037328.1,NC_032650.1,98678022,101056651,101056652,t,tg,1
NC_037328.1,NC_032650.1,98678035,101056665,101056666,c,ca,1
NC_037328.1,NC_032650.1,98678049,101056680,101056681,t,tc,1
NC_037328.1,NC_032650.1,98678094,101056726,101056727,a,ac,1
NC_037328.1,NC_032650.1,98678180,101056813,101056814,g,ga,1
NC_037328.1,NC_032650.1,98678293,101056927,101056928,c,ca,1
NC_037328.1,NC_032650.1,98731044,101115627,101115628,A,AC,1
NC_037328.1,NC_032650.1,98794158,101178587,101178589,a,atN,2
NC_037328.1,NC_032650.1,98804662,101189093,101189094,t,tg,1
NC_037328.1,NC_032650.1,98804686,101189118,101189121,a,atgt,3
NC_037328.1,NC_032650.1,98994913,101379986,101379987,A,AG,1
NC_037328.1,NC_032650.1,99005539,101390614,101390615,G,GR,1
NC_037328.1,NC_032650.1,99185980,101571101,101571105,C,CAGAT,4
NC_037328.1,NC_032650.1,99194944,101577599,101577601,t,tac,2
NC_037328.1,NC_032650.1,99196871,101579528,101579533,G,GTCCCA,5
NC_037328.1,NC_032650.1,99216092,101598758,101598759,t,ta,1
NC_037328.1,NC_032650.1,99221274,101603944,101603945,c,cg,1
NC_037328.1,NC_032650.1,99227025,101609710,101609712,T,TTC,2
NC_037328.1,NC_032650.1,99231717,101614412,101614414,C,CAG,2
NC_037328.1,NC_032650.1,99237142,101619646,101619653,t,tgaaagtg,7
NC_037328.1,NC_032650.1,99277731,101659922,101659923,g,gt,1
NC_037328.1,NC_032650.1,99289884,101672077,101672078,c,ca,1
NC_037328.1,NC_032650.1,99370944,101753205,101753206,a,at,1
NC_037328.1,NC_032650.1,99392498,101774765,101774767,T,TRY,2
NC_037328.1,NC_032650.1,99416416,101798689,101798693,c,cactt,4
NC_037328.1,NC_032650.1,99437580,101819878,101819879,t,tc,1
NC_037328.1,NC_032650.1,99448245,101830553,101830554,T,TC,1
NC_037328.1,NC_032650.1,99518557,101901883,101901885,t,ttW,2
NC_037328.1,NC_032650.1,99519174,101902501,101902503,a,aag,2
NC_037328.1,NC_032650.1,99519461,101902789,101902790,t,tg,1
NC_037328.1,NC_032650.1,99576788,102036705,102036708,T,TACA,3
NC_037328.1,NC_032650.1,99637299,102097228,102097229,T,TG,1
NC_037328.1,NC_032650.1,99665915,102125837,102125838,c,ct,1
NC_037328.1,NC_032650.1,99707599,102166529,102166532,a,aaag,3
NC_037328.1,NC_032650.1,99716989,102175923,102175924,c,ca,1
NC_037328.1,NC_032650.1,99764633,102223092,102223102,c,cagatttctca,10
NC_037328.1,NC_032650.1,99775513,102233977,102233978,T,TA,1
NC_037328.1,NC_032650.1,99834497,102270977,102270978,c,ca,1
NC_037328.1,NC_032650.1,99845572,102282054,102282055,C,CG,1
NC_037328.1,NC_032650.1,99857271,102293754,102293755,T,TY,1
NC_037328.1,NC_032650.1,99868548,102305043,102305046,G,GAAT,3
NC_037328.1,NC_032650.1,99896094,102332602,102332605,A,AAAK,3
NC_037328.1,NC_032650.1,99916761,102353280,102353282,C,CCG,2
NC_037328.1,NC_032650.1,99966964,102465363,102465369,a,agagtcg,6
NC_037328.1,NC_032650.1,99977763,102476212,102476218,a,atttttt,6
NC_037328.1,NC_032650.1,99979839,102478298,102478299,a,ac,1
NC_037328.1,NC_032650.1,99984168,102482627,102482628,c,ct,1
NC_037328.1,NC_032650.1,99993428,102491913,102491914,c,ct,1
NC_037328.1,NC_032650.1,100020213,102518707,102518710,C,CAAG,3
NC_037328.1,NC_032650.1,100025167,102523663,102523664,T,TG,1
NC_037328.1,NC_032650.1,100029266,102527754,102527756,a,act,2
NC_037328.1,NC_032650.1,100030649,102529139,102529141,g,gga,2
NC_037328.1,NC_032650.1,100037614,102536103,102536106,a,agtc,3
NC_037328.1,NC_032650.1,100042535,102541029,102541030,G,GA,1
NC_037328.1,NC_032650.1,100046366,102544859,102544860,a,aM,1
NC_037328.1,NC_032650.1,100054952,102553320,102553321,t,ta,1
NC_037328.1,NC_032650.1,100069179,102567571,102567573,t,tNN,2
NC_037328.1,NC_032650.1,100137767,102636418,102636420,t,tag,2
NC_037328.1,NC_032650.1,100255871,102764981,102764982,g,ga,1
NC_037328.1,NC_032650.1,100272054,102781644,102781646,a,aNN,2
NC_037328.1,NC_032650.1,100328471,102838060,102838061,T,TA,1
NC_037328.1,NC_032650.1,100353250,102862511,102862512,t,ta,1
NC_037328.1,NC_032650.1,100422737,102932003,102932004,A,AW,1
NC_037328.1,NC_032650.1,100504723,103023282,103023285,T,TAAC,3
NC_037328.1,NC_032650.1,100528556,103047117,103047118,g,gt,1
NC_037328.1,NC_032650.1,100530463,103049026,103049031,a,aaaacc,5
NC_037328.1,NC_032650.1,100537046,103055621,103055622,g,gc,1
NC_037328.1,NC_032650.1,100595531,103112873,103112874,g,ga,1
NC_037328.1,NC_032650.1,100629617,103146969,103146970,A,AG,1
NC_037328.1,NC_032650.1,100651965,103169318,103169334,g,gtttggttttttttttt,16
NC_037328.1,NC_032650.1,100653187,103170566,103170567,t,tg,1
NC_037328.1,NC_032650.1,100885130,103400633,103400635,g,gaa,2
NC_037328.1,NC_032650.1,100898899,103414411,103414412,T,TA,1
NC_037328.1,NC_032650.1,100973070,103483143,103483144,C,CA,1
NC_037328.1,NC_032650.1,101085873,103595953,103595959,a,aaaaaag,6
NC_037328.1,NC_032650.1,101087803,103597884,103597885,g,gt,1
NC_037328.1,NC_032650.1,101095005,103605088,103605089,c,ct,1
NC_037328.1,NC_032650.1,101095379,103605463,103605464,g,ga,1
NC_037328.1,NC_032650.1,101095928,103606013,103606014,a,ac,1
NC_037328.1,NC_032650.1,101136194,103646520,103646523,G,GCTC,3
NC_037328.1,NC_032650.1,101165919,103676245,103676248,t,ttcc,3
NC_037328.1,NC_032650.1,101189816,103700851,103700852,T,TA,1
NC_037328.1,NC_032650.1,101213168,103724096,103724097,a,at,1
NC_037328.1,NC_032650.1,101213322,103724251,103724252,A,AG,1
NC_037328.1,NC_032650.1,101219936,103730865,103730866,t,tc,1
NC_037328.1,NC_032650.1,101223421,103734355,103734356,g,gt,1
NC_037328.1,NC_032650.1,101242160,103753100,103753101,T,TC,1
NC_037328.1,NC_032650.1,101246097,103757041,103757042,c,cY,1
NC_037328.1,NC_032650.1,101304201,103811529,103811532,T,TTTG,3
NC_037328.1,NC_032650.1,101443492,103950604,103950615,t,tgatgtatagaa,11
NC_037328.1,NC_032650.1,101443655,103950778,103950785,g,gggaggga,7
NC_037328.1,NC_032650.1,101451361,103958079,103958080,t,tc,1
NC_037328.1,NC_032650.1,101532549,104043532,104043533,a,ac,1
NC_037328.1,NC_032650.1,101541030,104053701,104053724,T,TAAAATGTACATAAGATGACTTGC,23
NC_037328.1,NC_032650.1,101544468,104057163,104057176,a,aaaaaaaaaaaaat,13
NC_037328.1,NC_032650.1,101551424,104064136,104064137,T,TK,1
NC_037328.1,NC_032650.1,101557397,104070112,104070122,t,tNNNNNNNNNN,10
NC_037328.1,NC_032650.1,101567074,104079798,104079799,a,at,1
NC_037328.1,NC_032650.1,101603348,104134741,104134742,A,AC,1
NC_037328.1,NC_032650.1,101604170,104135564,104135565,a,ag,1
NC_037328.1,NC_032650.1,101605446,104136841,104136845,t,tttta,4
NC_037328.1,NC_032650.1,101609931,104141331,104141336,T,TTCATC,5
NC_037328.1,NC_032650.1,101641632,104172825,104172826,A,AC,1
NC_037328.1,NC_032650.1,101646230,104177426,104177427,A,AG,1
NC_037328.1,NC_032650.1,101660757,104192100,104192101,t,ta,1
NC_037328.1,NC_032650.1,101666942,104198285,104198286,a,at,1
NC_037328.1,NC_032650.1,101667087,104198431,104198432,T,TC,1
NC_037328.1,NC_032650.1,101670217,104201563,104201565,A,AAC,2
NC_037328.1,NC_032650.1,101684386,104215734,104215735,a,at,1
NC_037328.1,NC_032650.1,101693576,104224926,104224947,t,tatatatatatatatatatata,21
NC_037328.1,NC_032650.1,101737882,104269263,104269264,t,tg,1
NC_037328.1,NC_032650.1,101758811,104290186,104290187,A,AT,1
NC_037328.1,NC_032650.1,101786278,104317646,104317650,c,cattt,4
NC_037328.1,NC_032650.1,101796960,104328337,104328341,T,TAATC,4
NC_037328.1,NC_032650.1,101965030,104500189,104500193,A,AAGTT,4
NC_037328.1,NC_032650.1,101970524,104505687,104505690,T,TATC,3
NC_037328.1,NC_032650.1,101970894,104506060,104506061,T,TA,1
NC_037328.1,NC_032650.1,101976184,104511372,104511373,g,gt,1
NC_037328.1,NC_032650.1,102001065,104536263,104536274,A,AAAAATGATTAT,11
NC_037328.1,NC_032650.1,102005702,104540913,104540914,g,gc,1
NC_037328.1,NC_032650.1,102019779,104554994,104554995,t,ta,1
NC_037328.1,NC_032650.1,102019838,104555055,104555058,a,aaag,3
NC_037328.1,NC_032650.1,102020729,104555949,104555952,t,taaa,3
NC_037328.1,NC_032650.1,102025154,104560374,104560376,c,cca,2
NC_037328.1,NC_032650.1,102027883,104563085,104563086,g,ga,1
NC_037328.1,NC_032650.1,102028302,104563501,104563503,t,taa,2
NC_037328.1,NC_032650.1,102030630,104565828,104565829,a,ag,1
NC_037328.1,NC_032650.1,102036725,104571895,104571896,a,ag,1
NC_037328.1,NC_032650.1,102040872,104576043,104576044,t,tg,1
NC_037328.1,NC_032650.1,102045314,104580484,104580489,c,caactg,5
NC_037328.1,NC_032650.1,102056612,104591681,104591682,t,tY,1
NC_037328.1,NC_032650.1,102059426,104594497,104594498,A,AT,1
NC_037328.1,NC_032650.1,102090057,104625047,104625050,g,ggtt,3
NC_037328.1,NC_032650.1,102090297,104625290,104625291,T,TA,1
NC_037328.1,NC_032650.1,102093233,104628227,104628228,a,ac,1
NC_037328.1,NC_032650.1,102097852,104632849,104632857,g,gaatatata,8
NC_037328.1,NC_032650.1,102111444,104646338,104646340,a,att,2
NC_037328.1,NC_032650.1,102141303,104676199,104676203,t,taaaa,4
NC_037328.1,NC_032650.1,102159322,104694111,104694112,t,ta,1
NC_037328.1,NC_032650.1,102167279,104702072,104702073,G,GR,1
NC_037328.1,NC_032650.1,102213329,104748145,104748146,a,ag,1
NC_037328.1,NC_032650.1,102245288,104780138,104780140,C,CTG,2
NC_037328.1,NC_032650.1,102247905,104782757,104782759,G,GGW,2
NC_037328.1,NC_032650.1,102278078,104813953,104813954,g,ga,1
NC_037328.1,NC_032650.1,102294007,104834903,104834904,g,gc,1
NC_037328.1,NC_032650.1,102330977,104873133,104873142,A,AGACTAAGAC,9
NC_037328.1,NC_032650.1,102357082,104899264,104899265,t,tg,1
NC_037328.1,NC_032650.1,102375916,104918092,104918094,c,cct,2
NC_037328.1,NC_032650.1,102381682,104923769,104923774,t,tttttg,5
NC_037328.1,NC_032650.1,102382756,104924848,104924852,c,ctttt,4
NC_037328.1,NC_032650.1,102390664,104932761,104932762,T,TC,1
NC_037328.1,NC_032650.1,102395347,104937448,104937456,t,tggcttaaa,8
NC_037328.1,NC_032650.1,102395353,104937462,104937463,a,at,1
NC_037328.1,NC_032650.1,102399741,104941851,104941852,T,TA,1
NC_037328.1,NC_032650.1,102402644,104944755,104944756,A,AR,1
NC_037328.1,NC_032650.1,102422845,104964648,104964652,g,ggtta,4
NC_037328.1,NC_032650.1,102426441,104968250,104968251,t,ta,1
NC_037328.1,NC_032650.1,102442439,104984255,104984257,t,tNN,2
NC_037328.1,NC_032650.1,102538929,105080754,105080755,A,AG,1
NC_037328.1,NC_032650.1,102547838,105089764,105089778,t,tNNNNNNNNNNNNNN,14
NC_037328.1,NC_032650.1,102609512,105151464,105151470,g,gKttttt,6
NC_037328.1,NC_032650.1,102622757,105163246,105163247,A,AT,1
NC_037328.1,NC_032650.1,102624234,105165581,105165582,c,ca,1
NC_037328.1,NC_032650.1,102657950,105199131,105199132,c,cg,1
NC_037328.1,NC_032650.1,102695292,105458979,105458981,T,TAA,2
NC_037328.1,NC_032650.1,102695403,106324820,106324830,A,AAGGCAGACTG,10
NC_037328.1,NC_032650.1,102766400,105332242,105332244,t,tta,2
NC_037328.1,NC_032650.1,102768307,105334153,105334154,g,gt,1
NC_037328.1,NC_032650.1,102775876,105341719,105341724,C,CTTCAT,5
NC_037328.1,NC_032650.1,102776282,105342130,105342131,T,TA,1
NC_037328.1,NC_032650.1,102796940,105362825,105362827,T,TTA,2
NC_037328.1,NC_032650.1,102805600,105371254,105371255,g,gt,1
NC_037328.1,NC_032650.1,102808355,105374011,105374014,a,aNNN,3
NC_037328.1,NC_032650.1,102811217,105474610,105474612,g,gaa,2
NC_037328.1,NC_032650.1,102812338,105475733,105475749,a,atgtgtgtgtgtgtgtg,16
NC_037328.1,NC_032650.1,102837073,105500501,105500503,c,caa,2
NC_037328.1,NC_032650.1,102874665,105538105,105538109,g,gatat,4
NC_037328.1,NC_032650.1,102875748,105539192,105539193,G,GT,1
NC_037328.1,NC_032650.1,102912349,105573164,105573165,C,CG,1
NC_037328.1,NC_032650.1,102940768,105601584,105601585,a,ac,1
NC_037328.1,NC_032650.1,102951756,105624381,105624394,A,AAAGATACCATGTT,13
NC_037328.1,NC_032650.1,102960450,105651903,105651904,A,AC,1
NC_037328.1,NC_032650.1,102964010,105655463,105655464,g,gt,1
NC_037328.1,NC_032650.1,102978225,105669673,105669674,A,AC,1
NC_037328.1,NC_032650.1,103009722,105701256,105701257,c,ca,1
NC_037328.1,NC_032650.1,103013244,105704778,105704779,c,cg,1
NC_037328.1,NC_032650.1,103014372,105705906,105705907,c,ct,1
NC_037328.1,NC_032650.1,103021838,105713373,105713374,A,AG,1
NC_037328.1,NC_032650.1,103022371,105713906,105713907,C,CM,1
NC_037328.1,NC_032650.1,103026348,105717897,105717898,t,ta,1
NC_037328.1,NC_032650.1,103028078,105719628,105719629,t,ta,1
NC_037328.1,NC_032650.1,103028214,105719765,105719766,g,gc,1
NC_037328.1,NC_032650.1,103030919,105722622,105722623,t,ta,1
NC_037328.1,NC_032650.1,103039242,105730938,105730940,c,ctt,2
NC_037328.1,NC_032650.1,103042525,105734222,105734223,t,tg,1
NC_037328.1,NC_032650.1,103044813,105736505,105736507,c,ctt,2
NC_037328.1,NC_032650.1,103049373,105741070,105741071,G,GK,1
NC_037328.1,NC_032650.1,103051436,105743143,105743144,g,ga,1
NC_037328.1,NC_032650.1,103059779,105751484,105751487,t,tgga,3
NC_037328.1,NC_032650.1,103087215,105778865,105778866,a,ag,1
NC_037328.1,NC_032650.1,103141635,105833305,105833306,T,TA,1
NC_037328.1,NC_032650.1,103142817,105834504,105834505,A,AT,1
NC_037328.1,NC_032650.1,103149735,105841201,105841401,t,tggtNNNNNNNNNNNNNNNNNNNNNNNNNNNNNNNNNNNNNNNNNNNNNNNNNNNNNNNNNNNNNNNNNNNNNNNNNNNNNNNNNNNNNNNNNNNNNNNNNNNNNNNNNNNNNNNNNNNNNNNNNNNNNNNNNNNNNNNNNNNNNNNNNNNNNNNNNNNNNNNNNNNNNNNNNNNNNNNNNNNNNNNNNNNNNNNNNNNNN,200
NC_037328.1,NC_032650.1,103157041,105848697,105848699,T,TKG,2
NC_037328.1,NC_032650.1,103166623,105858284,105858285,t,tg,1
NC_037328.1,NC_032650.1,103172234,105863892,105863893,a,at,1
NC_037328.1,NC_032650.1,103172548,105864207,105864209,t,tca,2
NC_037328.1,NC_032650.1,103173736,105865398,105865400,A,AAG,2
NC_037328.1,NC_032650.1,103358251,105891048,105891049,T,TA,1
NC_037328.1,NC_032650.1,103379724,105914902,105914905,t,tagc,3
NC_037328.1,NC_032650.1,103388270,105923751,105923752,t,ta,1
NC_037328.1,NC_032650.1,103557013,106141904,106141905,c,ca,1
NC_037328.1,NC_032650.1,103558557,106143449,106143450,g,gc,1
NC_037328.1,NC_032650.1,104624036,106457827,106457828,a,at,1
NC_037328.1,NC_032650.1,104656854,106490572,106490573,a,ac,1
NC_037328.1,NC_032650.1,104671805,106505284,106505285,a,at,1
NC_037328.1,NC_032650.1,104673580,106507034,106507035,a,ag,1
NC_037328.1,NC_032650.1,104673585,106507040,106507041,a,at,1
NC_037328.1,NC_032650.1,104707935,106347559,106347560,A,AC,1
NC_037328.1,NC_032650.1,104745046,106384519,106384520,c,ct,1
NC_037328.1,NC_032650.1,104776773,106416051,106416052,t,tg,1
NC_037328.1,NC_032650.1,104799795,106573453,106573455,g,gta,2
NC_037328.1,NC_032650.1,104807435,106581096,106581098,t,taa,2
NC_037328.1,NC_032650.1,104899298,106673473,106673474,c,ca,1
NC_037328.1,NC_032650.1,104993783,106767560,106767564,a,aaNNN,4
NC_037328.1,NC_032650.1,105080476,106854262,106854265,a,atat,3
NC_037328.1,NC_032650.1,105090533,106864322,106864327,a,attttt,5
NC_037328.1,NC_032650.1,105197456,106971223,106971231,T,TTGTGTTTK,8
NC_037328.1,NC_032650.1,105423769,107241182,107241184,t,tNN,2
NC_037328.1,NC_032650.1,105435032,107252449,107252450,g,ga,1
NC_037328.1,NC_032650.1,105438973,107256394,107256395,a,ac,1
NC_037328.1,NC_032650.1,105458192,107275621,107275622,t,ta,1
NC_037328.1,NC_032650.1,105484440,107301615,107301619,t,tacac,4
NC_037328.1,NC_032650.1,105491889,107309461,107309462,a,at,1
NC_037328.1,NC_032650.1,105504250,107321809,107321810,A,AW,1
NC_037328.1,NC_032650.1,105560543,107440938,107440949,G,GGAAAAAGCAAT,11
NC_037328.1,NC_032650.1,105571589,107451998,107452000,t,taa,2
NC_037328.1,NC_032650.1,105576571,107456979,107456981,C,CCM,2
NC_037328.1,NC_032650.1,105583953,107464353,107464360,c,caaacaaa,7
NC_037328.1,NC_032650.1,105610363,107490764,107490771,c,cacacacg,7
NC_037328.1,NC_032650.1,105644312,107524444,107524445,c,ct,1
NC_037328.1,NC_032650.1,105806146,107685963,107685965,g,gga,2
NC_037328.1,NC_032650.1,105836474,107716808,107716809,t,ta,1
NC_037328.1,NC_032650.1,105852482,107732806,107732860,G,GCAAACGGGANNNNNNNNNNNNNNNNNNNNNNNNNNNNNNNNNNNNNNNNNNNNN,54
NC_037328.1,NC_032650.1,105879783,107760158,107760159,A,AG,1
NC_037328.1,NC_032650.1,105903619,107784029,107784038,T,TATGTGATAG,9
NC_037328.1,NC_032650.1,105986275,107866868,107866869,t,tg,1
NC_037328.1,NC_032650.1,105997049,107877229,107877230,T,TW,1
NC_037328.1,NC_032650.1,106015978,107897615,107897617,C,CCT,2
NC_037328.1,NC_032650.1,106023101,107904741,107904742,T,TA,1
NC_037328.1,NC_032650.1,106074747,107956385,107956386,T,TA,1
NC_037328.1,NC_032650.1,106093268,107974914,107974915,t,tg,1
NC_037328.1,NC_032650.1,106093897,107975544,107975547,A,AAAG,3
NC_037328.1,NC_032650.1,106117777,107999399,107999401,c,cWg,2
NC_037328.1,NC_032650.1,106167439,108049071,108049075,C,CTCTA,4
NC_037328.1,NC_032650.1,106213601,108100187,108100196,a,agcatctatt,9
NC_037328.1,NC_032650.1,106218231,108104822,108104823,a,at,1
NC_037328.1,NC_032650.1,106256727,108145369,108145375,G,GGCCACA,6
NC_037328.1,NC_032650.1,106261296,108149944,108149953,C,CCCACAAGGT,9
NC_037328.1,NC_032650.1,106271889,108160552,108160554,g,gaa,2
NC_037328.1,NC_032650.1,106272383,108161045,108161046,t,ta,1
NC_037328.1,NC_032650.1,106298672,108190137,108190138,A,AT,1
NC_037328.1,NC_032650.1,106299851,108191317,108191318,t,tc,1
NC_037328.1,NC_032650.1,106304778,108196256,108196257,t,ta,1
NC_037328.1,NC_032650.1,106324947,108216429,108216430,c,ct,1
NC_037328.1,NC_032650.1,106329477,108220955,108220958,t,tagc,3
NC_037328.1,NC_032650.1,106339306,108230789,108230790,T,TA,1
NC_037328.1,NC_032650.1,106360480,108251965,108251967,C,CTG,2
NC_037328.1,NC_032650.1,106377215,108269319,108269320,A,AY,1
NC_037328.1,NC_032650.1,106382104,108274209,108274213,T,TCTGA,4
NC_037328.1,NC_032650.1,106382948,108275057,108275058,A,AR,1
NC_037328.1,NC_032650.1,106388760,108280867,108280868,t,tg,1
NC_037328.1,NC_032650.1,106388998,108281106,108281107,c,ct,1
NC_037328.1,NC_032650.1,106391092,108283203,108283204,T,TC,1
NC_037328.1,NC_032650.1,106393424,108285535,108285536,T,TG,1
NC_037328.1,NC_032650.1,106450614,108341675,108341683,a,aNNNNNNNN,8
NC_037328.1,NC_032650.1,106687842,108497081,108497096,A,AGGACCCCTGAAGCAT,15
NC_037328.1,NC_032650.1,106687846,108497100,108497103,A,AAAG,3
NC_037328.1,NC_032650.1,106693177,108502433,108502436,a,actt,3
NC_037328.1,NC_032650.1,106694570,108503853,108503884,C,CTCATAGatctttttgttatttaatattaGCT,31
NC_037328.1,NC_032650.1,106694617,108503931,108503932,a,at,1
NC_037328.1,NC_032650.1,106697805,108507117,108507118,a,ag,1
NC_037328.1,NC_032650.1,106736991,108546511,108546513,t,tta,2
NC_037328.1,NC_032650.1,106747564,108557087,108557088,t,ta,1
NC_037328.1,NC_032650.1,106799636,108623782,108623783,c,ct,1
NC_037328.1,NC_032650.1,106846794,108672659,108672660,G,GA,1
NC_037328.1,NC_032650.1,107046921,108872744,108872745,C,CM,1
NC_037328.1,NC_032650.1,107185629,108993709,108993710,a,at,1
NC_037328.1,NC_032650.1,107235612,109043695,109043698,t,tttc,3
NC_037328.1,NC_032650.1,107268916,109077025,109077026,c,ca,1
NC_037328.1,NC_032650.1,107268948,109077058,109077059,c,ca,1
NC_037328.1,NC_032650.1,107310127,109118253,109118254,c,cg,1
NC_037328.1,NC_032650.1,107310131,109118258,109118261,t,tagc,3
NC_037328.1,NC_032650.1,107315785,109123920,109123921,a,ac,1
NC_037328.1,NC_032650.1,107392316,109200463,109200464,G,GC,1
NC_037328.1,NC_032650.1,107396182,109204334,109204355,T,TNNNNNNNNNNNNNNNNNNNNN,21
NC_037328.1,NC_032650.1,107396269,109204442,109204446,G,GTTAC,4
NC_037328.1,NC_032650.1,107398044,109206221,109206223,T,TAW,2
NC_037328.1,NC_032650.1,107522350,109329532,109329536,T,TGTCC,4
NC_037328.1,NC_032650.1,107534445,109341919,109341920,C,CT,1
NC_037328.1,NC_032650.1,107539736,109347209,109347210,C,CT,1
NC_037328.1,NC_032650.1,107543224,109350712,109350713,A,AG,1
NC_037328.1,NC_032650.1,107543996,109351485,109351486,C,CT,1
NC_037328.1,NC_032650.1,107555908,109363402,109363407,a,accgcc,5
NC_037328.1,NC_032650.1,107558336,109365835,109365836,G,GA,1
NC_037328.1,NC_032650.1,107562446,109369945,109369947,a,aNN,2
NC_037328.1,NC_032650.1,107589767,109397270,109397284,a,aNNNNNNNNNNNNNN,14
NC_037328.1,NC_032650.1,107632392,109442633,109442634,C,CA,1
NC_037328.1,NC_032650.1,107632457,109442699,109442700,C,CA,1
NC_037328.1,NC_032650.1,107636385,109446640,109446643,C,CACM,3
NC_037328.1,NC_032650.1,107636821,109447079,109447081,T,TAC,2
NC_037328.1,NC_032650.1,107675199,109485480,109485481,a,at,1
NC_037328.1,NC_032650.1,107735288,109545513,109545514,A,AT,1
NC_037328.1,NC_032650.1,107792977,109604071,109604072,a,ac,1
NC_037328.1,NC_032650.1,107846377,109657475,109657485,t,tataNNNNNNN,10
NC_037328.1,NC_032650.1,107870024,109681141,109681142,T,TR,1
NC_037328.1,NC_032650.1,108108352,109921458,109921459,t,ta,1
NC_037328.1,NC_032650.1,108108371,109921478,109921480,t,ttg,2
NC_037328.1,NC_032650.1,108119114,109932480,109932482,C,CAG,2
NC_037328.1,NC_032650.1,108141583,109955399,109955401,c,caa,2
NC_037328.1,NC_032650.1,108142870,109956688,109956694,t,ttagcag,6
NC_037328.1,NC_032650.1,108154934,109968765,109968766,a,at,1
NC_037328.1,NC_032650.1,108154940,109968772,109968773,a,ag,1
NC_037328.1,NC_032650.1,108154978,109968811,109968813,c,cta,2
NC_037328.1,NC_032650.1,108166993,109980256,109980265,a,aGACTATGGT,9
NC_037328.1,NC_032650.1,108223022,110036706,110036707,A,AC,1
NC_037328.1,NC_032650.1,108265312,110078872,110078873,c,ct,1
NC_037328.1,NC_032650.1,108267204,110080768,110080769,c,ct,1
NC_037328.1,NC_032650.1,108271184,110084743,110084745,t,tta,2
NC_037328.1,NC_032650.1,108271548,110085109,110085110,c,ct,1
NC_037328.1,NC_032650.1,108290042,110103604,110103605,a,aN,1
NC_037328.1,NC_032650.1,108338188,110208872,110208888,a,aggcaatgccaaagaat,16
NC_037328.1,NC_032650.1,108367272,110237973,110237975,t,tcc,2
NC_037328.1,NC_032650.1,108368647,110239354,110239357,A,AAAG,3
NC_037328.1,NC_032650.1,108368779,110239488,110239495,G,GTTCATTC,7
NC_037328.1,NC_032650.1,108371069,110241775,110241776,T,TA,1
NC_037328.1,NC_032650.1,108371833,110242540,110242566,T,TAGCAGGGTCTACCACTGCACTTKGCC,26
NC_037328.1,NC_032650.1,108381055,110251781,110251782,g,ga,1
NC_037328.1,NC_032650.1,108391146,110261877,110261883,A,AGGGGAC,6
NC_037328.1,NC_032650.1,108394383,110265118,110265121,t,ttta,3
NC_037328.1,NC_032650.1,108432867,110303622,110303623,T,TG,1
NC_037328.1,NC_032650.1,108448189,110318960,110318965,t,taaaaa,5
NC_037328.1,NC_032650.1,108459626,110330403,110330407,t,tNNNN,4
NC_037328.1,NC_032650.1,108473171,110343958,110343959,c,ca,1
NC_037328.1,NC_032650.1,108513355,110384123,110384124,C,CA,1
NC_037328.1,NC_032650.1,108535755,110406526,110406527,T,TC,1
NC_037328.1,NC_032650.1,108546078,110416855,110416856,G,GC,1
NC_037328.1,NC_032650.1,108553575,110424357,110424358,T,TY,1
NC_037328.1,NC_032650.1,108567945,110438650,110438651,A,AS,1
NC_037328.1,NC_032650.1,108581626,110452254,110452255,C,CT,1
NC_037328.1,NC_032650.1,108586017,110456646,110456647,t,ta,1
NC_037328.1,NC_032650.1,108588307,110458937,110458939,C,CGT,2
NC_037328.1,NC_032650.1,108741979,110617834,110617836,a,aNN,2
NC_037328.1,NC_032650.1,108821665,110697526,110697550,a,aacacacacacacacacacacacac,24
NC_037328.1,NC_032650.1,108825580,110701465,110701466,g,gt,1
NC_037328.1,NC_032650.1,108828924,110704810,110704811,g,ga,1
NC_037328.1,NC_032650.1,108838000,110713887,110713889,A,ATT,2
NC_037328.1,NC_032650.1,108886534,110762270,110762271,a,ag,1
NC_037328.1,NC_032650.1,108951165,110832626,110832627,a,ac,1
NC_037328.1,NC_032650.1,109001504,110882391,110882392,t,ta,1
NC_037328.1,NC_032650.1,109021945,110902299,110902300,a,ag,1
NC_037328.1,NC_032650.1,109053361,110956936,110956938,a,aat,2
NC_037328.1,NC_032650.1,109114347,111017922,111017923,c,ct,1
NC_037328.1,NC_032650.1,109209717,111113268,111113269,T,TK,1
NC_037328.1,NC_032650.1,109289705,111193318,111193319,c,ca,1
NC_037328.1,NC_032650.1,109469726,111375718,111375719,a,at,1
NC_037328.1,NC_032650.1,109530596,111468412,111468413,A,AG,1
NC_037328.1,NC_032650.1,109603872,111541514,111541515,G,GC,1
NC_037328.1,NC_032650.1,109655953,111591683,111591684,c,ca,1
NC_037328.1,NC_032650.1,109707992,111643717,111643739,c,catatatatatatatatatatat,22
NC_037328.1,NC_032650.1,109804837,111806610,111806611,T,TC,1
NC_037328.1,NC_032650.1,109875083,111876865,111876866,A,AC,1
NC_037328.1,NC_032650.1,109892642,111894425,111894426,C,CT,1
NC_037328.1,NC_032650.1,109893381,111895165,111895166,T,TA,1
NC_037328.1,NC_032650.1,109897433,111899218,111899219,C,CA,1
NC_037328.1,NC_032650.1,109903672,111905458,111905459,a,ag,1
NC_037328.1,NC_032650.1,109910983,111912835,111912836,T,TY,1
NC_037328.1,NC_032650.1,109945214,111946707,111946709,g,gat,2
NC_037328.1,NC_032650.1,109981603,111983114,111983117,A,AAAC,3
NC_037328.1,NC_032650.1,110054940,112060403,112060404,c,ct,1
NC_037328.1,NC_032650.1,110085808,112091279,112091281,c,ctt,2
NC_037328.1,NC_032650.1,110149771,112155361,112155370,g,gatttctcaa,9
NC_037328.1,NC_032650.1,110154880,112160491,112160492,t,ta,1
NC_037328.1,NC_032650.1,110161188,112166802,112166803,T,TC,1
NC_037328.1,NC_032650.1,110240349,112329825,112329827,T,TTC,2
NC_037328.1,NC_032650.1,110264883,112354362,112354364,a,aat,2
NC_037328.1,NC_032650.1,110332027,112246434,112246435,T,TA,1
NC_037328.1,NC_032650.1,110338114,112179560,112179561,T,TA,1
NC_037328.1,NC_032650.1,110338559,112180005,112180006,c,ct,1
NC_037328.1,NC_032650.1,110341227,112182673,112182677,t,ttaaa,4
NC_037328.1,NC_032650.1,110358324,112199774,112199775,T,TC,1
NC_037328.1,NC_032650.1,110360957,112202416,112202429,g,gtaataaagtaaaa,13
NC_037328.1,NC_032650.1,110382651,112537785,112537787,g,gta,2
NC_037328.1,NC_032650.1,110390812,112545949,112545950,C,CA,1
NC_037328.1,NC_032650.1,110401005,112556142,112556143,T,TA,1
NC_037328.1,NC_032650.1,110976103,113175009,113175010,A,AT,1
NC_037328.1,NC_032650.1,110976118,113175025,113175026,A,AG,1
NC_037328.1,NC_032650.1,110976131,113175039,113175040,G,GA,1
NC_037328.1,NC_032650.1,111062763,113254781,113254782,T,TC,1
NC_037328.1,NC_032650.1,111154641,113347036,113347043,c,cttttttt,7
NC_037328.1,NC_032650.1,111171134,113363536,113363547,A,ACTGTAAACTGT,11
NC_037328.1,NC_032650.1,111290132,113481747,113481748,G,GK,1
NC_037328.1,NC_032650.1,111290284,113481903,113481905,g,gga,2
NC_037328.1,NC_032650.1,111341708,113540877,113540879,A,ACT,2
NC_037328.1,NC_032650.1,111345696,113544874,113544875,t,tg,1
NC_037328.1,NC_032650.1,111353788,113554996,113554999,T,TCTC,3
NC_037328.1,NC_032650.1,111390895,113593354,113593356,a,aNN,2
NC_037328.1,NC_032650.1,111409771,113611994,113611996,a,aNN,2
NC_037328.1,NC_032650.1,111412661,113614886,113614887,G,GT,1
NC_037328.1,NC_032650.1,111440936,113643162,113643163,T,TC,1
NC_037328.1,NC_032650.1,111449553,113651122,113651123,T,TW,1
NC_037328.1,NC_032650.1,111470680,113672258,113672260,A,AAG,2
NC_037328.1,NC_032650.1,111565966,113808744,113808745,T,TY,1
NC_037328.1,NC_032650.1,111578225,113824171,113824172,C,CA,1
NC_037328.1,NC_032650.1,111612927,113860761,113860762,a,at,1
NC_037328.1,NC_032650.1,111661827,113909667,113909671,A,AGGAT,4
NC_037328.1,NC_032650.1,111716639,113964428,113964431,T,TGAG,3
NC_037328.1,NC_032650.1,111724051,114067510,114067512,a,aat,2
NC_037328.1,NC_032650.1,111742951,114086417,114086418,C,CR,1
NC_037328.1,NC_032650.1,111752074,114095542,114095543,C,CY,1
NC_037328.1,NC_032650.1,111767348,114110855,114110860,T,TTTAAA,5
NC_037328.1,NC_032650.1,111769450,114112772,114112773,t,ta,1
NC_037328.1,NC_032650.1,111783710,114127071,114127072,t,tc,1
NC_037328.1,NC_032650.1,111786711,114130068,114130069,t,ta,1
NC_037328.1,NC_032650.1,111787650,114131008,114131009,c,ct,1
NC_037328.1,NC_032650.1,111790196,114133554,114133557,A,AAAT,3
NC_037328.1,NC_032650.1,111795991,114139030,114139031,C,CA,1
NC_037328.1,NC_032650.1,111799599,114142644,114142645,g,ga,1
NC_037328.1,NC_032650.1,111802305,114145351,114145354,C,CNNN,3
NC_037328.1,NC_032650.1,111842685,114185629,114185630,T,TY,1
NC_037328.1,NC_032650.1,111913824,114256551,114256552,A,AG,1
NC_037328.1,NC_032650.1,111967538,114309931,114309932,C,CA,1
NC_037328.1,NC_032650.1,111976089,114318529,114318530,T,TG,1
NC_037328.1,NC_032650.1,112274004,114533064,114533065,g,ga,1
NC_037328.1,NC_032650.1,112604453,114989315,114989317,a,aNN,2
NC_037328.1,NC_032650.1,112628850,115013714,115013715,a,ac,1
NC_037328.1,NC_032650.1,112685977,115070884,115070885,a,ag,1
NC_037328.1,NC_032650.1,112722668,115107579,115107580,a,at,1
NC_037328.1,NC_032650.1,112728603,115113537,115113538,g,gc,1
NC_037328.1,NC_032650.1,112728671,115113606,115113607,a,ag,1
NC_037328.1,NC_032650.1,112728691,115113627,115113628,a,ag,1
NC_037328.1,NC_032650.1,112728720,115113657,115113659,a,aat,2
NC_037328.1,NC_032650.1,112728734,115113673,115113675,g,ggt,2
NC_037328.1,NC_032650.1,112728763,115113704,115113707,t,ttgg,3
NC_037328.1,NC_032650.1,112788210,115174838,115174839,A,AG,1
NC_037328.1,NC_032650.1,112824108,115211405,115211414,t,ttcagtcgtg,9
NC_037328.1,NC_032650.1,112881196,115268538,115268539,c,ca,1
NC_037328.1,NC_032650.1,112882412,115269755,115269756,c,ca,1
NC_037328.1,NC_032650.1,112882552,115269895,115269896,c,ca,1
NC_037328.1,NC_032650.1,112888880,115276231,115276242,t,tatgatccagca,11
NC_037328.1,NC_032650.1,112891148,115278510,115278515,g,gtgtgt,5
NC_037328.1,NC_032650.1,112931468,115318843,115318845,t,ttc,2
NC_037328.1,NC_032650.1,112982547,115370338,115370362,g,gtttgctgctaagtctccatacccc,24
NC_037328.1,NC_032650.1,113172807,115560653,115560654,a,ag,1
NC_037328.1,NC_032650.1,113177937,115566880,115566881,t,ta,1
NC_037328.1,NC_032650.1,113183305,115572249,115572250,a,ag,1
NC_037328.1,NC_032650.1,113221899,115611260,115611261,T,TA,1
NC_037328.1,NC_032650.1,113235731,115625098,115625099,A,AC,1
NC_037328.1,NC_032650.1,113387570,115776916,115776918,a,aag,2
NC_037328.1,NC_032650.1,113398697,115788046,115788047,C,CM,1
NC_037328.1,NC_032650.1,113407054,115796404,115796410,g,ggaaaaa,6
NC_037328.1,NC_032650.1,113431865,115823021,115823022,a,ag,1
NC_037328.1,NC_032650.1,113436348,115827505,115827506,A,AM,1
NC_037328.1,NC_032650.1,113439882,115831040,115831041,A,AG,1
NC_037328.1,NC_032650.1,113441326,115832484,115832485,T,TC,1
NC_037328.1,NC_032650.1,113494638,115886594,115886600,A,AATTATC,6
NC_037328.1,NC_032650.1,113495814,115887776,115887779,T,TATA,3
NC_037328.1,NC_032650.1,113495875,115887840,115887849,C,CGACATATAT,9
NC_037328.1,NC_032650.1,113500032,115892000,115892001,C,CT,1
NC_037328.1,NC_032650.1,113543645,115935087,115935088,a,ag,1
NC_037328.1,NC_032650.1,113670765,116139802,116139803,G,GC,1
NC_037328.1,NC_032650.1,113710835,116179402,116179403,c,cg,1
NC_037328.1,NC_032650.1,113734573,116203131,116203135,C,CATGG,4
NC_037328.1,NC_032650.1,113738835,116207390,116207392,C,CAA,2
NC_037328.1,NC_032650.1,113780015,116425740,116425741,c,ca,1
NC_037328.1,NC_032650.1,113788933,116434660,116434665,C,CAAGTT,5
NC_037328.1,NC_032650.1,113794208,116439940,116439942,a,aag,2
NC_037328.1,NC_032650.1,113837878,116483696,116483697,g,ga,1
NC_037328.1,NC_032650.1,113838058,116483877,116483878,t,ta,1
NC_037328.1,NC_032650.1,113882410,116384492,116384494,c,ctt,2
NC_037328.1,NC_032650.1,113886133,116388196,116388197,A,AT,1
NC_037328.1,NC_032650.1,113903998,116404381,116404382,C,CT,1
NC_037328.1,NC_032650.1,113913131,116413521,116413522,t,ta,1
NC_037328.1,NC_032650.1,113918730,116491044,116491045,t,tg,1
NC_037328.1,NC_032650.1,114131878,116704706,116704707,c,ca,1
NC_037328.1,NC_032650.1,114150368,116723196,116723197,T,TK,1
NC_037328.1,NC_032650.1,114159427,116732254,116732256,c,cct,2
NC_037328.1,NC_032650.1,114200788,116773611,116773612,t,ta,1
NC_037328.1,NC_032650.1,114211691,116784516,116784518,a,act,2
NC_037328.1,NC_032650.1,114248835,116823004,116823009,c,ctcttt,5
NC_037328.1,NC_032650.1,114278224,116850985,116850989,a,aNNNN,4
NC_037328.1,NC_032650.1,114284433,116857245,116857246,g,gt,1
NC_037328.1,NC_032650.1,114309408,116881847,116881852,C,CATAGA,5
NC_037328.1,NC_032650.1,114436748,116888631,116888632,T,TW,1
NC_037328.1,NC_032650.1,114438326,116890002,116890003,C,CT,1
NC_037328.1,NC_032650.1,114438459,116890136,116890137,C,CM,1
NC_037328.1,NC_032650.1,114442822,116894499,116894500,G,GA,1
NC_037328.1,NC_032650.1,114447091,116898769,116898770,T,TY,1
NC_037328.1,NC_032650.1,114589253,117041045,117041046,g,ga,1
NC_037328.1,NC_032650.1,114602510,117054300,117054301,T,TK,1
NC_037328.1,NC_032650.1,114618764,117070585,117070586,A,AT,1
NC_037328.1,NC_032650.1,114625615,117078495,117078496,a,at,1
NC_037328.1,NC_032650.1,114625874,117078755,117078756,t,ta,1
NC_037328.1,NC_032650.1,114625899,117078781,117078784,A,ATAC,3
NC_037328.1,NC_032650.1,114630938,117083834,117083844,A,ATTAAGGTAGC,10
NC_037328.1,NC_032650.1,114631917,117084808,117084809,G,GA,1
NC_037328.1,NC_032650.1,115411322,117110278,117110279,A,AR,1
NC_037328.1,NC_032650.1,115415663,117114621,117114631,t,tGTAATGACTA,10
NC_037328.1,NC_032650.1,115424247,117123217,117123219,a,att,2
NC_037328.1,NC_032650.1,115427226,117126197,117126198,C,CW,1
NC_037328.1,NC_032650.1,115449917,117149257,117149258,t,tc,1
NC_037328.1,NC_032650.1,115520352,117219434,117219435,g,ga,1
NC_037328.1,NC_032650.1,115520699,117219782,117219783,a,ac,1
NC_037328.1,NC_032650.1,115549098,117250766,117250767,a,aM,1
NC_037328.1,NC_032650.1,115557217,117258877,117258878,A,AC,1
NC_037328.1,NC_032650.1,115579405,117281066,117281067,c,ca,1
NC_037328.1,NC_032650.1,115589240,117290903,117290904,T,TW,1
NC_037328.1,NC_032650.1,115606283,117307948,117307949,c,ct,1
NC_037328.1,NC_032650.1,115606325,117307992,117307993,g,gt,1
NC_037328.1,NC_032650.1,115633136,117567595,117567596,a,ac,1
NC_037328.1,NC_032650.1,115733113,117611342,117611343,A,AW,1
NC_037328.1,NC_032650.1,115743803,117622033,117622042,a,acactgtttc,9
NC_037328.1,NC_032650.1,115754307,117485339,117485340,t,ta,1
NC_037328.1,NC_032650.1,115794224,117648776,117648781,c,ctgaaa,5
NC_037328.1,NC_032650.1,115798600,117653168,117653170,c,ctg,2
NC_037328.1,NC_032650.1,115817695,117671390,117671391,G,GA,1
NC_037328.1,NC_032650.1,115817750,117671446,117671447,C,CA,1
NC_037328.1,NC_032650.1,115825066,117678786,117678787,A,AC,1
NC_037328.1,NC_032650.1,115826208,117679929,117679930,G,GR,1
NC_037328.1,NC_032650.1,115844266,117697986,117697988,g,gta,2
NC_037328.1,NC_032650.1,115851891,117706947,117706948,A,AG,1
NC_037328.1,NC_032650.1,115861145,117716202,117716204,c,ccg,2
NC_037328.1,NC_032650.1,115906117,117761180,117761183,G,GGGA,3
NC_037328.1,NC_032650.1,115958461,117816551,117816552,t,tc,1
NC_037328.1,NC_032650.1,116371453,117891287,117891288,a,ag,1
NC_037328.1,NC_032650.1,116378350,117898188,117898189,G,GA,1
NC_037328.1,NC_032650.1,116378374,117898213,117898214,C,CA,1
NC_037328.1,NC_032650.1,116380618,117900467,117900468,c,cg,1
NC_037328.1,NC_032650.1,116380876,117900726,117900730,g,gctat,4
NC_037328.1,NC_032650.1,116381425,117901279,117901280,a,at,1
NC_037328.1,NC_032650.1,116393364,117912946,117912948,c,cag,2
NC_037328.1,NC_032650.1,116402905,117922491,117922492,A,AC,1
NC_037328.1,NC_032650.1,116408812,117928405,117928406,T,TW,1
NC_037328.1,NC_032650.1,116551789,118071832,118071833,g,gt,1
NC_037328.1,NC_032650.1,116616796,118164322,118164323,G,GK,1
NC_037328.1,NC_032650.1,116620265,118167792,118167793,c,ca,1
NC_037328.1,NC_032650.1,116658918,118206324,118206325,G,GR,1
NC_037328.1,NC_032650.1,116722174,118269592,118269596,t,ttttg,4
NC_037328.1,NC_032650.1,116723148,118270569,118270574,a,actatt,5
NC_037328.1,NC_032650.1,116723189,118270615,118270618,g,gtct,3
NC_037328.1,NC_032650.1,116723816,118271246,118271250,a,atttc,4
NC_037328.1,NC_032650.1,116796216,118343596,118343604,a,acagacgtT,8
NC_037328.1,NC_032650.1,116796251,118343641,118343644,A,ACAG,3
NC_037328.1,NC_032650.1,116799756,118347141,118347143,g,gtc,2
NC_037328.1,NC_032650.1,116799845,118347232,118347236,t,tgtgc,4
NC_037328.1,NC_032650.1,116799884,118347275,118347279,t,tagag,4
NC_037328.1,NC_032650.1,116800009,118347428,118347434,c,cgtgtgt,6
NC_037328.1,NC_032650.1,116820825,118368115,118368117,C,CCM,2
NC_037328.1,NC_032650.1,116823897,118371189,118371191,t,ttg,2
NC_037328.1,NC_032650.1,116884102,118432497,118432498,C,CT,1
NC_037328.1,NC_032650.1,116886910,118435306,118435307,c,ct,1
NC_037328.1,NC_032650.1,116895558,118443961,118443964,T,TTTG,3
NC_037328.1,NC_032650.1,116895704,118444110,118444111,g,ga,1
NC_037328.1,NC_032650.1,116916887,118465300,118465304,G,GCAGT,4
NC_037328.1,NC_032650.1,116963016,118558512,118558513,T,TC,1
NC_037328.1,NC_032650.1,117170376,118770129,118770130,g,ga,1
NC_037328.1,NC_032650.1,117170381,118770135,118770137,a,act,2
NC_037328.1,NC_032650.1,117171126,118770892,118770893,A,AW,1
NC_037328.1,NC_032650.1,117173334,118773103,118773104,G,GA,1
NC_037328.1,NC_032650.1,117177127,118776898,118776899,C,CG,1
NC_037328.1,NC_032650.1,117214400,118817835,118817836,A,AT,1
NC_037328.1,NC_032650.1,117223154,118826590,118826612,C,CTCTCCCACCTTATCTCTCCAGA,22
NC_037328.1,NC_032650.1,117224475,118827933,118827935,t,tta,2
NC_037328.1,NC_032650.1,117235170,118838634,118838650,t,tgagagagagagagaga,16
NC_037328.1,NC_032650.1,117235780,118839260,118839261,t,ta,1
NC_037328.1,NC_032650.1,117242133,118845652,118845653,G,GS,1
NC_037328.1,NC_032650.1,117487935,119141479,119141480,A,AG,1
NC_037328.1,NC_032650.1,117487935,119249886,119249887,A,AG,1
NC_037328.1,NC_032650.1,117633655,119400324,119400325,g,gt,1
NC_037328.1,NC_032650.1,117648406,119415081,119415082,g,gc,1
NC_037328.1,NC_032650.1,117651822,119418478,119418479,c,ca,1
NC_037328.1,NC_032650.1,117657892,119424222,119424223,T,TC,1
NC_037328.1,NC_032650.1,117659804,119426137,119426139,t,taa,2
NC_037328.1,NC_032650.1,117677914,119444258,119444259,a,at,1
NC_037328.1,NC_032650.1,117693440,119459840,119459841,C,CM,1
NC_037328.1,NC_032650.1,117760997,119527233,119527234,A,AC,1
NC_037328.1,NC_032650.1,117763019,119529253,119529254,T,TA,1
NC_037328.1,NC_032650.1,117773177,119539412,119539413,a,ag,1
NC_037328.1,NC_032650.1,117823850,119590103,119590104,A,AM,1
NC_037328.1,NC_032650.1,117865748,119632005,119632007,a,aNN,2
NC_037328.1,NC_032650.1,117873516,119639781,119639786,c,cacaag,5
NC_037328.1,NC_032650.1,117878695,119644967,119644968,T,TY,1
NC_037328.1,NC_032650.1,117884151,119650425,119650427,t,tta,2
NC_037328.1,NC_032650.1,117959577,119725869,119725870,G,GC,1
NC_037328.1,NC_032650.1,117971965,119751334,119751335,a,aN,1
NC_037328.1,NC_032650.1,117978966,119758336,119758337,t,ta,1
NC_037328.1,NC_032650.1,117988729,119768204,119768206,t,tNN,2
NC_037328.1,NC_032650.1,118033472,119814155,119814156,t,ta,1
NC_037328.1,NC_032650.1,118085729,119866376,119866377,g,gt,1
NC_037328.1,NC_032650.1,118086042,119866690,119866691,T,TK,1
NC_037328.1,NC_032650.1,118105379,119886029,119886043,A,AGGTGAATTCTGTTT,14
NC_037328.1,NC_032650.1,118132384,119906752,119906753,t,tc,1
NC_037328.1,NC_032650.1,118165217,119948595,119948596,T,TC,1
NC_037328.1,NC_032650.1,118205682,119989080,119989083,T,TAAG,3
NC_037328.1,NC_032650.1,118222653,120006954,120006955,a,at,1
NC_037328.1,NC_032650.1,118236766,120021073,120021076,T,TATG,3
NC_037328.1,NC_032650.1,118248778,120033076,120033077,t,tg,1
NC_037328.1,NC_032650.1,118261505,120045709,120045711,g,gta,2
NC_037328.1,NC_032650.1,118262419,120046625,120046656,a,aaggagtaagtgtcttttaatttcatggctgc,31
NC_037328.1,NC_032650.1,118263091,120047328,120047329,c,ca,1
NC_037328.1,NC_032650.1,118263997,120048233,120048273,c,cggccaagaggagctaccccacgtccgaggctAGGGGCAGY,40
NC_037328.1,NC_032650.1,118280487,120098112,120098139,G,GCTCATCTTTCACCTTCAGTCTGTTCTC,27
NC_037328.1,NC_032650.1,118287519,120105169,120105185,G,GCATCCTCAAAGAGGAT,16
NC_037328.1,NC_032650.1,118299871,120117579,120117580,G,GT,1
NC_037328.1,NC_032650.1,118315480,120133651,120133652,C,CY,1
NC_037328.1,NC_032650.1,118316478,120134650,120134651,a,ac,1
NC_037328.1,NC_032650.1,118335776,120153953,120153960,T,TCAAGGAA,7
NC_037328.1,NC_032650.1,118342592,120160778,120160781,A,AGAC,3
NC_037328.1,NC_032650.1,118343114,120161303,120161304,T,TY,1
NC_037328.1,NC_032650.1,118350962,120169140,120169144,A,AAATG,4
NC_037328.1,NC_032650.1,118395326,120224879,120224880,T,TK,1
NC_037328.1,NC_032650.1,118396205,120225760,120225761,T,TY,1
NC_037328.1,NC_032650.1,118406706,120237838,120237841,c,ctct,3
NC_037328.1,NC_032650.1,118409078,120240218,120240219,C,CT,1
NC_037328.1,NC_032650.1,118412258,120243396,120243399,t,tagc,3
NC_037328.1,NC_032650.1,118419539,120325994,120325997,t,tgag,3
NC_037328.1,NC_032650.1,118424966,120331637,120331638,a,ac,1
NC_037328.1,NC_032650.1,118428393,120335065,120335067,A,AAR,2
NC_037328.1,NC_032650.1,118431403,120338079,120338095,C,CAAAGGTTCGGATTAAT,16
NC_037328.1,NC_032650.1,118435503,120342201,120342203,T,TAA,2
NC_037328.1,NC_032650.1,118461505,120368150,120368151,c,ct,1
NC_037328.1,NC_032650.1,118472677,120379319,120379320,A,AG,1
NC_037328.1,NC_032650.1,118472757,120379400,120379401,T,TY,1
NC_037328.1,NC_032650.1,118474140,120380789,120380790,g,ga,1
NC_037328.1,NC_032650.1,118482246,120388892,120388902,C,CTGCTATGAAA,10
NC_037328.1,NC_032650.1,118485628,120392284,120392288,g,gtgta,4
NC_037328.1,NC_032650.1,118516992,120423491,120423494,g,ggtt,3
NC_037328.1,NC_032650.1,118526161,120432658,120432659,a,ac,1
NC_037328.1,NC_032650.1,118573600,120480098,120480101,c,ccaa,3
NC_037328.1,NC_032650.1,118577697,120484186,120484187,C,CT,1
NC_037328.1,NC_032650.1,118593462,120499954,120499955,a,at,1
NC_037328.1,NC_032650.1,118773536,120679169,120679171,a,act,2
NC_037328.1,NC_032650.1,118832080,120745805,120745806,c,ct,1
NC_037328.1,NC_032650.1,118832937,120746663,120746664,a,ag,1
NC_037328.1,NC_032650.1,118834235,120747962,120747967,G,GTGTTT,5
NC_037328.1,NC_032650.1,118840465,120754189,120754190,A,AR,1
NC_037328.1,NC_032650.1,118845241,120758965,120758966,t,tg,1
NC_037328.1,NC_032650.1,118864316,120778039,120778043,T,TTACC,4
NC_037328.1,NC_032650.1,118942121,120855639,120855642,t,tata,3
NC_037328.1,NC_032650.1,118989934,120903422,120903423,t,tg,1
NC_037328.1,NC_032650.1,119006799,120921916,120921917,T,TA,1
NC_037328.1,NC_032650.1,119007796,120922913,120922914,a,ag,1
NC_037328.1,NC_032650.1,119011599,120926715,120926716,a,ac,1
NC_037328.1,NC_032650.1,119025692,120940811,120940812,g,ga,1
NC_037328.1,NC_032650.1,119144155,121061730,121061731,A,AT,1
NC_037328.1,NC_032650.1,119363798,121281472,121281473,t,tc,1
NC_037328.1,NC_032650.1,119371897,121289560,121289573,c,cttttcactttcat,13
NC_037328.1,NC_032650.1,119374041,121291717,121291719,A,AAC,2
NC_037328.1,NC_032650.1,119375613,121293291,121293293,a,att,2
NC_037328.1,NC_032650.1,119415949,121347439,121347440,T,TC,1
NC_037328.1,NC_032650.1,119419463,121350958,121350959,T,TC,1
NC_037328.1,NC_032650.1,119420372,121351868,121351890,g,gctaatttcttctatatagcaaa,22
NC_037328.1,NC_032650.1,119456143,121387621,121387622,g,gt,1
NC_037328.1,NC_032650.1,119494463,121425421,121425425,t,tNNNN,4
NC_037328.1,NC_032650.1,119502914,121433879,121433880,A,AG,1
NC_037328.1,NC_032650.1,119545389,121480220,121480221,C,CY,1
NC_037328.1,NC_032650.1,119556080,121495238,121495239,t,ta,1
NC_037328.1,NC_032650.1,119565282,121504444,121504445,G,GC,1
NC_037328.1,NC_032650.1,119607872,121547034,121547035,T,TA,1
NC_037328.1,NC_032650.1,119607914,121547077,121547079,T,TTC,2
NC_037328.1,NC_032650.1,119664274,121605664,121605666,a,aNN,2
NC_037328.1,NC_032650.1,119695355,121636409,121636410,t,ta,1
NC_037328.1,NC_032650.1,119696149,121637204,121637205,g,gt,1
NC_037328.1,NC_032650.1,119820706,121787267,121787269,t,ttg,2
NC_037328.1,NC_032650.1,119835194,121801758,121801759,g,ga,1
NC_037328.1,NC_032650.1,119860744,121827314,121827315,c,ct,1
NC_037328.1,NC_032650.1,119892337,121858918,121858919,C,CT,1
NC_037328.1,NC_032650.1,119909108,121875612,121875613,g,gc,1
NC_037328.1,NC_032650.1,119909112,121875617,121875618,t,ta,1
NC_037328.1,NC_032650.1,119909172,121875678,121875679,c,ca,1
NC_037328.1,NC_032650.1,119941993,121908498,121908499,T,TA,1
NC_037328.1,NC_032650.1,119953650,121920035,121920036,g,gc,1
NC_037328.1,NC_032650.1,119978165,121945098,121945100,T,TTC,2
NC_037328.1,NC_032650.1,120017608,121984633,121984634,G,GA,1
NC_037328.1,NC_032650.1,120019870,121986896,121986897,a,ag,1
NC_037328.1,NC_032650.1,120036280,122002826,122002827,t,tc,1
NC_037328.1,NC_032650.1,120090930,122048345,122048347,t,tta,2
NC_037328.1,NC_032650.1,120094548,122051981,122051983,T,TGC,2
NC_037328.1,NC_032650.1,120152895,122108889,122108901,g,gatgtgtgtgtgt,12
NC_037328.1,NC_032650.1,120160943,122116952,122116954,c,cta,2
NC_037328.1,NC_032650.1,120240146,122329737,122329742,t,tattca,5
NC_037328.1,NC_032650.1,120348765,122381098,122381099,a,at,1
NC_037328.1,NC_032650.1,120424699,122457197,122457198,t,tg,1
NC_037328.1,NC_032650.1,120543185,122691094,122691096,G,GAC,2
NC_037328.1,NC_032650.1,120553859,122701765,122701770,A,AAATAC,5
NC_037328.1,NC_032650.1,120557992,122706091,122706092,a,at,1
NC_037328.1,NC_032650.1,120586260,122734352,122734354,g,gat,2
NC_037328.1,NC_032650.1,120609123,122757306,122757307,c,ca,1
NC_037328.1,NC_032650.1,120668252,122826557,122826559,t,tcc,2
NC_037328.1,NC_032650.1,120748015,122906708,122906714,t,tgatata,6
NC_037328.1,NC_032650.1,120751939,122910638,122910639,a,at,1
NC_037328.1,NC_032650.1,120756192,122914677,122914678,a,at,1
NC_037328.1,NC_032650.1,120756686,122915172,122915175,A,AAAC,3
NC_037328.1,NC_032650.1,120774862,122933210,122933211,g,ga,1
NC_037328.1,NC_032650.1,120829358,122987723,122987725,A,AAC,2
NC_037328.1,NC_032650.1,120829983,122988350,122988351,A,AM,1
NC_037328.1,NC_032650.1,120877629,123034823,123034824,A,AR,1
NC_037328.1,NC_032650.1,120888941,123046139,123046140,G,GS,1
NC_037328.1,NC_032650.1,120889143,123046343,123046344,C,CA,1
NC_037328.1,NC_032650.1,120945511,123100043,123100044,C,CR,1
NC_037328.1,NC_032650.1,120966080,123120614,123120622,A,ATAATAACC,8
NC_037328.1,NC_032650.1,121039118,123193664,123193668,a,aagag,4
NC_037328.1,NC_032650.1,121040559,123195109,123195110,c,ct,1
NC_037328.1,NC_032650.1,121160132,123344623,123344624,t,tc,1
NC_037328.1,NC_032650.1,121225482,123409987,123409993,a,acaatgt,6
NC_037328.1,NC_032650.1,121243905,123428418,123428420,t,taa,2
NC_037328.1,NC_032650.1,121252324,123436842,123436844,g,gac,2
NC_037328.1,NC_032650.1,121255161,123439681,123439682,g,ga,1
NC_037328.1,NC_032650.1,121284206,123468505,123468506,a,at,1
NC_037328.1,NC_032650.1,121288108,123472407,123472411,t,tttta,4
NC_037328.1,NC_032650.1,121322005,123506316,123506317,a,at,1
NC_037328.1,NC_032650.1,121328953,123514558,123514559,t,ta,1
NC_037328.1,NC_032650.1,121395572,123581368,123581370,T,TTC,2
NC_037328.1,NC_032650.1,121409465,123595266,123595268,t,tta,2
NC_037328.1,NC_032650.1,121417534,123603683,123603689,a,aNNNNNN,6
NC_037328.1,NC_032650.1,121491234,123677390,123677391,T,TW,1
NC_037328.1,NC_032650.1,121547556,123733656,123733657,t,tg,1
NC_037328.1,NC_032650.1,121547633,123733734,123733736,a,atc,2
NC_037328.1,NC_032650.1,121725450,123904643,123904644,g,ga,1
NC_037328.1,NC_032650.1,121748010,123927177,123927178,G,GN,1
NC_037328.1,NC_032650.1,121757370,123936538,123936539,c,cN,1
NC_037328.1,NC_032650.1,121760304,124007073,124007074,A,AR,1
NC_037328.1,NC_032650.1,121778210,124024990,124024992,A,ACC,2
NC_037328.1,NC_032650.1,121807018,124053518,124053522,c,cGAGG,4
NC_037328.1,NC_032650.1,121832289,124078870,124078871,T,TC,1
NC_037328.1,NC_032650.1,121847120,124093596,124093597,T,TK,1
NC_037328.1,NC_032650.1,121850529,124097007,124097011,t,tttNN,4
NC_037328.1,NC_032650.1,121873071,124119556,124119557,c,ct,1
NC_037328.1,NC_032650.1,121910185,124156677,124156679,a,aat,2
NC_037328.1,NC_032650.1,121910985,124157479,124157480,t,tY,1
NC_037328.1,NC_032650.1,121998991,124241872,124241877,a,aaaaac,5
NC_037328.1,NC_032650.1,122015952,124258842,124258858,g,gactgaagcgacttaat,16
NC_037328.1,NC_032650.1,122016985,124259891,124259892,a,ag,1
NC_037328.1,NC_032650.1,122017102,124260009,124260010,g,gc,1
NC_037328.1,NC_032650.1,122017131,124260039,124260040,t,ta,1
NC_037328.1,NC_032650.1,122017384,124260292,124260293,C,CM,1
NC_037328.1,NC_032650.1,122017573,124260483,124260484,T,TA,1
NC_037328.1,NC_032650.1,122017625,124260536,124260538,T,TTA,2
NC_037328.1,NC_032650.1,122018609,124261528,124261529,A,AT,1
NC_037328.1,NC_032650.1,122018984,124261904,124261905,T,TW,1
NC_037328.1,NC_032650.1,122021135,124264055,124264057,t,tNN,2
NC_037328.1,NC_032650.1,122068549,124311564,124311565,a,ag,1
NC_037328.1,NC_032650.1,122105156,124348158,124348159,g,ga,1
NC_037328.1,NC_032650.1,122105283,124348286,124348289,g,gaaa,3
NC_037328.1,NC_032650.1,122105481,124348482,124348484,g,gat,2
NC_037328.1,NC_032650.1,122106165,124349163,124349181,c,cttttgctttttaccttat,18
NC_037328.1,NC_032650.1,122107612,124371437,124371439,a,atg,2
NC_037328.1,NC_032650.1,122107637,124350647,124350648,a,at,1
NC_037328.1,NC_032650.1,122107637,124371464,124371465,a,at,1
NC_037328.1,NC_032650.1,122107679,124371507,124371512,a,aattat,5
NC_037328.1,NC_032650.1,122108951,124351962,124351964,a,aat,2
NC_037328.1,NC_032650.1,122167738,124431570,124431571,C,CA,1
NC_037328.1,NC_032650.1,122233052,124498204,124498205,A,AC,1
NC_037328.1,NC_032650.1,122239608,124504763,124504764,c,ct,1
NC_037328.1,NC_032650.1,122257529,124522689,124522690,T,TY,1
NC_037328.1,NC_032650.1,122257614,124522775,124522776,T,TY,1
NC_037328.1,NC_032650.1,122267735,124532897,124532898,A,AG,1
NC_037328.1,NC_032650.1,122284375,124549323,124549329,T,TGCCAAA,6
NC_037328.1,NC_032650.1,122298338,124563289,124563293,a,aNNNN,4
NC_037328.1,NC_032650.1,122310440,124575395,124575396,a,ac,1
NC_037328.1,NC_032650.1,122408247,124673168,124673170,t,taa,2
NC_037328.1,NC_032650.1,122471476,124736398,124736399,G,GK,1
NC_037328.1,NC_032650.1,122507576,124772502,124772504,c,cat,2
NC_037328.1,NC_032650.1,122546697,124874980,124874981,T,TA,1
NC_037328.1,NC_032650.1,122550199,124801294,124801302,t,ttttttttg,8
NC_037328.1,NC_032650.1,122550318,124801421,124801422,A,AG,1
NC_037328.1,NC_032650.1,122551758,124802861,124802867,t,tggattg,6
NC_037328.1,NC_032650.1,122572656,124823776,124823777,g,gt,1
NC_037328.1,NC_032650.1,122603886,124890558,124890690,t,tggggagggggtgggagggagattcagccTTTGAAGCNNNNNNNNNNNNNNNNNNNNNNNNNNNNNNNNNNNNNNNNNNNNNNNNNNNNNNNNNNNNNNNNNNNNNNNNNNNNNNNNNNNNNNNNNNNNgacg,132
NC_037328.1,NC_032650.1,122618210,124904083,124904084,t,tg,1
NC_037328.1,NC_032650.1,122765283,125051270,125051271,c,ct,1
NC_037328.1,NC_032650.1,122850475,125136344,125136347,T,TCTC,3
NC_037328.1,NC_032650.1,122853512,125139427,125139428,g,ga,1
NC_037328.1,NC_032650.1,122853726,125139642,125139643,g,gc,1
NC_037328.1,NC_032650.1,122871897,125157804,125157809,T,TATTGG,5
NC_037328.1,NC_032650.1,122873220,125159132,125159144,a,aggtcacaatact,12
NC_037328.1,NC_032650.1,122874537,125160454,125160458,C,CYTAT,4
NC_037328.1,NC_032650.1,122876889,125162966,125162968,c,cat,2
NC_037328.1,NC_032650.1,122885750,125171145,125171147,c,cca,2
NC_037328.1,NC_032650.1,122886814,125172211,125172212,a,ag,1
NC_037328.1,NC_032650.1,122895103,125180494,125180495,C,CT,1
NC_037328.1,NC_032650.1,122914782,125200353,125200354,C,CG,1
NC_037328.1,NC_032650.1,122954011,125239681,125239682,a,at,1
NC_037328.1,NC_032650.1,123010807,125296569,125296572,t,taag,3
NC_037328.1,NC_032650.1,123024660,125311082,125311083,G,GK,1
NC_037328.1,NC_032650.1,123063638,125350449,125350450,t,tg,1
NC_037328.1,NC_032650.1,123083495,125370315,125370321,t,ttcaaaa,6
NC_037328.1,NC_032650.1,123095169,125382055,125382057,a,aNN,2
NC_037328.1,NC_032650.1,123116200,125406276,125406277,A,AW,1
NC_037328.1,NC_032650.1,123117773,125407849,125407851,C,CAT,2
NC_037328.1,NC_032650.1,123120043,125410116,125410117,g,ga,1
NC_037328.1,NC_032650.1,123120271,125410345,125410347,g,gga,2
NC_037328.1,NC_032650.1,123122583,125412660,125412661,G,GA,1
NC_037328.1,NC_032650.1,123124154,125414230,125414231,T,TA,1
NC_037328.1,NC_032650.1,123146461,125467951,125467952,g,ga,1
NC_037328.1,NC_032650.1,123149424,125470913,125470914,g,gc,1
NC_037328.1,NC_032650.1,123149781,125471270,125471271,g,ga,1
NC_037328.1,NC_032650.1,123151309,125472799,125472800,t,tg,1
NC_037328.1,NC_032650.1,123158791,125479966,125479968,C,CTG,2
NC_037328.1,NC_032650.1,123159940,125481116,125481117,A,AT,1
NC_037328.1,NC_032650.1,123269173,125592297,125592298,g,gt,1
NC_037328.1,NC_032650.1,123376841,125702711,125702712,T,TG,1
NC_037328.1,NC_032650.1,123533620,125861220,125861221,g,ga,1
NC_037328.1,NC_032650.1,123555885,125884016,125884021,t,tccccc,5
NC_037328.1,NC_032650.1,123596007,125924762,125924763,a,ag,1
NC_037328.1,NC_032650.1,123602175,125930932,125930936,A,ATTAM,4
NC_037328.1,NC_032650.1,123695967,126020096,126020098,g,gaa,2
NC_037328.1,NC_032650.1,123704154,126029298,126029299,c,ct,1
NC_037328.1,NC_032650.1,123709713,126034858,126034859,g,ga,1
NC_037328.1,NC_032650.1,123713517,126038663,126038665,G,GGR,2
NC_037328.1,NC_032650.1,123722781,126047930,126047931,t,tg,1
NC_037328.1,NC_032650.1,123723759,126048909,126048918,C,CGTCATTCGa,9
NC_037328.1,NC_032650.1,123731380,126056539,126056542,a,atat,3
NC_037328.1,NC_032650.1,123813279,126138224,126138225,G,GR,1
NC_037328.1,NC_032650.1,123813363,126138309,126138310,C,CT,1
NC_037328.1,NC_032650.1,123827832,126152779,126152781,g,gtt,2
NC_037328.1,NC_032650.1,123845588,126181093,126181095,C,CAA,2
NC_037328.1,NC_032650.1,123871230,126206715,126206716,t,ta,1
NC_037328.1,NC_032650.1,123875287,126210000,126210001,t,tc,1
NC_037328.1,NC_032650.1,123979353,126228686,126228687,A,AG,1
NC_037328.1,NC_032650.1,124068329,126318460,126318461,t,tg,1
NC_037328.1,NC_032650.1,124238515,126354909,126354911,a,agg,2
NC_037328.1,NC_032650.1,124270583,126389393,126389395,t,tta,2
NC_037328.1,NC_032650.1,124277539,126396350,126396354,g,ggaaa,4
NC_037328.1,NC_032650.1,124285407,126404223,126404224,T,TN,1
NC_037328.1,NC_032650.1,124295568,126434164,126434165,a,ac,1
NC_037328.1,NC_032650.1,124296100,126434697,126434698,g,gc,1
NC_037328.1,NC_032650.1,124296320,126434918,126434919,c,ct,1
NC_037328.1,NC_032650.1,124299455,126438053,126438054,G,GK,1
NC_037328.1,NC_032650.1,124299826,126438425,126438427,T,TTC,2
NC_037328.1,NC_032650.1,124302211,126440812,126440813,c,ca,1
NC_037328.1,NC_032650.1,124407577,126545750,126545758,g,ggaaacaca,8
NC_037328.1,NC_032650.1,124411535,126549518,126549519,g,ga,1
NC_037328.1,NC_032650.1,124428808,126566791,126566793,t,tNN,2
NC_037328.1,NC_032650.1,124440982,126578967,126578968,a,at,1
NC_037328.1,NC_032650.1,124478696,126615884,126615885,g,ga,1
NC_037328.1,NC_032650.1,124594152,126631310,126631312,a,att,2
NC_037328.1,NC_032650.1,124595459,126632619,126632620,T,TG,1
NC_037328.1,NC_032650.1,124681112,126718414,126718416,t,ttc,2
NC_037328.1,NC_032650.1,124691738,126728977,126728979,g,gtR,2
NC_037328.1,NC_032650.1,124745629,126782878,126782880,a,aNN,2
NC_037328.1,NC_032650.1,124751735,126789068,126789069,a,ag,1
NC_037328.1,NC_032650.1,124921241,126914164,126914167,c,ccat,3
NC_037328.1,NC_032650.1,124932062,126924989,126924990,t,ta,1
NC_037328.1,NC_032650.1,124941811,126935065,126935066,t,ta,1
NC_037328.1,NC_032650.1,124950015,126944011,126944013,C,CCM,2
NC_037328.1,NC_032650.1,124978746,126972761,126972765,t,taata,4
NC_037328.1,NC_032650.1,124984783,126978803,126978805,A,AAG,2
NC_037328.1,NC_032650.1,125015089,127009111,127009116,A,ACTTAC,5
NC_037328.1,NC_032650.1,125085979,127091149,127091150,a,at,1
NC_037328.1,NC_032650.1,125086516,127091687,127091718,c,ctgNNNNNNNNNNNNNNNNNNNNNNNNNNNNN,31
NC_037328.1,NC_032650.1,125092222,127097564,127097565,G,GC,1
NC_037328.1,NC_032650.1,125110455,127114800,127114802,c,ctt,2
NC_037328.1,NC_032650.1,125119126,127122924,127122927,C,CAGG,3
NC_037328.1,NC_032650.1,125119161,127122962,127122985,G,GAGACTACTTGGTTGGATTTGAGA,23
NC_037328.1,NC_032650.1,125149339,127153329,127153332,c,caaa,3
NC_037328.1,NC_032650.1,125244554,127284666,127284669,A,ASAR,3
NC_037328.1,NC_032650.1,125331348,127371449,127371458,a,atataNNNNN,9
NC_037328.1,NC_032650.1,125341952,127381514,127381516,A,AAC,2
NC_037328.1,NC_032650.1,125388267,127431963,127431967,T,TAGAG,4
NC_037328.1,NC_032650.1,125494586,127536090,127536104,t,tacacacacacacac,14
NC_037328.1,NC_032650.1,125522612,127564121,127564122,T,TK,1
NC_037328.1,NC_032650.1,125527613,127568425,127568426,A,AM,1
NC_037328.1,NC_032650.1,125530359,127571169,127571170,A,AC,1
NC_037328.1,NC_032650.1,125562013,127640981,127640982,a,at,1
NC_037328.1,NC_032650.1,125562017,127602851,127602852,t,tg,1
NC_037328.1,NC_032650.1,125569776,127648746,127648748,c,cct,2
NC_037328.1,NC_032650.1,125580184,127665423,127665425,t,tta,2
NC_037328.1,NC_032650.1,125601515,127686472,127686473,A,AR,1
NC_037328.1,NC_032650.1,125622873,127707816,127707817,a,ac,1
NC_037328.1,NC_032650.1,125661088,127745937,127745939,c,ctg,2
NC_037328.1,NC_032650.1,125663740,127753022,127753026,c,ctttt,4
NC_037328.1,NC_032650.1,125670547,127759818,127759819,a,ag,1
NC_037328.1,NC_032650.1,125701937,127791222,127791223,A,AT,1
NC_037328.1,NC_032650.1,125702263,127791549,127791550,C,CT,1
NC_037328.1,NC_032650.1,125703228,127792515,127792518,C,CGAG,3
NC_037328.1,NC_032650.1,125706269,127795560,127795561,C,CA,1
NC_037328.1,NC_032650.1,125834661,127881080,127881087,G,GATACGGA,7
NC_037328.1,NC_032650.1,125901730,127948055,127948056,c,ca,1
NC_037328.1,NC_032650.1,126080367,128127448,128127449,G,GA,1
NC_037328.1,NC_032650.1,126166915,128263015,128263016,a,at,1
NC_037328.1,NC_032650.1,126195241,128291354,128291355,t,ta,1
NC_037328.1,NC_032650.1,126199009,128295123,128295124,a,ag,1
NC_037328.1,NC_032650.1,126200158,128298494,128298495,c,ca,1
NC_037328.1,NC_032650.1,126255436,128353927,128353928,a,at,1
NC_037328.1,NC_032650.1,126256286,128354778,128354779,c,ct,1
NC_037328.1,NC_032650.1,126267641,128366135,128366140,C,CTCAAA,5
NC_037328.1,NC_032650.1,126420171,128521140,128521142,g,ggt,2
NC_037328.1,NC_032650.1,126427433,128528405,128528407,c,cat,2
NC_037328.1,NC_032650.1,126429042,128530016,128530019,t,taga,3
NC_037328.1,NC_032650.1,126754180,128856340,128856360,t,tgatatatatatatatatata,20
NC_037328.1,NC_032650.1,126755584,128857764,128857766,C,CAG,2
NC_037328.1,NC_032650.1,126760394,128863019,128863032,T,TAGTTGGATTTGRA,13
NC_037328.1,NC_032650.1,126769614,128872256,128872257,G,GA,1
NC_037328.1,NC_032650.1,126795693,128898335,128898336,A,AR,1
NC_037328.1,NC_032650.1,126805268,128907912,128907913,g,gt,1
NC_037328.1,NC_032650.1,126988790,129106974,129106975,A,AR,1
NC_037328.1,NC_032650.1,127032638,129150821,129150822,G,GR,1
NC_037328.1,NC_032650.1,127032690,129150874,129150875,C,CA,1
NC_037328.1,NC_032650.1,127088594,129205754,129205755,A,AC,1
NC_037328.1,NC_032650.1,127093772,129210932,129210933,A,AT,1
NC_037328.1,NC_032650.1,127094425,129211586,129211598,a,agagttggactgt,12
NC_037328.1,NC_032650.1,127108220,129229297,129229298,a,at,1
NC_037328.1,NC_032650.1,127127260,129248199,129248200,A,AC,1
NC_037328.1,NC_032650.1,127129787,129250728,129250729,t,ta,1
NC_037328.1,NC_032650.1,127158065,129279026,129279030,a,aNNNN,4
NC_037328.1,NC_032650.1,127175106,129296071,129296074,A,ACTT,3
NC_037328.1,NC_032650.1,127186107,129307083,129307086,A,ATCC,3
NC_037328.1,NC_032650.1,127187024,129308001,129308002,t,tg,1
NC_037328.1,NC_032650.1,127201614,129322608,129322610,A,AAC,2
NC_037328.1,NC_032650.1,127209406,129330433,129330438,t,tttgta,5
NC_037328.1,NC_032650.1,127320990,129495815,129495818,a,aatt,3
NC_037328.1,NC_032650.1,127374381,129548524,129548525,A,AM,1
NC_037328.1,NC_032650.1,127379099,129553243,129553245,c,cat,2
NC_037328.1,NC_032650.1,127383795,129557944,129557945,A,AC,1
NC_037328.1,NC_032650.1,127386708,129560860,129560861,a,at,1
NC_037328.1,NC_032650.1,127394593,129568746,129568748,T,TTC,2
NC_037328.1,NC_032650.1,127464803,129638341,129638343,A,AAC,2
NC_037328.1,NC_032650.1,127477340,129650889,129650890,A,AR,1
NC_037328.1,NC_032650.1,127477851,129651375,129651381,G,GTTAATA,6
NC_037328.1,NC_032650.1,127481090,129654615,129654616,a,ac,1
NC_037328.1,NC_032650.1,127482541,129656066,129656068,c,cgg,2
NC_037328.1,NC_032650.1,127646055,129823469,129823470,g,gc,1
NC_037328.1,NC_032650.1,127685945,129863248,129863249,C,CA,1
NC_037328.1,NC_032650.1,127780328,129957495,129957496,g,gt,1
NC_037328.1,NC_032650.1,127829286,130006453,130006455,c,cat,2
NC_037328.1,NC_032650.1,127911982,130089163,130089164,A,AG,1
NC_037328.1,NC_032650.1,127940026,130117209,130117210,G,GK,1
NC_037328.1,NC_032650.1,127940653,130117837,130117840,a,aaac,3
NC_037328.1,NC_032650.1,127991222,130168434,130168450,a,agttcacccaaactcat,16
NC_037328.1,NC_032650.1,128018902,130196135,130196136,a,at,1
NC_037328.1,NC_032650.1,128051255,130228386,130228387,T,TG,1
NC_037328.1,NC_032650.1,128061933,130239061,130239062,t,tc,1
NC_037328.1,NC_032650.1,128062514,130239643,130239662,g,gtctttagatattctgttac,19
NC_037328.1,NC_032650.1,128099896,130277089,130277090,C,CG,1
NC_037328.1,NC_032650.1,128107885,130285401,130285402,c,ca,1
NC_037328.1,NC_032650.1,128120647,130298164,130298165,g,gc,1
NC_037328.1,NC_032650.1,128127448,130304965,130304970,A,ATAAGT,5
NC_037328.1,NC_032650.1,128143812,130321382,130321385,A,AATC,3
NC_037328.1,NC_032650.1,128149177,130326747,130326771,a,acagaaatcacattgattatattct,24
NC_037328.1,NC_032650.1,128150182,130327776,130327777,a,at,1
NC_037328.1,NC_032650.1,128155028,130332627,130332628,T,TW,1
NC_037328.1,NC_032650.1,128192594,130390515,130390516,G,GC,1
NC_037328.1,NC_032650.1,128254485,130452440,130452443,C,CTGT,3
NC_037328.1,NC_032650.1,128256834,130454795,130454797,t,ttc,2
NC_037328.1,NC_032650.1,128258621,130456597,130456598,c,ct,1
NC_037328.1,NC_032650.1,128265912,130463774,130463775,A,AG,1
NC_037328.1,NC_032650.1,128269964,130467821,130467823,c,ctg,2
NC_037328.1,NC_032650.1,128280690,130479122,130479123,t,tg,1
NC_037328.1,NC_032650.1,128281098,130479532,130479535,C,CAAT,3
NC_037328.1,NC_032650.1,128293444,130491889,130491891,g,gaa,2
NC_037328.1,NC_032650.1,128314193,130514382,130514385,C,CTTA,3
NC_037328.1,NC_032650.1,128323522,130523702,130523703,A,AW,1
NC_037328.1,NC_032650.1,128331703,130532676,130532677,a,ag,1
NC_037328.1,NC_032650.1,128331917,130532891,130532892,g,ga,1
NC_037328.1,NC_032650.1,128332498,130533473,130533474,C,CT,1
NC_037328.1,NC_032650.1,128334556,130535534,130535535,G,GA,1
NC_037328.1,NC_032650.1,128335605,130536585,130536586,T,TA,1
NC_037328.1,NC_032650.1,128337806,130538781,130538782,A,AT,1
NC_037328.1,NC_032650.1,128346313,130547335,130547336,G,GR,1
NC_037328.1,NC_032650.1,128404098,130603906,130603907,T,TA,1
NC_037328.1,NC_032650.1,128421091,130620916,130620917,T,TC,1
NC_037328.1,NC_032650.1,128443123,130641328,130641329,A,AC,1
NC_037328.1,NC_032650.1,128603446,130796917,130796918,G,GR,1
NC_037328.1,NC_032650.1,128605760,130799232,130799233,t,tc,1
NC_037328.1,NC_032650.1,128612136,130805611,130805613,A,AAT,2
NC_037328.1,NC_032650.1,128619894,130813381,130813382,t,ta,1
NC_037328.1,NC_032650.1,128645629,130839113,130839118,G,GTACTT,5
NC_037328.1,NC_032650.1,128646348,130839816,130839818,a,act,2
NC_037328.1,NC_032650.1,128663646,130857093,130857094,c,ca,1
NC_037328.1,NC_032650.1,128679337,130872783,130872785,t,ttg,2
NC_037328.1,NC_032650.1,128679912,130873361,130873362,A,AR,1
NC_037328.1,NC_032650.1,128681987,130875439,130875440,a,at,1
NC_037328.1,NC_032650.1,128700439,130893876,130893878,g,gaa,2
NC_037328.1,NC_032650.1,128735658,130929096,130929097,T,TG,1
NC_037328.1,NC_032650.1,128737173,130930620,130930621,A,AG,1
NC_037328.1,NC_032650.1,128742301,130935737,130935750,a,acaaaaaaaaaccc,13
NC_037328.1,NC_032650.1,128748038,130941487,130941488,g,ga,1
NC_037328.1,NC_032650.1,128750979,130944430,130944431,A,AT,1
NC_037328.1,NC_032650.1,128754182,130947633,130947634,G,GT,1
NC_037328.1,NC_032650.1,128770562,130964009,130964010,a,at,1
NC_037328.1,NC_032650.1,128772082,130965526,130965527,G,GA,1
NC_037328.1,NC_032650.1,128772154,130965599,130965600,G,GA,1
NC_037328.1,NC_032650.1,128799325,130992666,130992667,C,CT,1
NC_037328.1,NC_032650.1,128805971,130999313,130999314,C,CR,1
NC_037328.1,NC_032650.1,128823458,131029927,131029928,g,ga,1
NC_037328.1,NC_032650.1,128840619,131046691,131046692,c,ct,1
NC_037328.1,NC_032650.1,128840653,131046726,131046728,a,aag,2
NC_037328.1,NC_032650.1,128882141,131137942,131137943,c,ca,1
NC_037328.1,NC_032650.1,128885977,131141769,131141774,A,ATAWYC,5
NC_037328.1,NC_032650.1,128895041,131150835,131150837,G,GGA,2
NC_037328.1,NC_032650.1,128902280,131158076,131158079,a,aaat,3
NC_037328.1,NC_032650.1,128938599,131194397,131194398,T,TM,1
NC_037328.1,NC_032650.1,128940582,131196381,131196382,A,AT,1
NC_037328.1,NC_032650.1,128941722,131197522,131197523,a,ag,1
NC_037328.1,NC_032650.1,128944094,131199887,131199888,T,TY,1
NC_037328.1,NC_032650.1,128945047,131200840,131200841,A,AG,1
NC_037328.1,NC_032650.1,129256665,131513917,131513918,g,gt,1
NC_037328.1,NC_032650.1,129256726,131513979,131513999,t,ttggggtgactttgggcagcc,20
NC_037328.1,NC_032650.1,129256867,131514140,131514157,t,tgttccctggagtcagga,17
NC_037328.1,NC_032650.1,129279854,131537146,131537147,a,at,1
NC_037328.1,NC_032650.1,129612673,131894279,131894280,a,at,1
NC_037328.1,NC_032650.1,129671385,131952806,131952807,A,AM,1
NC_037328.1,NC_032650.1,130240709,132144038,132144039,t,tg,1
NC_037328.1,NC_032650.1,130280502,132183925,132183926,g,gt,1
NC_037328.1,NC_032650.1,130359010,132265237,132265238,g,gt,1
NC_037328.1,NC_032650.1,130360181,132266409,132266412,A,ACAT,3
NC_037328.1,NC_032650.1,130401444,132307642,132307643,g,gt,1
NC_037328.1,NC_032650.1,130419982,132326186,132326187,T,TN,1
NC_037328.1,NC_032650.1,130440368,132346567,132346573,T,TTAAGAA,6
NC_037328.1,NC_032650.1,130442988,132349194,132349195,C,CA,1
NC_037328.1,NC_032650.1,130446579,132352786,132352787,T,TA,1
NC_037328.1,NC_032650.1,130448514,132354723,132354724,t,tK,1
NC_037328.1,NC_032650.1,130489969,132396186,132396187,c,ca,1
NC_037328.1,NC_032650.1,130490116,132396333,132396334,c,ca,1
NC_037328.1,NC_032650.1,130650075,132614426,132614436,a,agaatctcatg,10
NC_037328.1,NC_032650.1,130651932,132616289,132616290,T,TA,1
NC_037328.1,NC_032650.1,130658847,132623228,132623229,G,GS,1
NC_037328.1,NC_032650.1,130658975,132623357,132623358,T,TA,1
NC_037328.1,NC_032650.1,130659481,132623864,132623868,C,CCTGA,4
NC_037328.1,NC_032650.1,130677958,132642347,132642348,a,ac,1
NC_037328.1,NC_032650.1,130706538,132670926,132670927,A,AG,1
NC_037328.1,NC_032650.1,130717647,132682043,132682044,A,AC,1
NC_037328.1,NC_032650.1,130730708,132732792,132732793,T,TG,1
NC_037328.1,NC_032650.1,130738591,132742738,132742740,c,cca,2
NC_037328.1,NC_032650.1,130742408,132746563,132746565,A,AAT,2
NC_037328.1,NC_032650.1,130745843,132750004,132750007,C,CAGA,3
NC_037328.1,NC_032650.1,130790762,132794943,132794944,t,tg,1
NC_037328.1,NC_032650.1,130867140,132875578,132875579,A,AW,1
NC_037328.1,NC_032650.1,130955563,132964005,132964006,a,ag,1
NC_037328.1,NC_032650.1,130971742,132980186,132980188,T,TNN,2
NC_037328.1,NC_032650.1,130973757,132982203,132982220,g,gtagGTCTCTGGAATTTT,17
NC_037328.1,NC_032650.1,130973986,132982449,132982450,A,AC,1
NC_037328.1,NC_032650.1,130978785,132987260,132987261,a,ag,1
NC_037328.1,NC_032650.1,130986160,132994630,132994632,a,act,2
NC_037328.1,NC_032650.1,130995433,133003910,133003911,g,gT,1
NC_037328.1,NC_032650.1,131260587,133309396,133309397,T,TC,1
NC_037328.1,NC_032650.1,131915339,133961392,133961393,A,AT,1
NC_037328.1,NC_032650.1,131965938,134011760,134011761,C,CA,1
NC_037328.1,NC_032650.1,132066110,134111825,134111827,t,tNN,2
NC_037328.1,NC_032650.1,132131413,134195844,134195845,C,CN,1
NC_037328.1,NC_032650.1,132131677,134196101,134196102,T,TK,1
NC_037328.1,NC_032650.1,132161237,134225677,134225678,t,tc,1
NC_037328.1,NC_032650.1,132161295,134225736,134225751,c,ctatgtgtgaaagtga,15
NC_037328.1,NC_032650.1,132163419,134227877,134227878,A,AK,1
NC_037328.1,NC_032650.1,132165852,134230313,134230314,A,AC,1
NC_037328.1,NC_032650.1,132182385,134246775,134246776,A,AC,1
NC_037328.1,NC_032650.1,132194235,134258629,134258633,C,CCAGA,4
NC_037328.1,NC_032650.1,132197686,134261679,134261682,t,taaa,3
NC_037328.1,NC_032650.1,132233823,134297826,134297827,G,GA,1
NC_037328.1,NC_032650.1,132373402,134438182,134438183,G,GA,1
NC_037328.1,NC_032650.1,132375917,134440695,134440696,t,ta,1
NC_037328.1,NC_032650.1,132489095,134552516,134552517,t,tN,1
NC_037328.1,NC_032650.1,132528722,134592070,134592071,t,tg,1
NC_037328.1,NC_032650.1,132633469,134758403,134758407,a,agagc,4
NC_037328.1,NC_032650.1,132698476,134824681,134824703,T,TAAGATGTCAGAAAGTTTTTAAG,22
NC_037328.1,NC_032650.1,132770092,134896361,134896362,t,tc,1
NC_037328.1,NC_032650.1,132834210,134949643,134949644,G,GR,1
NC_037328.1,NC_032650.1,132887239,135012031,135012034,A,ATAC,3
NC_037328.1,NC_032650.1,132888724,135013519,135013523,A,ATAAG,4
NC_037328.1,NC_032650.1,132911298,135036300,135036303,G,GACT,3
NC_037328.1,NC_032650.1,132964606,135089619,135089627,G,GAAGACTAC,8
NC_037328.1,NC_032650.1,132973066,135098116,135098117,A,AT,1
NC_037328.1,NC_032650.1,132992973,135118024,135118025,t,ta,1
NC_037328.1,NC_032650.1,133126440,135252639,135252641,c,cag,2
NC_037328.1,NC_032650.1,133155000,135281200,135281201,t,tc,1
NC_037328.1,NC_032650.1,133172321,135547904,135547907,t,ttca,3
NC_037328.1,NC_032650.1,133191676,135379945,135379946,t,ta,1
NC_037328.1,NC_032650.1,133266165,135355668,135355675,a,aaaaaaac,7
NC_037328.1,NC_032650.1,133325283,135555876,135555878,c,caa,2
NC_037328.1,NC_032650.1,133444700,135447751,135447752,c,ct,1
NC_037328.1,NC_032650.1,133445226,135448277,135448283,t,tctgaca,6
NC_037328.1,NC_032650.1,133446536,135449593,135449594,c,ct,1
NC_037328.1,NC_032650.1,133447065,135450124,135450141,g,ggggtattagttctaaaa,17
NC_037328.1,NC_032650.1,133450488,135453562,135453563,c,ca,1
NC_037328.1,NC_032650.1,133501517,135752891,135752892,G,GA,1
NC_037328.1,NC_032650.1,133591739,135884154,135884156,t,ttg,2
NC_037328.1,NC_032650.1,133592903,135885319,135885320,t,tg,1
NC_037328.1,NC_032650.1,133597017,135889422,135889424,c,ctt,2
NC_037328.1,NC_032650.1,133614737,135907144,135907145,G,GC,1
NC_037328.1,NC_032650.1,133622182,135914590,135914591,t,tc,1
NC_037328.1,NC_032650.1,133627692,135919910,135919911,a,at,1
NC_037328.1,NC_032650.1,133666449,135958345,135958349,g,gggaK,4
NC_037328.1,NC_032650.1,133676098,135968046,135968058,t,tatatatatataY,12
NC_037328.1,NC_032650.1,133693250,135985147,135985157,t,ttgtgtctatg,10
NC_037328.1,NC_032650.1,133714242,136006359,136006361,t,tca,2
NC_037328.1,NC_032650.1,133763855,136055679,136055680,a,at,1
NC_037328.1,NC_032650.1,133864382,136156192,136156195,g,gttt,3
NC_037328.1,NC_032650.1,133886522,136169124,136169128,c,ctcta,4
NC_037328.1,NC_032650.1,133894055,136176663,136176664,a,ag,1
NC_037328.1,NC_032650.1,133907025,136189632,136189636,t,tgata,4
NC_037328.1,NC_032650.1,133907077,136189688,136189689,a,ac,1
NC_037328.1,NC_032650.1,133920228,136200675,136200680,a,agatag,5
NC_037328.1,NC_032650.1,133923156,136203607,136203608,A,AC,1
NC_037328.1,NC_032650.1,133924409,136204861,136204862,t,tK,1
NC_037328.1,NC_032650.1,133930715,136211158,136211159,A,AR,1
NC_037328.1,NC_032650.1,133931853,136212301,136212305,T,TAGAC,4
NC_037328.1,NC_032650.1,133963527,136243591,136243592,T,TW,1
NC_037328.1,NC_032650.1,133985808,136265879,136265880,T,TG,1
NC_037328.1,NC_032650.1,134007642,136287719,136287721,a,aRG,2
NC_037328.1,NC_032650.1,134125599,136406208,136406212,t,tNNNN,4
NC_037328.1,NC_032650.1,134128545,136409160,136409161,a,at,1
NC_037328.1,NC_032650.1,134199156,136479697,136479705,a,aNNNNNNNN,8
NC_037328.1,NC_032650.1,134222095,136502643,136502645,c,caa,2
NC_037328.1,NC_032650.1,134282585,136605437,136605440,c,cagg,3
NC_037328.1,NC_032650.1,134321050,136643910,136643912,a,aNN,2
NC_037328.1,NC_032650.1,134336179,136660567,136660568,t,tc,1
NC_037328.1,NC_032650.1,134347285,136671632,136671633,c,ct,1
NC_037328.1,NC_032650.1,134350208,136674555,136674556,c,ct,1
NC_037328.1,NC_032650.1,134352938,136677285,136677286,T,TC,1
NC_037328.1,NC_032650.1,134360747,136685097,136685098,G,GT,1
NC_037328.1,NC_032650.1,134367780,136692135,136692136,t,ta,1
NC_037328.1,NC_032650.1,134368788,136693144,136693145,a,aR,1
NC_037328.1,NC_032650.1,134391087,136715448,136715449,t,tW,1
NC_037328.1,NC_032650.1,134413135,136737496,136737497,c,ct,1
NC_037328.1,NC_032650.1,134415847,136740210,136740211,g,ga,1
NC_037328.1,NC_032650.1,134420282,136744659,136744660,C,CT,1
NC_037328.1,NC_032650.1,134476369,136800751,136800752,t,ta,1
NC_037328.1,NC_032650.1,134484169,136808551,136808553,C,CYY,2
NC_037328.1,NC_032650.1,134494820,136819212,136819213,A,AC,1
NC_037328.1,NC_032650.1,134497088,136821481,136821482,t,tc,1
NC_037328.1,NC_032650.1,134530965,136855058,136855059,G,GC,1
NC_037328.1,NC_032650.1,134593018,136916642,136916643,T,TW,1
NC_037328.1,NC_032650.1,134767360,137095261,137095262,G,GR,1
NC_037328.1,NC_032650.1,134776222,137104124,137104125,T,TK,1
NC_037328.1,NC_032650.1,134784244,137112148,137112149,g,ga,1
NC_037328.1,NC_032650.1,134803581,137131485,137131486,A,AS,1
NC_037328.1,NC_032650.1,134944656,137272301,137272302,T,TC,1
NC_037328.1,NC_032650.1,134955344,137282990,137282991,c,ca,1
NC_037328.1,NC_032650.1,134955358,137283005,137283006,a,ac,1
NC_037328.1,NC_032650.1,135012425,137340083,137340089,t,tcttctg,6
NC_037328.1,NC_032650.1,135104313,137426475,137426477,C,CTG,2
NC_037328.1,NC_032650.1,135142049,137464193,137464195,G,GTT,2
NC_037328.1,NC_032650.1,135162274,137484420,137484422,g,gtt,2
NC_037328.1,NC_032650.1,135170860,137493009,137493038,g,gccaaagtaatggagcttcagcttcagcat,29
NC_037328.1,NC_032650.1,135180214,137502391,137502392,A,AW,1
NC_037328.1,NC_032650.1,135181052,137503229,137503230,C,CY,1
NC_037328.1,NC_032650.1,135284187,137656381,137656383,G,GGA,2
NC_037328.1,NC_032650.1,135305800,137677996,137677997,G,GA,1
NC_037328.1,NC_032650.1,135308028,137680224,137680237,G,GAATGTAGTCTGCC,13
NC_037328.1,NC_032650.1,135309694,137681903,137681911,T,TTGGGCTCC,8
NC_037328.1,NC_032650.1,135314643,137686860,137686875,G,GTTGCAGCCTCTAAAT,15
NC_037328.1,NC_032650.1,135315211,137687443,137687444,C,CG,1
NC_037328.1,NC_032650.1,135318548,137690781,137690782,C,CA,1
NC_037328.1,NC_032650.1,135318783,137691017,137691018,G,GT,1
NC_037328.1,NC_032650.1,135319257,137691507,137691514,C,CCCCMACT,7
NC_037328.1,NC_032650.1,135328679,137701276,137701277,G,GS,1
NC_037328.1,NC_032650.1,135368678,137741551,137741556,A,AATGTT,5
NC_037328.1,NC_032650.1,135372125,137745004,137745005,a,ag,1
NC_037328.1,NC_032650.1,135409922,137782867,137782868,C,CG,1
NC_037328.1,NC_032650.1,135469446,137842472,137842473,A,AG,1
NC_037328.1,NC_032650.1,135521285,137894762,137894766,A,ACACT,4
NC_037328.1,NC_032650.1,135665756,137948050,137948052,C,CAG,2
NC_037328.1,NC_032650.1,135673270,137955567,137955569,A,ATG,2
NC_037328.1,NC_032650.1,135942357,138064751,138064753,C,CTA,2
NC_037328.1,NC_032650.1,135942608,138065004,138065005,t,tW,1
NC_037328.1,NC_032650.1,135942618,138065015,138065016,t,ta,1
NC_037328.1,NC_032650.1,135946656,138080622,138080623,g,ga,1
NC_037328.1,NC_032650.1,135973877,138107520,138107521,G,GK,1
NC_037328.1,NC_032650.1,135987735,138121386,138121387,C,CY,1
NC_037328.1,NC_032650.1,135989743,138123397,138123399,C,CYA,2
NC_037328.1,NC_032650.1,136002889,138136555,138136556,A,AG,1
NC_037328.1,NC_032650.1,136059543,138192611,138192614,c,ccct,3
NC_037328.1,NC_032650.1,136081724,138214790,138214791,c,ct,1
NC_037328.1,NC_032650.1,136083708,138216775,138216778,a,aaac,3
NC_037328.1,NC_032650.1,136085166,138218234,138218235,g,ga,1
NC_037328.1,NC_032650.1,136108445,138241569,138241570,t,ta,1
NC_037328.1,NC_032650.1,136108445,138292481,138292482,t,ta,1
NC_037328.1,NC_032650.1,136116615,138300646,138300649,c,cagg,3
NC_037328.1,NC_032650.1,136135436,138319469,138319471,t,taa,2
NC_037328.1,NC_032650.1,136137456,138321491,138321495,G,GGGGA,4
NC_037328.1,NC_032650.1,136223031,138407079,138407080,g,ga,1
NC_037328.1,NC_032650.1,136244360,138428412,138428413,G,GS,1
NC_037328.1,NC_032650.1,136435506,138619813,138619814,C,CA,1
NC_037328.1,NC_032650.1,136439341,138623651,138623652,C,CT,1
NC_037328.1,NC_032650.1,136504086,138688400,138688402,A,AGS,2
NC_037328.1,NC_032650.1,136536220,138720332,138720333,t,ta,1
NC_037328.1,NC_032650.1,136548377,138732200,138732223,a,aaaaNNNNNNNNNNNNNNNNNNNN,23
NC_037328.1,NC_032650.1,136556929,138740775,138740776,G,GR,1
NC_037328.1,NC_032650.1,136621796,138789931,138789932,t,tg,1
NC_037328.1,NC_032650.1,136666569,138834723,138834729,a,aNNNNNN,6
NC_037328.1,NC_032650.1,136675119,138843279,138843289,C,CTGATGTCATT,10
NC_037328.1,NC_032650.1,136720018,138892791,138892792,a,ag,1
NC_037328.1,NC_032650.1,136720041,138892815,138892816,t,ta,1
NC_037328.1,NC_032650.1,136730545,138903323,138903329,a,atatatg,6
NC_037328.1,NC_032650.1,136926176,139098756,139098757,t,ta,1
NC_037328.1,NC_032650.1,136960288,139132793,139132794,g,gt,1
NC_037328.1,NC_032650.1,136992394,139164924,139164928,t,tacac,4
NC_037328.1,NC_032650.1,137044273,139216622,139216623,c,ca,1
NC_037328.1,NC_032650.1,137119053,139291396,139291397,g,gt,1
NC_037328.1,NC_032650.1,137147292,139320360,139320361,g,gc,1
NC_037328.1,NC_032650.1,137170049,139343122,139343123,t,ta,1
NC_037328.1,NC_032650.1,137275638,139448736,139448737,a,aN,1
NC_037328.1,NC_032650.1,137311265,139484371,139484372,T,TW,1
NC_037328.1,NC_032650.1,137325433,139498539,139498549,a,atacttatttc,10
NC_037328.1,NC_032650.1,137334040,139507040,139507041,t,tc,1
NC_037328.1,NC_032650.1,137339693,139512690,139512691,a,ac,1
NC_037328.1,NC_032650.1,137342124,139514935,139514936,T,TY,1
NC_037328.1,NC_032650.1,137350366,139524607,139524608,T,TG,1
NC_037328.1,NC_032650.1,137352679,139526921,139526922,a,at,1
NC_037328.1,NC_032650.1,137355978,139530221,139530222,c,cg,1
NC_037328.1,NC_032650.1,137360868,139535111,139535126,G,GCCCCCCCACGCCCCR,15
NC_037328.1,NC_032650.1,137377736,139552045,139552046,t,tg,1
NC_037328.1,NC_032650.1,137421348,139593964,139593965,a,ac,1
NC_037328.1,NC_032650.1,137429658,139602275,139602276,g,gc,1
NC_037328.1,NC_032650.1,137449687,139622294,139622296,t,tta,2
NC_037328.1,NC_032650.1,137459463,139632067,139632068,g,gt,1
NC_037328.1,NC_032650.1,137464904,139637521,139637522,g,ga,1
NC_037328.1,NC_032650.1,137609207,139782032,139782033,a,ag,1
NC_037328.1,NC_032650.1,137621135,139792551,139792552,g,gc,1
NC_037328.1,NC_032650.1,137621336,139792753,139792754,c,ca,1
NC_037328.1,NC_032650.1,137621636,139793045,139793057,t,tatacagccttga,12
NC_037328.1,NC_032650.1,137738124,139903022,139903023,T,TA,1
NC_037328.1,NC_032650.1,137740906,139905815,139905816,c,cg,1
NC_037328.1,NC_032650.1,137744537,139909445,139909447,a,agt,2
NC_037328.1,NC_032650.1,137783635,139948546,139948563,T,TAGNNNNNNNNNNNNNNN,17
NC_037328.1,NC_032650.1,137839762,140005090,140005095,T,TTTAAC,5
NC_037328.1,NC_032650.1,137880927,140046246,140046248,c,caa,2
NC_037328.1,NC_032650.1,137917562,140082393,140082394,C,CG,1
NC_037328.1,NC_032650.1,137924733,140089566,140089569,c,ctca,3
NC_037328.1,NC_032650.1,137946256,140109883,140109884,A,AG,1
NC_037328.1,NC_032650.1,137995377,140159056,140159057,g,ga,1
NC_037328.1,NC_032650.1,138009579,140173256,140173257,g,gt,1
NC_037328.1,NC_032650.1,138012963,140176640,140176643,a,actt,3
NC_037328.1,NC_032650.1,138012970,140176650,140176651,t,tg,1
NC_037328.1,NC_032650.1,138042284,140208053,140208054,g,ga,1
NC_037328.1,NC_032650.1,138043910,140209677,140209678,G,GY,1
NC_037328.1,NC_032650.1,138051802,140217563,140217564,T,TC,1
NC_037328.1,NC_032650.1,138060679,140226471,140226472,A,AG,1
NC_037328.1,NC_032650.1,138062834,140228627,140228628,T,TN,1
NC_037328.1,NC_032650.1,138066693,140232307,140232308,g,ga,1
NC_037328.1,NC_032650.1,138071198,140236815,140236816,a,aW,1
NC_037328.1,NC_032650.1,138082418,140248036,140248037,C,CT,1
NC_037328.1,NC_032650.1,138089066,140254690,140254691,t,tg,1
NC_037328.1,NC_032650.1,138105548,140271164,140271165,t,tc,1
NC_037328.1,NC_032650.1,138107327,140272941,140272942,c,ct,1
NC_037328.1,NC_032650.1,138109074,140274679,140274681,c,ctt,2
NC_037328.1,NC_032650.1,138110598,140276206,140276207,g,ga,1
NC_037328.1,NC_032650.1,138110623,140276232,140276233,t,ta,1
NC_037328.1,NC_032650.1,138110722,140276332,140276333,a,ag,1
NC_037328.1,NC_032650.1,138110906,140276512,140276517,a,aaaaag,5
NC_037328.1,NC_032650.1,138111455,140277064,140277066,a,acc,2
NC_037328.1,NC_032650.1,138148328,140313754,140313756,G,GGC,2
NC_037328.1,NC_032650.1,138152641,140318070,140318071,A,AG,1
NC_037328.1,NC_032650.1,138231135,140397431,140397432,c,ca,1
NC_037328.1,NC_032650.1,138233482,140399783,140399785,C,CTS,2
NC_037328.1,NC_032650.1,138238970,140405317,140405318,C,CY,1
NC_037328.1,NC_032650.1,138245079,140411428,140411429,C,CY,1
NC_037328.1,NC_032650.1,138266025,140432370,140432371,A,AY,1
NC_037328.1,NC_032650.1,138266751,140433097,140433098,t,ta,1
NC_037328.1,NC_032650.1,138272788,140438817,140438818,A,AT,1
NC_037328.1,NC_032650.1,138272905,140438935,140438936,T,TY,1
NC_037328.1,NC_032650.1,138281510,140447616,140447617,t,tg,1
NC_037328.1,NC_032650.1,138289873,140461637,140461638,t,ta,1
NC_037328.1,NC_032650.1,138313922,140485682,140485683,C,CN,1
NC_037328.1,NC_032650.1,138315000,140486762,140486763,c,ct,1
NC_037328.1,NC_032650.1,138323410,140493939,140493941,C,CAT,2
NC_037328.1,NC_032650.1,138326641,140497168,140497169,c,cg,1
NC_037328.1,NC_032650.1,138331312,140501846,140501847,G,GR,1
NC_037328.1,NC_032650.1,138333855,140504398,140504399,T,TC,1
NC_037328.1,NC_032650.1,138335475,140506020,140506021,T,TA,1
NC_037328.1,NC_032650.1,138335480,140506026,140506028,C,CAA,2
NC_037328.1,NC_032650.1,138343724,140514298,140514299,T,TC,1
NC_037328.1,NC_032650.1,138357348,140527924,140527925,a,at,1
NC_037328.1,NC_032650.1,138360318,140530896,140530897,t,tg,1
NC_037328.1,NC_032650.1,138360695,140531274,140531275,a,ac,1
NC_037328.1,NC_032650.1,138362739,140533320,140533321,T,TG,1
NC_037328.1,NC_032650.1,138364477,140535059,140535061,A,AAT,2
NC_037328.1,NC_032650.1,138365467,140536055,140536056,a,ac,1
NC_037328.1,NC_032650.1,138414897,140585119,140585120,t,tR,1
NC_037328.1,NC_032650.1,138597029,140788126,140788128,t,tNN,2
NC_037328.1,NC_032650.1,138602048,140793146,140793155,g,gatgttgagc,9
NC_037328.1,NC_032650.1,138610245,140801354,140801358,c,catct,4
NC_037328.1,NC_032650.1,138642321,140834044,140834052,T,TTTTGATCC,8
NC_037328.1,NC_032650.1,138792208,141041146,141041147,C,CG,1
NC_037328.1,NC_032650.1,138793340,141042280,141042281,A,AR,1
NC_037328.1,NC_032650.1,138798361,141046772,141046774,c,cca,2
NC_037328.1,NC_032650.1,138812359,141060767,141060768,t,tg,1
NC_037328.1,NC_032650.1,138823670,141072079,141072080,g,ga,1
NC_037328.1,NC_032650.1,138827529,141075939,141075947,A,AACAACTGC,8
NC_037328.1,NC_032650.1,138828097,141076515,141076518,A,AATC,3
NC_037328.1,NC_032650.1,138925483,141175046,141175047,A,AG,1
NC_037328.1,NC_032650.1,138953763,141202974,141202975,a,at,1
NC_037328.1,NC_032650.1,139041656,141293476,141293477,g,ga,1
NC_037328.1,NC_032650.1,139046657,141298478,141298501,A,AWAAAAAAAAATGTCGTCATCTCG,23
NC_037328.1,NC_032650.1,139054392,141306245,141306246,C,CY,1
NC_037328.1,NC_032650.1,139058544,141310392,141310393,g,ga,1
NC_037328.1,NC_032650.1,139059380,141311230,141311231,t,tg,1
NC_037328.1,NC_032650.1,139060849,141312703,141312705,a,aac,2
NC_037328.1,NC_032650.1,139065414,141317275,141317278,C,CGTG,3
NC_037328.1,NC_032650.1,139072812,141324674,141324675,T,TA,1
NC_037328.1,NC_032650.1,139116277,141369383,141369384,T,TW,1
NC_037328.1,NC_032650.1,139145526,141398714,141398715,t,tg,1
NC_037328.1,NC_032650.1,139156494,141409686,141409687,a,at,1
NC_037328.1,NC_032650.1,139176151,141429000,141429001,t,tc,1
NC_037328.1,NC_032650.1,139179369,141432220,141432221,T,TC,1
NC_037328.1,NC_032650.1,139188972,141441823,141441825,c,cca,2
NC_037328.1,NC_032650.1,139211035,141463883,141463884,a,at,1
NC_037328.1,NC_032650.1,139223889,141476738,141476742,a,aactg,4
NC_037328.1,NC_032650.1,139415801,141668664,141668665,t,tc,1
NC_037328.1,NC_032650.1,139459956,141712818,141712819,a,at,1
NC_037328.1,NC_032650.1,139490068,141742946,141742947,T,TA,1
NC_037328.1,NC_032650.1,139519887,141772773,141772774,t,tW,1
NC_037328.1,NC_032650.1,139521417,141774304,141774306,t,tta,2
NC_037328.1,NC_032650.1,139851789,142234762,142234763,t,tc,1
NC_037328.1,NC_032650.1,139875225,142258192,142258193,g,ga,1
NC_037328.1,NC_032650.1,139875424,142258391,142258392,A,AK,1
NC_037328.1,NC_032650.1,139884669,142267637,142267638,C,CG,1
NC_037328.1,NC_032650.1,140126241,142555209,142555210,T,TN,1
NC_037328.1,NC_032650.1,140171196,142599997,142600001,a,aNNNN,4
NC_037328.1,NC_032650.1,140272060,142700746,142700747,a,at,1
NC_037328.1,NC_032650.1,140273082,142701766,142701769,C,CCAG,3
NC_037328.1,NC_032650.1,140273632,142702320,142702321,G,GR,1
NC_037328.1,NC_032650.1,140276766,142705455,142705456,c,ca,1
NC_037328.1,NC_032650.1,140303785,142732471,142732474,c,cttt,3
NC_037328.1,NC_032650.1,140309316,142738005,142738006,G,GR,1
NC_037328.1,NC_032650.1,140316784,142745329,142745330,T,TC,1
NC_037328.1,NC_032650.1,140318256,142746802,142746804,C,CTT,2
NC_037328.1,NC_032650.1,140367069,142800625,142800635,a,aacctagacag,10
NC_037328.1,NC_032650.1,140376402,142810048,142810049,G,GT,1
NC_037328.1,NC_032650.1,140393934,142827573,142827576,t,tttg,3
NC_037328.1,NC_032650.1,140394083,142827725,142827726,a,ag,1
NC_037328.1,NC_032650.1,140394822,142828465,142828467,C,CAG,2
NC_037328.1,NC_032650.1,140401139,142834781,142834782,G,GY,1
NC_037328.1,NC_032650.1,140420388,142854050,142854051,C,CS,1
NC_037328.1,NC_032650.1,140459738,142915540,142915542,A,ATG,2
NC_037328.1,NC_032650.1,140498256,142954059,142954061,A,AAT,2
NC_037328.1,NC_032650.1,140501941,142957744,142957747,t,tttg,3
NC_037328.1,NC_032650.1,140514558,142970410,142970415,a,agctgg,5
NC_037328.1,NC_032650.1,140515568,142971426,142971432,A,ANNNNNN,6
NC_037328.1,NC_032650.1,140519886,142975750,142975753,g,gata,3
NC_037328.1,NC_032650.1,140524482,142980347,142980348,t,ta,1
NC_037328.1,NC_032650.1,140601728,143087458,143087459,c,ca,1
NC_037328.1,NC_032650.1,140601728,143239077,143239078,c,ca,1
NC_037328.1,NC_032650.1,140605189,143090920,143090921,a,ag,1
NC_037328.1,NC_032650.1,140681396,143382246,143382247,t,ta,1
NC_037328.1,NC_032650.1,140736996,143242154,143242156,t,taa,2
NC_037328.1,NC_032650.1,140751605,143256775,143256776,G,GA,1
NC_037328.1,NC_032650.1,140756211,143261382,143261383,a,ag,1
NC_037328.1,NC_032650.1,140770704,143275878,143275883,g,gacttc,5
NC_037328.1,NC_032650.1,140784814,143290168,143290169,G,GC,1
NC_037328.1,NC_032650.1,140786628,143291986,143291987,C,CY,1
NC_037328.1,NC_032650.1,140787614,143292973,143292975,g,gaa,2
NC_037328.1,NC_032650.1,140791714,143297072,143297097,a,attctttaccggctgagccaggaggg,25
NC_037328.1,NC_032650.1,140803333,143548468,143548469,t,ta,1
NC_037328.1,NC_032650.1,140811887,143558290,143558297,a,agctattt,7
NC_037328.1,NC_032650.1,140818793,143565463,143565469,A,AAACATG,6
NC_037328.1,NC_032650.1,140837338,143584008,143584010,a,aag,2
NC_037328.1,NC_032650.1,140837480,143584152,143584153,t,tg,1
NC_037328.1,NC_032650.1,140837950,143584623,143584631,G,GCACCGCCC,8
NC_037328.1,NC_032650.1,140837958,143584639,143584641,C,CCG,2
NC_037328.1,NC_032650.1,140861217,143607900,143607902,c,cca,2
NC_037328.1,NC_032650.1,140900565,143648259,143648261,c,ccN,2
NC_037328.1,NC_032650.1,140942830,143708430,143708431,t,tg,1
NC_037328.1,NC_032650.1,140942940,143708541,143708543,a,aag,2
NC_037328.1,NC_032650.1,140944011,143709561,143709562,C,CA,1
NC_037328.1,NC_032650.1,140946311,143711842,143711847,g,gttttt,5
NC_037328.1,NC_032650.1,140947034,143712566,143712599,G,GACTGCTAAGATTAATATGCCTTTAACATGTGTT,33
NC_037328.1,NC_032650.1,140961462,143727016,143727020,t,tNNNN,4
NC_037328.1,NC_032650.1,140976244,143741874,143741882,a,acatacact,8
NC_037328.1,NC_032650.1,140979655,143745294,143745295,C,CY,1
NC_037328.1,NC_032650.1,140979729,143745369,143745370,T,TY,1
NC_037328.1,NC_032650.1,140980498,143746138,143746142,t,taaaa,4
NC_037328.1,NC_032650.1,140982488,143748134,143748135,C,CY,1
NC_037328.1,NC_032650.1,141029563,143794994,143794996,a,att,2
NC_037328.1,NC_032650.1,141030905,143796339,143796340,c,ct,1
NC_037328.1,NC_032650.1,141040564,143805998,143805999,G,GR,1
NC_037328.1,NC_032650.1,141051165,143816628,143816629,A,AT,1
NC_037328.1,NC_032650.1,141067709,143833170,143833171,g,ga,1
NC_037328.1,NC_032650.1,141068727,143834189,143834191,t,tta,2
NC_037328.1,NC_032650.1,141093238,143858718,143858724,t,tatatac,6
NC_037328.1,NC_032650.1,141094990,143860476,143860477,T,TY,1
NC_037328.1,NC_032650.1,141101997,143867492,143867493,G,GC,1
NC_037328.1,NC_032650.1,141120949,143886449,143886450,a,at,1
NC_037328.1,NC_032650.1,141314652,144082737,144082738,t,tg,1
NC_037328.1,NC_032650.1,141315034,144083120,144083121,a,at,1
NC_037328.1,NC_032650.1,141315222,144083309,144083314,c,cgactg,5
NC_037328.1,NC_032650.1,141315249,144083341,144083342,T,TG,1
NC_037328.1,NC_032650.1,141317211,144085297,144085298,A,AC,1
NC_037328.1,NC_032650.1,141370660,144138759,144138766,t,tgtatata,7
NC_037328.1,NC_032650.1,141393955,144162081,144162082,G,GA,1
NC_037328.1,NC_032650.1,141410888,144179005,144179006,A,AC,1
NC_037328.1,NC_032650.1,141458844,144226682,144226712,g,ggtgtgtgtgtgtgtgtgtgtgtgtgtgtgt,30
NC_037328.1,NC_032650.1,141495000,144262940,144262942,a,att,2
NC_037328.1,NC_032650.1,141497219,144265181,144265182,t,tc,1
NC_037328.1,NC_032650.1,141497319,144265282,144265283,a,ag,1
NC_037328.1,NC_032650.1,141498217,144266177,144266189,A,AAATTTATGGATG,12
NC_037328.1,NC_032650.1,141504647,144272620,144272633,g,gactaaatgaagaa,13
NC_037328.1,NC_032650.1,141522147,144291234,144291235,c,ca,1
NC_037328.1,NC_032650.1,141547479,144316490,144316491,T,TG,1
NC_037328.1,NC_032650.1,141555593,144324486,144324487,C,CY,1
NC_037328.1,NC_032650.1,141714739,144482798,144482799,G,GC,1
NC_037328.1,NC_032650.1,141827743,144595814,144595815,T,TC,1
NC_037328.1,NC_032650.1,141829776,144597848,144597849,G,GC,1
NC_037328.1,NC_032650.1,141862239,144630517,144630518,T,TG,1
NC_037328.1,NC_032650.1,141869266,144637549,144637554,a,aagctg,5
NC_037328.1,NC_032650.1,141899244,144668126,144668127,T,TG,1
NC_037328.1,NC_032650.1,142071166,144911688,144911689,a,aG,1
NC_037328.1,NC_032650.1,142289540,145152928,145152930,C,CMA,2
NC_037328.1,NC_032650.1,142291250,145154640,145154641,A,AR,1
NC_037328.1,NC_032650.1,142330823,145196143,145196146,T,TCTC,3
NC_037328.1,NC_032650.1,142351222,145216554,145216555,a,ac,1
NC_037328.1,NC_032650.1,142355204,145220542,145220543,A,AM,1
NC_037328.1,NC_032650.1,142366571,145231905,145231906,T,TG,1
NC_037328.1,NC_032650.1,142368834,145234169,145234170,A,AG,1
NC_037328.1,NC_032650.1,142368887,145234223,145234224,C,CT,1
NC_037328.1,NC_032650.1,142380328,145245664,145245665,c,ca,1
NC_037328.1,NC_032650.1,142470437,145336129,145336131,c,ctt,2
NC_037328.1,NC_032650.1,142474146,145339846,145339860,a,acactctctctctct,14
NC_037328.1,NC_032650.1,142492265,145358245,145358246,C,CY,1
NC_037328.1,NC_032650.1,142529520,145395646,145395647,C,CT,1
NC_037328.1,NC_032650.1,142530878,145397008,145397009,C,CA,1
NC_037328.1,NC_032650.1,142531249,145397380,145397381,G,GK,1
NC_037328.1,NC_032650.1,142537773,145403963,145403964,T,TG,1
NC_037328.1,NC_032650.1,142557214,145423350,145423351,t,ta,1
NC_037328.1,NC_032650.1,142571281,145437415,145437416,A,AT,1
NC_037328.1,NC_032650.1,142571562,145437697,145437698,A,AY,1
NC_037328.1,NC_032650.1,142577825,145443962,145443970,t,tgttttttg,8
NC_037328.1,NC_032650.1,142581503,145447464,145447465,G,GA,1
NC_037328.1,NC_032650.1,142635601,145475752,145475753,g,ga,1
NC_037328.1,NC_032650.1,142640360,145480510,145480512,t,tga,2
NC_037328.1,NC_032650.1,142642305,145511227,145511232,g,gtgact,5
NC_037328.1,NC_032650.1,142763758,145688270,145688271,T,TG,1
NC_037328.1,NC_032650.1,142764480,145688993,145688994,a,ac,1
NC_037328.1,NC_032650.1,142765732,145690263,145690265,a,aag,2
NC_037328.1,NC_032650.1,142790931,145715457,145715458,A,AT,1
NC_037328.1,NC_032650.1,142798634,145723157,145723158,C,CA,1
NC_037328.1,NC_032650.1,142814588,145739113,145739116,t,tgtc,3
NC_037328.1,NC_032650.1,142828950,145753478,145753479,c,ct,1
NC_037328.1,NC_032650.1,142880807,145807976,145807978,T,TNN,2
NC_037328.1,NC_032650.1,142885052,145812222,145812226,A,ATCAC,4
NC_037328.1,NC_032650.1,142899470,145826647,145826671,G,GGTTTGTCCCCACTGTGCTCTAAGC,24
NC_037328.1,NC_032650.1,142905790,145832992,145832993,T,TA,1
NC_037328.1,NC_032650.1,142922742,145849948,145849949,G,GT,1
NC_037328.1,NC_032650.1,142926450,145853653,145853654,T,TC,1
NC_037328.1,NC_032650.1,142943758,145870960,145870971,C,CTGAGTGGCTCA,11
NC_037328.1,NC_032650.1,142976452,145903683,145903684,C,CA,1
NC_037328.1,NC_032650.1,142977204,145904436,145904451,a,atggagcttcagctcc,15
NC_037328.1,NC_032650.1,142984539,145911787,145911788,c,ct,1
NC_037328.1,NC_032650.1,143022103,145949490,145949491,G,GR,1
NC_037328.1,NC_032650.1,143029848,145957237,145957238,T,TK,1
NC_037328.1,NC_032650.1,143120530,146010656,146010657,G,GN,1
NC_037328.1,NC_032650.1,143122113,146012240,146012254,T,TCAAGGACAAGTAGA,14
NC_037328.1,NC_032650.1,143125670,146015817,146015818,G,GA,1
NC_037328.1,NC_032650.1,143126230,146016377,146016378,t,ta,1
NC_037328.1,NC_032650.1,143129533,146019680,146019681,G,GA,1
NC_037328.1,NC_032650.1,143150936,146040502,146040507,G,GTTAGA,5
NC_037328.1,NC_032650.1,143151550,146041120,146041122,c,cat,2
NC_037328.1,NC_032650.1,143224695,146164096,146164098,G,GGA,2
NC_037328.1,NC_032650.1,143225372,146164775,146164798,A,ATGTGCCGCTGGGGACCTGGCACG,23
NC_037328.1,NC_032650.1,143270941,146210637,146210650,T,TCTGTGCTTCTGTA,13
NC_037328.1,NC_032650.1,143292312,146232743,146232744,T,TK,1
NC_037328.1,NC_032650.1,143357922,146299397,146299398,C,CM,1
NC_037328.1,NC_032650.1,143376527,146318000,146318001,a,aR,1
NC_037328.1,NC_032650.1,143420065,146361509,146361510,a,at,1
NC_037328.1,NC_032650.1,143428356,146369803,146369804,G,GA,1
NC_037328.1,NC_032650.1,143431741,146373189,146373190,A,AG,1
NC_037328.1,NC_032650.1,143432303,146373752,146373753,t,ta,1
NC_037328.1,NC_032650.1,145167435,147977396,147977397,A,AY,1
NC_037328.1,NC_032650.1,145203283,148013400,148013401,A,AR,1
NC_037328.1,NC_032650.1,145212882,148022942,148022945,C,CTGA,3
NC_037328.1,NC_032650.1,145239352,148049416,148049417,A,AG,1
NC_037328.1,NC_032650.1,145260071,148069993,148069994,C,CT,1
NC_037328.1,NC_032650.1,145326256,148215601,148215602,c,ca,1
NC_037328.1,NC_032650.1,145352897,148239112,148239174,A,AGGGTGGTATTTCCTTCCCCACTAAAGAATAGGANNNNNNNNNNNNNNNNNNNNNNNNNNNNN,62
NC_037328.1,NC_032650.1,145378059,148264330,148264331,C,CY,1
NC_037328.1,NC_032650.1,145380392,148266663,148266664,a,at,1
NC_037328.1,NC_032650.1,145391106,148277381,148277384,g,gttc,3
NC_037328.1,NC_032650.1,145391410,148277596,148277598,T,TGC,2
NC_037328.1,NC_032650.1,145408939,148294172,148294173,a,at,1
NC_037328.1,NC_032650.1,145437849,148323325,148323326,G,GR,1
NC_037328.1,NC_032650.1,145568767,148454557,148454559,a,atg,2
NC_037328.1,NC_032650.1,145568802,148454594,148454598,t,tatac,4
NC_037328.1,NC_032650.1,145607862,148494094,148494095,C,CY,1
NC_037328.1,NC_032650.1,145700385,148647391,148647393,c,ccg,2
NC_037328.1,NC_032650.1,145715628,148662625,148662626,g,gc,1
NC_037328.1,NC_032650.1,145722919,148669952,148669953,a,at,1
NC_037328.1,NC_032650.1,145822126,148772414,148772415,C,CA,1
NC_037328.1,NC_032650.1,145840032,148790338,148790339,C,CA,1
NC_037328.1,NC_032650.1,145855875,148806201,148806208,A,AMCAAGCG,7
NC_037328.1,NC_032650.1,146016653,148967055,148967056,t,ta,1
NC_037328.1,NC_032650.1,146044517,148995103,148995104,T,TG,1
NC_037328.1,NC_032650.1,146147770,149117644,149117645,c,cN,1
NC_037328.1,NC_032650.1,146219970,149191345,149191349,C,CTCTG,4
NC_037328.1,NC_032650.1,146230598,149201982,149202004,G,GTGGAGGGCGGGTGTCAGGGGAA,22
NC_037328.1,NC_032650.1,146255275,149226973,149226983,c,cactcctttct,10
NC_037328.1,NC_032650.1,146280509,149252002,149252025,T,TAGTCACTGAACTTCAGAGACTTN,23
NC_037328.1,NC_032650.1,146303100,149274615,149274616,a,ac,1
NC_037328.1,NC_032650.1,146351429,149328668,149328669,A,AW,1
NC_037328.1,NC_032650.1,146366424,149343659,149343660,G,GT,1
NC_037328.1,NC_032650.1,146366693,149343921,149343922,g,gc,1
NC_037328.1,NC_032650.1,146366972,149344200,149344201,g,ga,1
NC_037328.1,NC_032650.1,146369164,149347249,149347252,t,taca,3
NC_037328.1,NC_032650.1,146373141,149351232,149351234,a,aag,2
NC_037328.1,NC_032650.1,146377083,149356504,149356505,A,AR,1
NC_037328.1,NC_032650.1,146377547,149356975,149356978,c,cctt,3
NC_037328.1,NC_032650.1,146378698,149358229,149358231,C,CAT,2
NC_037328.1,NC_032650.1,146378913,149358448,149358449,G,GT,1
NC_037328.1,NC_032650.1,146379153,149358689,149358690,T,TA,1
NC_037328.1,NC_032650.1,146386944,149366482,149366483,C,CA,1
NC_037328.1,NC_032650.1,146421515,149406295,149406296,A,AG,1
NC_037328.1,NC_032650.1,146421695,149406476,149406477,G,GA,1
NC_037328.1,NC_032650.1,146423910,149408691,149408692,A,AT,1
NC_037328.1,NC_032650.1,146424009,149408791,149408792,T,TG,1
NC_037328.1,NC_032650.1,146424662,149409445,149409446,g,ga,1
NC_037328.1,NC_032650.1,146441745,149426535,149426536,t,tg,1
NC_037328.1,NC_032650.1,146479426,149499772,149499773,g,ga,1
NC_037328.1,NC_032650.1,146534577,149574948,149574949,c,ct,1
NC_037328.1,NC_032650.1,146587517,149627888,149627889,g,ga,1
NC_037328.1,NC_032650.1,146601306,149641677,149641678,A,AC,1
NC_037328.1,NC_032650.1,146612798,149652902,149652903,T,TA,1
NC_037328.1,NC_032650.1,146615914,149656018,149656020,a,aNN,2
NC_037328.1,NC_032650.1,146649504,149691578,149691579,c,ca,1
NC_037328.1,NC_032650.1,146666498,149708399,149708401,t,ttg,2
NC_037328.1,NC_032650.1,146699364,149741130,149741131,c,ct,1
NC_037328.1,NC_032650.1,146779337,149783488,149783489,C,CT,1
NC_037328.1,NC_032650.1,146798315,149802463,149802464,a,aN,1
NC_037328.1,NC_032650.1,146827723,149831868,149831869,T,TA,1
NC_037328.1,NC_032650.1,146831323,149835469,149835470,T,TC,1
NC_037328.1,NC_032650.1,146842859,149847006,149847011,c,caggca,5
NC_037328.1,NC_032650.1,146866180,149870341,149870342,t,ta,1
NC_037328.1,NC_032650.1,146997356,150002056,150002058,C,CCA,2
NC_037328.1,NC_032650.1,147000194,150004896,150004897,T,TG,1
NC_037328.1,NC_032650.1,147109146,150114394,150114395,t,ta,1
NC_037328.1,NC_032650.1,147155618,150159977,150159979,a,aag,2
NC_037328.1,NC_032650.1,147223896,150225536,150225537,T,TA,1
NC_037328.1,NC_032650.1,147256441,150258082,150258083,T,TS,1
NC_037328.1,NC_032650.1,147256447,150258089,150258090,C,CA,1
NC_037328.1,NC_032650.1,147256484,150258127,150258128,A,AC,1
NC_037328.1,NC_032650.1,147264429,150266075,150266076,T,TY,1
NC_037328.1,NC_032650.1,147360934,150362228,150362229,t,ta,1
NC_037328.1,NC_032650.1,147362744,150364039,150364041,g,gca,2
NC_037328.1,NC_032650.1,147370276,150371573,150371574,c,ca,1
NC_037328.1,NC_032650.1,147381310,150382608,150382609,A,AG,1
NC_037328.1,NC_032650.1,147388690,150390012,150390013,A,AC,1
NC_037328.1,NC_032650.1,147480933,150497507,150497508,T,TW,1
NC_037328.1,NC_032650.1,147526186,150543157,150543160,t,tNNN,3
NC_037328.1,NC_032650.1,147552662,150569638,150569640,T,TYC,2
NC_037328.1,NC_032650.1,147676612,150693592,150693593,T,TG,1
NC_037328.1,NC_032650.1,147689156,150706141,150706142,C,CT,1
NC_037328.1,NC_032650.1,147731711,150748950,150748951,C,CA,1
NC_037328.1,NC_032650.1,147821336,150821617,150821618,g,gt,1
NC_037328.1,NC_032650.1,147822693,150822975,150822977,c,ctt,2
NC_037328.1,NC_032650.1,147831154,150831442,150831445,g,gaaa,3
NC_037328.1,NC_032650.1,147831622,150831913,150831914,c,ct,1
NC_037328.1,NC_032650.1,147831931,150832223,150832224,c,ct,1
NC_037328.1,NC_032650.1,147917587,150917879,150917883,a,aNNNN,4
NC_037328.1,NC_032650.1,147922798,150923093,150923095,t,tag,2
NC_037328.1,NC_032650.1,147994292,150994526,150994527,C,CN,1
NC_037328.1,NC_032650.1,148134996,151184568,151184569,c,ct,1
NC_037328.1,NC_032650.1,148233842,151360367,151360368,c,ca,1
NC_037328.1,NC_032650.1,148269315,151395842,151395843,a,at,1
NC_037328.1,NC_032650.1,148307576,151503825,151503826,t,tg,1
NC_037328.1,NC_032650.1,148312790,151509042,151509043,G,GA,1
NC_037328.1,NC_032650.1,148327512,151523773,151523774,G,GC,1
NC_037328.1,NC_032650.1,148347384,151604883,151604884,a,ag,1
NC_037328.1,NC_032650.1,148347520,151605016,151605020,T,TGTGC,4
NC_037328.1,NC_032650.1,148349313,151545573,151545576,t,tgtc,3
NC_037328.1,NC_032650.1,148349313,151606812,151606815,t,tgtc,3
NC_037328.1,NC_032650.1,148485225,151747667,151747668,A,AC,1
NC_037328.1,NC_032650.1,148492952,151755394,151755395,c,ca,1
NC_037328.1,NC_032650.1,148708165,151988695,151988696,g,gt,1
NC_037328.1,NC_032650.1,148876771,152160412,152160413,c,ct,1
NC_037328.1,NC_032650.1,148885194,152168834,152168841,C,CCCTCACA,7
NC_037328.1,NC_032650.1,148975418,152259673,152259674,G,GC,1
NC_037328.1,NC_032650.1,149020282,152305339,152305340,G,GT,1
NC_037328.1,NC_032650.1,149287321,152663045,152663046,c,ca,1
NC_037328.1,NC_032650.1,149290057,152665783,152665788,G,GTAWGT,5
NC_037328.1,NC_032650.1,149311173,152686904,152686908,A,AGTTT,4
NC_037328.1,NC_032650.1,149314848,152690583,152690584,t,tg,1
NC_037328.1,NC_032650.1,149358441,152734247,152734248,C,CY,1
NC_037328.1,NC_032650.1,149364748,152740668,152740671,c,cttt,3
NC_037328.1,NC_032650.1,149367821,152743743,152743744,T,TG,1
NC_037328.1,NC_032650.1,149388054,152763987,152763988,T,TK,1
NC_037328.1,NC_032650.1,149449857,152825557,152825558,c,ca,1
NC_037328.1,NC_032650.1,149520964,152884187,152884188,t,tg,1
NC_037328.1,NC_032650.1,149654322,153024664,153024666,C,CGA,2
NC_037328.1,NC_032650.1,149654324,153024668,153024669,G,GA,1
NC_037328.1,NC_032650.1,149885480,153276728,153276729,T,TG,1
NC_037328.1,NC_032650.1,149885573,153276825,153276826,g,gt,1
NC_037328.1,NC_032650.1,149936906,153328747,153328748,C,CT,1
NC_037328.1,NC_032650.1,149973100,153364831,153364834,g,gttN,3
NC_037328.1,NC_032650.1,150021573,153413309,153413311,G,GTC,2
NC_037328.1,NC_032650.1,150048617,153440354,153440372,c,ccgccccggcccctgCCCT,18
NC_037328.1,NC_032650.1,150068005,153459783,153459787,c,ctttt,4
NC_037328.1,NC_032650.1,150076230,153468013,153468014,a,at,1
NC_037328.1,NC_032650.1,150135133,153525520,153525521,G,GT,1
NC_037328.1,NC_032650.1,150140602,153530986,153530990,a,aaaac,4
NC_037328.1,NC_032650.1,150207302,153598303,153598315,G,GAACAGGAAGGAC,12
NC_037328.1,NC_032650.1,150220142,153611176,153611177,T,TC,1
NC_037328.1,NC_032650.1,150229262,153620301,153620303,G,GGA,2
NC_037328.1,NC_032650.1,150234088,153625129,153625130,T,TY,1
NC_037328.1,NC_032650.1,150251693,153643126,153643127,G,GS,1
NC_037328.1,NC_032650.1,150255112,153646545,153646546,c,ca,1
NC_037328.1,NC_032650.1,150255303,153646737,153646738,a,at,1
NC_037328.1,NC_032650.1,150261046,153652813,153652814,t,tg,1
NC_037328.1,NC_032650.1,150287604,153679285,153679287,c,cta,2
NC_037328.1,NC_032650.1,150290800,153682486,153682488,a,aac,2
NC_037328.1,NC_032650.1,150296916,153688758,153688759,c,ct,1
NC_037328.1,NC_032650.1,150297218,153689061,153689063,c,ctg,2
NC_037328.1,NC_032650.1,150299467,153691677,153691678,T,TA,1
NC_037328.1,NC_032650.1,150339311,153731524,153731525,T,TW,1
NC_037328.1,NC_032650.1,150354344,153746558,153746572,C,CCAAAAGGTTACAGT,14
NC_037328.1,NC_032650.1,150385526,153777421,153777422,G,GA,1
NC_037328.1,NC_032650.1,150388082,153779978,153779979,A,AW,1
NC_037328.1,NC_032650.1,150391298,153783324,153783325,t,ta,1
NC_037328.1,NC_032650.1,150411122,153803408,153803409,g,gt,1
NC_037328.1,NC_032650.1,150482874,153876823,153876825,c,ctg,2
NC_037328.1,NC_032650.1,150486196,153880146,153880148,c,cca,2
NC_037328.1,NC_032650.1,150522793,153916967,153916968,T,TY,1
NC_037328.1,NC_032650.1,150679568,154104988,154104989,t,tW,1
NC_037328.1,NC_032650.1,150695848,154121283,154121285,A,AGT,2
NC_037328.1,NC_032650.1,150695851,154121288,154121292,A,AGGAT,4
NC_037328.1,NC_032650.1,150704094,154129541,154129543,T,TAC,2
NC_037328.1,NC_032650.1,150711894,154137377,154137378,a,at,1
NC_037328.1,NC_032650.1,150753889,154179767,154179778,T,TGGCGATGCTAA,11
NC_037328.1,NC_032650.1,150780481,154206372,154206373,T,TA,1
NC_037328.1,NC_032650.1,150799249,154225248,154225249,t,ta,1
NC_037328.1,NC_032650.1,150823134,154249142,154249143,A,AT,1
NC_037328.1,NC_032650.1,150843597,154269607,154269608,a,ag,1
NC_037328.1,NC_032650.1,150873080,154298732,154298733,T,TM,1
NC_037328.1,NC_032650.1,150876135,154301788,154301796,C,CGTAAGACT,8
NC_037328.1,NC_032650.1,150938944,154364090,154364092,G,GTC,2
NC_037328.1,NC_032650.1,150938963,154364111,154364113,C,CCA,2
NC_037328.1,NC_032650.1,151035987,154468982,154468983,G,GR,1
NC_037328.1,NC_032650.1,151036502,154469498,154469499,C,CG,1
NC_037328.1,NC_032650.1,151078081,154511142,154511143,t,tc,1
NC_037328.1,NC_032650.1,151093646,154526891,154526892,a,ac,1
NC_037328.1,NC_032650.1,151137775,154573019,154573020,A,AC,1
NC_037328.1,NC_032650.1,151195495,154629696,154629697,t,ta,1
NC_037328.1,NC_032650.1,151234084,154668287,154668290,g,gaga,3
NC_037328.1,NC_032650.1,151236317,154670514,154670516,c,cca,2
NC_037328.1,NC_032650.1,151290967,154726132,154726133,T,TG,1
NC_037328.1,NC_032650.1,151328473,154763483,154763484,t,ta,1
NC_037328.1,NC_032650.1,151332479,154767490,154767491,c,cg,1
NC_037328.1,NC_032650.1,151344249,154778987,154778988,G,GA,1
NC_037328.1,NC_032650.1,151345581,154780319,154780320,A,AW,1
NC_037328.1,NC_032650.1,151345921,154780660,154780661,A,AN,1
NC_037328.1,NC_032650.1,151347786,154782534,154782535,C,CG,1
NC_037328.1,NC_032650.1,151350278,154784870,154784871,t,ta,1
NC_037328.1,NC_032650.1,151378437,154837417,154837418,g,gc,1
NC_037328.1,NC_032650.1,151378952,154837933,154837934,A,AG,1
NC_037328.1,NC_032650.1,151386460,154845443,154845444,c,ca,1
NC_037328.1,NC_032650.1,151386481,154845465,154845466,a,ag,1
NC_037328.1,NC_032650.1,151397626,154856614,154856615,a,at,1
NC_037328.1,NC_032650.1,151397781,154856770,154856771,c,ca,1
NC_037328.1,NC_032650.1,151454194,154939903,154939922,A,ACGCATGTTTGACCTTTCTC,19
NC_037328.1,NC_032650.1,151549973,155040375,155040378,t,ttcc,3
NC_037328.1,NC_032650.1,151587205,155077608,155077609,c,ca,1
NC_037328.1,NC_032650.1,151602874,155093279,155093280,A,AC,1
NC_037328.1,NC_032650.1,151619616,155110021,155110022,g,gc,1
NC_037328.1,NC_032650.1,151620318,155110724,155110726,c,cat,2
NC_037328.1,NC_032650.1,151629499,155119915,155119917,A,AAW,2
NC_037328.1,NC_032650.1,151634243,155124664,155124665,C,CM,1
NC_037328.1,NC_032650.1,151636860,155127286,155127287,T,TC,1
NC_037328.1,NC_032650.1,151659659,155150108,155150109,g,ga,1
NC_037328.1,NC_032650.1,151719848,124366778,124366780,c,ctt,2
NC_037328.1,NC_032650.1,151719868,124366800,124366801,c,cg,1
NC_037328.1,NC_032650.1,151720033,124366966,124366970,c,cccag,4
NC_037328.1,NC_032650.1,151835111,155311532,155311533,G,GK,1
NC_037328.1,NC_032650.1,151913580,155390004,155390006,t,ttc,2
NC_037328.1,NC_032650.1,151946343,155422768,155422769,t,tc,1
NC_037328.1,NC_032650.1,151946386,155422813,155422814,t,tc,1
NC_037328.1,NC_032650.1,151953581,155430010,155430012,c,caY,2
NC_037328.1,NC_032650.1,151956587,155433018,155433020,A,AAT,2
NC_037328.1,NC_032650.1,151964240,155440672,155440678,T,TYCTATG,6
NC_037328.1,NC_032650.1,151987166,155463645,155463646,a,ag,1
NC_037328.1,NC_032650.1,151992548,155469026,155469027,T,TY,1
NC_037328.1,NC_032650.1,152002877,155479363,155479364,T,TG,1
NC_037328.1,NC_032650.1,152004774,155481258,155481260,t,tgg,2
NC_037328.1,NC_032650.1,152005631,155482121,155482122,t,tg,1
NC_037328.1,NC_032650.1,152005647,155482138,155482150,c,cccttcttttctt,12
NC_037328.1,NC_032650.1,152005741,155482245,155482246,g,gt,1
NC_037328.1,NC_032650.1,152007741,155484235,155484250,a,aggataaaagaaaacc,15
NC_037328.1,NC_032650.1,152008191,155484700,155484701,a,ag,1
NC_037328.1,NC_032650.1,152011407,155487917,155487918,g,ga,1
NC_037328.1,NC_032650.1,152011580,155488091,155488094,a,aaag,3
NC_037328.1,NC_032650.1,152018735,155495213,155495214,a,at,1
NC_037328.1,NC_032650.1,152019424,155495903,155495904,t,tg,1
NC_037328.1,NC_032650.1,152033003,155509482,155509485,t,tgtg,3
NC_037328.1,NC_032650.1,152037232,155513713,155513714,a,ac,1
NC_037328.1,NC_032650.1,152040514,155516998,155516999,C,CA,1
NC_037328.1,NC_032650.1,152044750,155521239,155521240,a,ag,1
NC_037328.1,NC_032650.1,152049148,155525635,155525636,T,TW,1
NC_037328.1,NC_032650.1,152051501,155527990,155527991,A,AC,1
NC_037328.1,NC_032650.1,152069239,155562142,155562143,g,gc,1
NC_037328.1,NC_032650.1,152073742,155566646,155566647,c,ct,1
NC_037328.1,NC_032650.1,152104296,155597209,155597210,g,ga,1
NC_037328.1,NC_032650.1,152140278,155632908,155632922,T,TCGGCATTCAGCAGA,14
NC_037328.1,NC_032650.1,152142418,155635062,155635063,t,tc,1
NC_037328.1,NC_032650.1,152150719,155643365,155643366,C,CY,1
NC_037328.1,NC_032650.1,152151087,155643734,155643735,T,TA,1
NC_037328.1,NC_032650.1,152152592,155645240,155645243,T,TTCC,3
NC_037328.1,NC_032650.1,152181224,155667260,155667261,T,TA,1
NC_037328.1,NC_032650.1,152220014,155705642,155705644,a,aaM,2
NC_037328.1,NC_032650.1,152221820,155707450,155707453,g,gtga,3
NC_037328.1,NC_032650.1,152285629,155780954,155780955,G,GC,1
NC_037328.1,NC_032650.1,152343029,155838132,155838156,C,CTACAGgtcatattgttttcttttt,24
NC_037328.1,NC_032650.1,152367520,155862799,155862801,C,CAG,2
NC_037328.1,NC_032650.1,152376519,155871799,155871801,C,CAT,2
NC_037328.1,NC_032650.1,152378960,155874246,155874247,t,tg,1
NC_037328.1,NC_032650.1,152394426,155889713,155889714,C,CR,1
NC_037328.1,NC_032650.1,152404773,155900077,155900078,T,TW,1
NC_037328.1,NC_032650.1,152419297,155914356,155914357,t,ta,1
NC_037328.1,NC_032650.1,152421407,155916468,155916469,A,AG,1
NC_037328.1,NC_032650.1,152427655,155922773,155922777,C,CTCTT,4
NC_037328.1,NC_032650.1,152446518,155941644,155941646,C,CAT,2
NC_037328.1,NC_032650.1,152505829,156000779,156000780,t,tg,1
NC_037328.1,NC_032650.1,152506086,156001037,156001038,G,GC,1
NC_037328.1,NC_032650.1,152506516,156001467,156001468,A,AG,1
NC_037328.1,NC_032650.1,152522907,156017853,156017869,g,gtgtgtgtgtgtgtctc,16
NC_037328.1,NC_032650.1,152549842,156044826,156044827,G,GS,1
NC_037328.1,NC_032650.1,152637599,156134608,156134610,c,cgg,2
NC_037328.1,NC_032650.1,152719822,156216719,156216726,t,tcgatgca,7
NC_037328.1,NC_032650.1,152968745,156468160,156468161,T,TA,1
NC_037328.1,NC_032650.1,152969533,156468949,156468951,g,gat,2
NC_037328.1,NC_032650.1,153004766,156504046,156504052,C,CAAAAAA,6
NC_037328.1,NC_032650.1,153034921,156534018,156534019,g,ga,1
NC_037328.1,NC_032650.1,153069051,156571216,156571217,G,GS,1
NC_037328.1,NC_032650.1,153142452,156645496,156645497,C,CY,1
NC_037328.1,NC_032650.1,153157017,156660067,156660068,A,AG,1
NC_037328.1,NC_032650.1,153157071,156660122,156660123,C,CA,1
NC_037328.1,NC_032650.1,153157078,156660130,156660131,A,AC,1
NC_037328.1,NC_032650.1,153175080,156677972,156677973,a,ac,1
NC_037328.1,NC_032650.1,153188143,156690643,156690644,G,GT,1
NC_037328.1,NC_032650.1,153236120,156738458,156738459,t,ta,1
NC_037328.1,NC_032650.1,153330535,156832608,156832609,C,CT,1
NC_037328.1,NC_032650.1,153388345,156888619,156888620,c,ct,1
NC_037328.1,NC_032650.1,153419686,156919969,156919973,g,gttgt,4
NC_037328.1,NC_032650.1,153427135,156927421,156927423,g,gct,2
NC_037328.1,NC_032650.1,153433035,156933323,156933324,C,CY,1
NC_037328.1,NC_032650.1,153442189,156942479,156942480,G,GA,1
NC_037328.1,NC_032650.1,153442516,156942807,156942808,C,CS,1
NC_037328.1,NC_032650.1,153450912,156956193,156956195,C,CCY,2
NC_037328.1,NC_032650.1,153456413,156961702,156961703,A,AS,1
NC_037328.1,NC_032650.1,153456619,156961909,156961910,C,CG,1
NC_037328.1,NC_032650.1,153472108,156977384,156977385,G,GA,1
NC_037328.1,NC_032650.1,153488101,156993665,156993666,a,at,1
NC_037328.1,NC_032650.1,153498268,157003834,157003835,C,CA,1
NC_037328.1,NC_032650.1,153500780,157006349,157006350,a,ac,1
NC_037328.1,NC_032650.1,153504198,157009757,157009758,a,at,1
NC_037328.1,NC_032650.1,153506094,157011653,157011665,g,gcccgaggggcaa,12
NC_037328.1,NC_032650.1,153535020,157040378,157040401,A,ANNNNNNNNNNNNNNNNNNNNNNN,23
NC_037328.1,NC_032650.1,153595298,157100397,157100409,G,GGAGTTCGCCTCR,12
NC_037328.1,NC_032650.1,153636394,157141619,157141620,C,CM,1
NC_037328.1,NC_032650.1,153639614,157144838,157144839,c,ca,1
NC_037328.1,NC_032650.1,153644133,157149369,157149373,g,gcttt,4
NC_037328.1,NC_032650.1,153648871,157154109,157154110,G,GT,1
NC_037328.1,NC_032650.1,153663731,157172180,157172185,G,GGGTTA,5
NC_037328.1,NC_032650.1,153686004,157221896,157221897,g,ga,1
NC_037328.1,NC_032650.1,153688175,157224108,157224117,C,CAAAACCCTA,9
NC_037328.1,NC_032650.1,153696006,157231947,157231952,T,TATATC,5
NC_037328.1,NC_032650.1,153697005,157232951,157232952,a,ac,1
NC_037328.1,NC_032650.1,153699714,157235732,157235733,a,at,1
NC_037328.1,NC_032650.1,153701507,157237520,157237521,A,AG,1
NC_037328.1,NC_032650.1,153776445,157312460,157312472,C,CCACATCTGCCGA,12
NC_037328.1,NC_032650.1,153809943,157345974,157345975,A,AG,1
NC_037328.1,NC_032650.1,154078057,157612581,157612582,T,TA,1
NC_037328.1,NC_032650.1,154179362,157718662,157718663,A,AY,1
NC_037328.1,NC_032650.1,154255926,157794780,157794784,g,gWGAC,4
NC_037328.1,NC_032650.1,154289271,157829102,157829105,a,atag,3
NC_037328.1,NC_032650.1,154319188,157859027,157859028,G,GC,1
NC_037328.1,NC_032650.1,154331475,157871319,157871320,t,ta,1
NC_037328.1,NC_032650.1,154336274,157876118,157876119,T,TC,1
NC_037328.1,NC_032650.1,154338129,157877974,157877975,A,AM,1
NC_037328.1,NC_032650.1,154359475,157899324,157899326,g,gaa,2
NC_037328.1,NC_032650.1,154360940,157900791,157900792,A,AG,1
NC_037328.1,NC_032650.1,154378554,157924293,157924294,t,tg,1
NC_037328.1,NC_032650.1,154400690,157946428,157946430,t,tcg,2
NC_037328.1,NC_032650.1,154491800,158037308,158037309,A,AC,1
NC_037328.1,NC_032650.1,154491804,158037313,158037314,T,TA,1
NC_037328.1,NC_032650.1,154495997,158041508,158041512,t,taagc,4
NC_037328.1,NC_032650.1,154503490,158049004,158049006,A,AAG,2
NC_037328.1,NC_032650.1,154523273,158068800,158068805,a,aatttt,5
NC_037328.1,NC_032650.1,154525897,158071495,158071496,g,ga,1
NC_037328.1,NC_032650.1,154544642,158090271,158090273,t,tta,2
NC_037328.1,NC_032650.1,154559445,158105075,158105076,G,GA,1
NC_037328.1,NC_032650.1,154763906,158310491,158310493,T,TTC,2
NC_037328.1,NC_032650.1,154778921,158325495,158325497,t,ttc,2
NC_037328.1,NC_032650.1,154778971,158325547,158325548,t,ta,1
NC_037328.1,NC_032650.1,154822753,158368994,158368995,g,gt,1
NC_037328.1,NC_032650.1,154827423,158373664,158373668,g,ggttt,4
NC_037328.1,NC_032650.1,154846501,158392746,158392748,A,AAC,2
NC_037328.1,NC_032650.1,154898349,158444597,158444599,G,GAT,2
NC_037328.1,NC_032650.1,154936653,158482906,158482907,c,ct,1
NC_037328.1,NC_032650.1,154937129,158483383,158483384,t,tc,1
NC_037328.1,NC_032650.1,154938958,158485227,158485228,g,ga,1
NC_037328.1,NC_032650.1,154956541,158502815,158502822,A,ATACTTCG,7
NC_037328.1,NC_032650.1,154974177,158520385,158520391,G,GTATAAT,6
NC_037328.1,NC_032650.1,154976995,158523206,158523207,g,gt,1
NC_037328.1,NC_032650.1,155132000,158673976,158673977,T,TC,1
NC_037328.1,NC_032650.1,155221468,158763405,158763412,A,ATTGGCAG,7
NC_037328.1,NC_032650.1,155234605,158776556,158776559,g,gtta,3
NC_037328.1,NC_032650.1,155234636,158776590,158776591,t,tg,1
NC_037328.1,NC_032650.1,155239720,158781676,158781679,c,ctca,3
NC_037328.1,NC_032650.1,155241823,158783780,158783781,A,AG,1
NC_037328.1,NC_032650.1,155257322,158799273,158799275,t,tac,2
NC_037328.1,NC_032650.1,155270666,158825068,158825069,g,ga,1
NC_037328.1,NC_032650.1,155385274,158939686,158939687,G,GR,1
NC_037328.1,NC_032650.1,155385522,158939935,158939946,t,tttattatttta,11
NC_037328.1,NC_032650.1,155386914,158941341,158941342,T,TA,1
NC_037328.1,NC_032650.1,155421686,158978112,158978115,g,gttc,3
NC_037328.1,NC_032650.1,155421789,158978218,158978220,c,cag,2
NC_037328.1,NC_032650.1,155428674,158984934,158984935,G,GS,1
NC_037328.1,NC_032650.1,155454969,159011231,159011233,a,aag,2
NC_037328.1,NC_032650.1,155503612,159059831,159059834,T,TGAA,3
NC_037328.1,NC_032650.1,155534512,159089114,159089122,T,TTTTTCTTA,8
NC_037328.1,NC_032650.1,155591980,159146534,159146536,T,TTG,2
NC_037328.1,NC_032650.1,155606520,159161077,159161099,c,ctttatcagctgagctactgggg,22
NC_037328.1,NC_032650.1,155665489,159220013,159220014,g,gc,1
NC_037328.1,NC_032650.1,155770508,159325143,159325144,T,TA,1
NC_037328.1,NC_032650.1,155917457,159472276,159472277,A,AR,1
NC_037328.1,NC_032650.1,155930218,159485744,159485745,T,TY,1
NC_037328.1,NC_032650.1,155948725,159505149,159505152,C,CAGG,3
NC_037328.1,NC_032650.1,155988191,159545012,159545013,T,TK,1
NC_037328.1,NC_032650.1,155988770,159545592,159545593,G,GT,1
NC_037328.1,NC_032650.1,155993963,159550787,159550788,a,aR,1
NC_037328.1,NC_032650.1,156002458,159559286,159559287,A,AM,1
NC_037328.1,NC_032650.1,156030309,159587166,159587167,g,ga,1
NC_037328.1,NC_032650.1,156279212,159858717,159858718,C,CT,1
NC_037328.1,NC_032650.1,156302416,159881924,159881927,t,taaa,3
NC_037328.1,NC_032650.1,156314041,159893581,159893582,T,TS,1
NC_037328.1,NC_032650.1,156316054,159895595,159895606,a,aattatatatat,11
NC_037328.1,NC_032650.1,156339107,159918663,159918664,c,cg,1
NC_037328.1,NC_032650.1,156340867,159920427,159920428,C,CS,1
NC_037328.1,NC_032650.1,156373141,159952703,159952704,C,CT,1
NC_037328.1,NC_032650.1,156379292,159958798,159958799,G,GT,1
NC_037328.1,NC_032650.1,156391116,159970625,159970647,a,acggttcacatattgctgaagcc,22
NC_037328.1,NC_032650.1,156394708,159974221,159974222,G,GK,1
NC_037328.1,NC_032650.1,156395256,159974770,159974771,a,ac,1
NC_037328.1,NC_032650.1,156396209,159975725,159975732,g,gaaaaaaa,7
NC_037328.1,NC_032650.1,156398979,159978462,159978468,a,aatatat,6
NC_037328.1,NC_032650.1,156399307,159978796,159978821,A,ACCGTGTTCCCCAAAGACACGTGCAG,25
NC_037328.1,NC_032650.1,156406746,159986271,159986272,c,ct,1
NC_037328.1,NC_032650.1,156551905,160034564,160034585,t,tttttctctaaagaaACAAGTG,21
NC_037328.1,NC_032650.1,156577548,160058807,160058808,t,ta,1
NC_037328.1,NC_032650.1,156578269,160059530,160059533,g,gggt,3
NC_037328.1,NC_032650.1,156583870,160065153,160065154,C,CA,1
NC_037328.1,NC_032650.1,156586067,160067351,160067352,T,TW,1
NC_037328.1,NC_032650.1,156710518,160198038,160198039,t,tc,1
NC_037328.1,NC_032650.1,156710547,160198068,160198069,c,ct,1
NC_037328.1,NC_032650.1,156727373,160214895,160214896,a,ag,1
NC_037328.1,NC_032650.1,156727812,160215335,160215358,t,ttctcttaccttggacgtggggta,23
NC_037328.1,NC_032650.1,156764256,160241021,160241022,A,AR,1
NC_037328.1,NC_032650.1,156764339,160241105,160241106,T,TC,1
NC_037328.1,NC_032650.1,156778031,160254796,160254797,C,CT,1
NC_037328.1,NC_032650.1,156778035,160254801,160254802,C,CT,1
NC_037328.1,NC_032650.1,156788921,160265664,160265665,T,TG,1
NC_037328.1,NC_032650.1,156788979,160265723,160265724,A,AG,1
NC_037328.1,NC_032650.1,156791873,160268620,160268624,G,GCACC,4
NC_037328.1,NC_032650.1,156793285,160270039,160270040,C,CY,1
NC_037328.1,NC_032650.1,156804809,160281565,160281566,c,ca,1
NC_037328.1,NC_032650.1,156817383,160294144,160294148,c,catat,4
NC_037328.1,NC_032650.1,156831506,160404506,160404509,T,TNNN,3
NC_037328.1,NC_032650.1,156947099,160468688,160468708,c,cggaagcagcCTAGACGTCCA,20
NC_037328.1,NC_032650.1,156947431,160469041,160469042,T,TG,1
NC_037328.1,NC_032650.1,156981666,160503819,160503820,T,TY,1
NC_037328.1,NC_032650.1,156986404,160508551,160508553,a,agg,2
NC_037328.1,NC_032650.1,156988623,160510772,160510775,a,aagg,3
NC_037328.1,NC_032650.1,156989039,160511200,160511206,A,ATATTTT,6
NC_037328.1,NC_032650.1,156990937,160513059,160513060,G,GC,1
NC_037328.1,NC_032650.1,156994995,160517121,160517122,A,AC,1
NC_037328.1,NC_032650.1,156995213,160517339,160517340,G,GR,1
NC_037328.1,NC_032650.1,156995400,160517526,160517527,c,ca,1
NC_037328.1,NC_032650.1,156995669,160517793,160517795,t,tgc,2
NC_037328.1,NC_032650.1,157003338,160525466,160525467,C,CA,1
NC_037328.1,NC_032650.1,157006095,160528225,160528226,c,ca,1
NC_037328.1,NC_032650.1,157012750,160534877,160534895,g,ggaaGGCCTCTCAAAGNNN,18
NC_037328.1,NC_032650.1,157049499,160571645,160571646,c,ca,1
NC_037328.1,NC_032650.1,157055003,160577154,160577156,A,AAG,2
NC_037328.1,NC_032650.1,157112830,160635306,160635307,t,ta,1
NC_037328.1,NC_032650.1,157113219,160635696,160635697,T,TC,1
NC_037328.1,NC_032650.1,157128067,160650474,160650475,g,ga,1
NC_037328.1,NC_032650.1,157128101,160650509,160650510,g,ga,1
NC_037328.1,NC_032650.1,157249391,160770943,160770944,T,TY,1
NC_037328.1,NC_032650.1,157252086,160773640,160773641,g,gc,1
NC_037328.1,NC_032650.1,157254525,160776080,160776092,G,GACTCCGCGCTCC,12
NC_037328.1,NC_032650.1,157314106,160836555,160836556,C,CR,1
NC_037328.1,NC_032650.1,157320274,160842637,160842639,C,CCG,2
NC_037328.1,NC_032650.1,157350495,160872941,160872942,C,CS,1
NC_037328.1,NC_032650.1,157353696,160876172,160876173,T,TC,1
NC_037328.1,NC_032650.1,157401876,160925640,160925641,G,GC,1
NC_037328.1,NC_032650.1,157405440,160929207,160929209,a,act,2
NC_037328.1,NC_032650.1,157420977,160944751,160944752,g,gt,1
NC_037328.1,NC_032650.1,157424394,160948170,160948171,G,GS,1
NC_037328.1,NC_032650.1,157430835,160954613,160954614,T,TY,1
NC_037328.1,NC_032650.1,157474218,160994184,160994188,t,taatc,4
NC_037328.1,NC_032650.1,157476299,160996274,160996275,a,ac,1
NC_037328.1,NC_032650.1,157476601,160996577,160996578,a,ac,1
NC_037328.1,NC_032650.1,157519888,161041202,161041203,A,AC,1
NC_037328.1,NC_032650.1,157522848,161044164,161044168,c,catct,4
NC_037328.1,NC_032650.1,157525614,161046934,161046935,g,gt,1
NC_037328.1,NC_032650.1,157529923,161051244,161051251,c,cagggggt,7
NC_037328.1,NC_032650.1,157530716,161052044,161052045,A,AY,1
NC_037328.1,NC_032650.1,157552004,161074174,161074176,C,CAT,2
NC_037328.1,NC_032650.1,157560590,161082762,161082763,G,GC,1
NC_037328.1,NC_032650.1,157564819,161086854,161086856,a,atc,2
