Reference ID,Query ID,Reference POS,Query POS,Query END,REF,ALT,SVLEN
NC_037348.1,NC_032670.1,616550,1984179,1984180,C,CA,1
NC_037348.1,NC_032670.1,616962,1984591,1984592,t,tg,1
NC_037348.1,NC_032670.1,636859,1988940,1988944,G,GCAGA,4
NC_037348.1,NC_032670.1,637638,1989720,1989732,a,aaaaaaaMCAARC,12
NC_037348.1,NC_032670.1,651270,1996732,1996733,C,CM,1
NC_037348.1,NC_032670.1,652256,1997718,1997719,C,CG,1
NC_037348.1,NC_032670.1,659121,1998581,1998588,A,AGGTTCTG,7
NC_037348.1,NC_032670.1,660881,2000342,2000348,g,gctgctS,6
NC_037348.1,NC_032670.1,662899,2002366,2002368,a,aat,2
NC_037348.1,NC_032670.1,663127,2002596,2002597,C,CT,1
NC_037348.1,NC_032670.1,663410,2002854,2002855,c,cM,1
NC_037348.1,NC_032670.1,664051,2003497,2003500,T,TGAA,3
NC_037348.1,NC_032670.1,673262,1797372,1797373,t,tc,1
NC_037348.1,NC_032670.1,673940,1796687,1796694,G,GTTTATGA,7
NC_037348.1,NC_032670.1,675529,1795103,1795109,C,CTTTATT,6
NC_037348.1,NC_032670.1,686065,1785008,1785010,t,taa,2
NC_037348.1,NC_032670.1,687821,1783248,1783250,A,AGG,2
NC_037348.1,NC_032670.1,725966,1971518,1971519,A,AG,1
NC_037348.1,NC_032670.1,2312946,286911,286912,A,AG,1
NC_037348.1,NC_032670.1,2584381,558859,558860,C,CA,1
NC_037348.1,NC_032670.1,2693510,668615,668616,a,at,1
NC_037348.1,NC_032670.1,2699394,674501,674502,T,TG,1
NC_037348.1,NC_032670.1,2701316,676425,676531,G,GACTATTAATCTCTCNNNNNNNNNNNNNNCTATACGCAATAGCGCTTTTGACCCCATTAGGCAGACCTCAGCTTCCATGCACACAGGGCCCAGTTCTGTGTCTCTTA,106
NC_037348.1,NC_032670.1,2705141,680355,680356,t,tg,1
NC_037348.1,NC_032670.1,2705251,680466,680467,a,ac,1
NC_037348.1,NC_032670.1,2705308,680524,680525,g,gc,1
NC_037348.1,NC_032670.1,2830417,806329,806331,t,tag,2
NC_037348.1,NC_032670.1,3016172,992251,992252,c,ca,1
NC_037348.1,NC_032670.1,3098954,1076882,1076884,t,tNN,2
NC_037348.1,NC_032670.1,3145847,1123777,1123778,c,cg,1
NC_037348.1,NC_032670.1,3182685,1160571,1160572,c,ct,1
NC_037348.1,NC_032670.1,3406834,1384743,1384744,C,CA,1
NC_037348.1,NC_032670.1,3490809,1499539,1499540,a,ac,1
NC_037348.1,NC_032670.1,3491640,1500371,1500373,g,gaa,2
NC_037348.1,NC_032670.1,3511647,1520289,1520292,g,gttc,3
NC_037348.1,NC_032670.1,3756527,2266061,2266075,a,agaagacatacagat,14
NC_037348.1,NC_032670.1,3756695,2266243,2266244,g,gt,1
NC_037348.1,NC_032670.1,3901098,2522727,2522728,t,ta,1
NC_037348.1,NC_032670.1,3905926,2527556,2527557,a,at,1
NC_037348.1,NC_032670.1,3990542,2619998,2619999,G,GA,1
NC_037348.1,NC_032670.1,4102115,2730251,2730253,a,aag,2
NC_037348.1,NC_032670.1,4102183,2730321,2730322,a,ac,1
NC_037348.1,NC_032670.1,4106587,2734729,2734746,t,tctttataatttttttgg,17
NC_037348.1,NC_032670.1,4205759,2854117,2854119,g,gac,2
NC_037348.1,NC_032670.1,4259720,2908106,2908107,C,CM,1
NC_037348.1,NC_032670.1,4274496,2922883,2922892,T,TTGCATAACA,9
NC_037348.1,NC_032670.1,4395627,3044213,3044214,a,ag,1
NC_037348.1,NC_032670.1,4564259,3212903,3212904,a,at,1
NC_037348.1,NC_032670.1,4595606,3244248,3244254,C,CAGAGAT,6
NC_037348.1,NC_032670.1,4671343,3320013,3320014,A,AT,1
NC_037348.1,NC_032670.1,4678715,3326864,3326866,t,tac,2
NC_037348.1,NC_032670.1,4708012,3356164,3356166,t,tNN,2
NC_037348.1,NC_032670.1,4725753,3373907,3373908,C,CA,1
NC_037348.1,NC_032670.1,4882481,3517871,3517872,c,ct,1
NC_037348.1,NC_032670.1,4958520,3591968,3591969,t,tW,1
NC_037348.1,NC_032670.1,5102769,3736963,3736967,a,aacag,4
NC_037348.1,NC_032670.1,5124107,3758306,3758314,t,tttgttttg,8
NC_037348.1,NC_032670.1,5172991,3808810,3808822,c,ctccataccgtct,12
NC_037348.1,NC_032670.1,5209806,3842262,3842263,t,ta,1
NC_037348.1,NC_032670.1,5209844,3842301,3842302,c,ct,1
NC_037348.1,NC_032670.1,5322553,3955116,3955117,t,ta,1
NC_037348.1,NC_032670.1,5322605,3955169,3955170,a,at,1
NC_037348.1,NC_032670.1,5340348,3972912,3972914,A,ACC,2
NC_037348.1,NC_032670.1,5451965,4084538,4084539,G,GA,1
NC_037348.1,NC_032670.1,5452046,4084620,4084621,A,AG,1
NC_037348.1,NC_032670.1,5463680,4096260,4096261,T,TA,1
NC_037348.1,NC_032670.1,5463697,4096278,4096280,C,CNN,2
NC_037348.1,NC_032670.1,5506703,4139285,4139286,A,AG,1
NC_037348.1,NC_032670.1,5674526,4306493,4306519,T,TNNNNNNNNNNNNNNNNNNNNNNNNNN,26
NC_037348.1,NC_032670.1,5806297,4598374,4598376,g,ggc,2
NC_037348.1,NC_032670.1,5843526,4474517,4474518,c,ca,1
NC_037348.1,NC_032670.1,5843726,4474718,4474733,g,gtgattatctgggtca,15
NC_037348.1,NC_032670.1,5845130,4476137,4476138,c,ca,1
NC_037348.1,NC_032670.1,5862674,4493682,4493683,t,tg,1
NC_037348.1,NC_032670.1,5893390,4524400,4524401,g,ga,1
NC_037348.1,NC_032670.1,5983082,4693420,4693421,a,ac,1
NC_037348.1,NC_032670.1,5983877,4694216,4694224,A,AGGCCATTC,8
NC_037348.1,NC_032670.1,6008042,4718423,4718427,c,ctaat,4
NC_037348.1,NC_032670.1,6014276,4724660,4724661,A,AT,1
NC_037348.1,NC_032670.1,6014281,4724666,4724667,A,AC,1
NC_037348.1,NC_032670.1,6014287,4724673,4724674,G,GA,1
NC_037348.1,NC_032670.1,6036200,4746593,4746604,A,AGCAAAGGACGG,11
NC_037348.1,NC_032670.1,6101502,4811891,4811901,g,gNNNNNNNNNN,10
NC_037348.1,NC_032670.1,6231539,4950061,4950062,A,AT,1
NC_037348.1,NC_032670.1,6231557,4950080,4950081,c,ca,1
NC_037348.1,NC_032670.1,6231578,4950102,4950103,G,GA,1
NC_037348.1,NC_032670.1,6319596,5053597,5053598,c,ct,1
NC_037348.1,NC_032670.1,6482700,5217395,5217396,c,ct,1
NC_037348.1,NC_032670.1,6494077,5228773,5228774,T,TG,1
NC_037348.1,NC_032670.1,6640580,5375182,5375184,c,caa,2
NC_037348.1,NC_032670.1,6640776,5375380,5375381,t,tc,1
NC_037348.1,NC_032670.1,6641123,5375728,5375729,c,ca,1
NC_037348.1,NC_032670.1,6764912,5505162,5505164,a,aat,2
NC_037348.1,NC_032670.1,6769789,5510042,5510043,c,ca,1
NC_037348.1,NC_032670.1,7126494,5868555,5868556,C,CS,1
NC_037348.1,NC_032670.1,7134977,5877060,5877061,G,GC,1
NC_037348.1,NC_032670.1,7313388,6104470,6104471,g,gc,1
NC_037348.1,NC_032670.1,7416426,6207509,6207510,C,CA,1
NC_037348.1,NC_032670.1,7516861,6308021,6308022,c,cg,1
NC_037348.1,NC_032670.1,7550034,6341207,6341220,G,GTTCGAACATTTAM,13
NC_037348.1,NC_032670.1,7581930,6373129,6373130,A,AR,1
NC_037348.1,NC_032670.1,7640949,6431655,6431656,a,at,1
NC_037348.1,NC_032670.1,7662952,6453332,6453338,t,ttaagaa,6
NC_037348.1,NC_032670.1,7694077,6484467,6484468,A,AC,1
NC_037348.1,NC_032670.1,7709860,6500266,6500267,G,GA,1
NC_037348.1,NC_032670.1,7789978,6579301,6579303,G,GAC,2
NC_037348.1,NC_032670.1,7859053,6648584,6648586,c,cct,2
NC_037348.1,NC_032670.1,7870128,6659112,6659113,G,GA,1
NC_037348.1,NC_032670.1,7873530,6662528,6662534,g,gtctgtc,6
NC_037348.1,NC_032670.1,7906633,6695660,6695661,C,CA,1
NC_037348.1,NC_032670.1,7912933,6701961,6701962,G,GS,1
NC_037348.1,NC_032670.1,7927175,6716169,6716185,C,CAGTACCATGTGGCTTG,16
NC_037348.1,NC_032670.1,7955370,6744243,6744244,C,CY,1
NC_037348.1,NC_032670.1,7970259,6759138,6759142,t,tNNNN,4
NC_037348.1,NC_032670.1,8006093,6794967,6794968,G,GA,1
NC_037348.1,NC_032670.1,8006294,6795169,6795170,G,GK,1
NC_037348.1,NC_032670.1,8066594,6855474,6855475,t,tg,1
NC_037348.1,NC_032670.1,8066927,6855808,6855810,C,CTG,2
NC_037348.1,NC_032670.1,8093105,6881996,6881997,t,ta,1
NC_037348.1,NC_032670.1,8108476,6897375,6897376,G,GR,1
NC_037348.1,NC_032670.1,8133842,6922736,6922737,A,AM,1
NC_037348.1,NC_032670.1,8231468,7019685,7019686,C,CA,1
NC_037348.1,NC_032670.1,8233602,7022268,7022269,a,at,1
NC_037348.1,NC_032670.1,8234532,7023203,7023204,c,cN,1
NC_037348.1,NC_032670.1,8253440,7042115,7042116,T,TC,1
NC_037348.1,NC_032670.1,8322653,7111398,7111399,T,TK,1
NC_037348.1,NC_032670.1,8421181,7210254,7210255,G,GS,1
NC_037348.1,NC_032670.1,8450839,7239585,7239586,G,GR,1
NC_037348.1,NC_032670.1,8486732,7275675,7275676,T,TC,1
NC_037348.1,NC_032670.1,8518009,7307681,7307682,g,ga,1
NC_037348.1,NC_032670.1,8604599,7391749,7391750,C,CT,1
NC_037348.1,NC_032670.1,8607899,7395053,7395057,G,GCAGA,4
NC_037348.1,NC_032670.1,8684400,7471568,7471569,A,AT,1
NC_037348.1,NC_032670.1,8726632,7513812,7513813,t,ta,1
NC_037348.1,NC_032670.1,8731949,7519180,7519184,t,taaGC,4
NC_037348.1,NC_032670.1,8852316,7639788,7639789,a,ag,1
NC_037348.1,NC_032670.1,8861464,7648923,7648924,C,CA,1
NC_037348.1,NC_032670.1,8865591,7653050,7653051,T,TK,1
NC_037348.1,NC_032670.1,8866988,7654449,7654450,a,ag,1
NC_037348.1,NC_032670.1,8877694,7665190,7665191,t,tg,1
NC_037348.1,NC_032670.1,8881091,7668590,7668591,c,ct,1
NC_037348.1,NC_032670.1,8884691,7673321,7673322,g,ga,1
NC_037348.1,NC_032670.1,8889899,7678528,7678529,g,ga,1
NC_037348.1,NC_032670.1,8934072,7722650,7722651,A,AT,1
NC_037348.1,NC_032670.1,8944504,7733086,7733087,G,GR,1
NC_037348.1,NC_032670.1,8953096,7741684,7741685,C,CA,1
NC_037348.1,NC_032670.1,8964868,7753447,7753448,a,at,1
NC_037348.1,NC_032670.1,8967812,7756394,7756396,c,cat,2
NC_037348.1,NC_032670.1,8969779,7758363,7758365,T,TAA,2
NC_037348.1,NC_032670.1,8978033,7766603,7766604,G,GT,1
NC_037348.1,NC_032670.1,9078153,7866747,7866748,t,tg,1
NC_037348.1,NC_032670.1,9078188,7866783,7866784,g,gt,1
NC_037348.1,NC_032670.1,9078188,7893324,7893325,g,gt,1
NC_037348.1,NC_032670.1,9109073,7891408,7891409,c,ca,1
NC_037348.1,NC_032670.1,9110966,7893317,7893318,t,ta,1
NC_037348.1,NC_032670.1,9111638,7893990,7893991,t,ta,1
NC_037348.1,NC_032670.1,9116236,7898593,7898594,g,gR,1
NC_037348.1,NC_032670.1,9121052,7903416,7903417,G,GK,1
NC_037348.1,NC_032670.1,9140110,7922408,7922409,C,CA,1
NC_037348.1,NC_032670.1,9172649,7955627,7955629,A,AAC,2
NC_037348.1,NC_032670.1,9178777,7961758,7961759,a,ag,1
NC_037348.1,NC_032670.1,9199973,7983470,7983471,t,tg,1
NC_037348.1,NC_032670.1,9238867,8022570,8022571,t,tc,1
NC_037348.1,NC_032670.1,9240627,8024331,8024332,T,TA,1
NC_037348.1,NC_032670.1,9241239,8024944,8024945,T,TY,1
NC_037348.1,NC_032670.1,9259767,8085979,8085983,a,aNNNN,4
NC_037348.1,NC_032670.1,9276637,8102852,8102853,C,CG,1
NC_037348.1,NC_032670.1,9279711,8105927,8105929,t,tta,2
NC_037348.1,NC_032670.1,9323570,8194880,8194881,c,cg,1
NC_037348.1,NC_032670.1,9338893,8210240,8210242,t,tNN,2
NC_037348.1,NC_032670.1,9347115,8218463,8218464,t,ta,1
NC_037348.1,NC_032670.1,9347140,8218489,8218491,a,atg,2
NC_037348.1,NC_032670.1,9503675,8374212,8374213,g,gc,1
NC_037348.1,NC_032670.1,9513267,8383811,8383812,c,ct,1
NC_037348.1,NC_032670.1,9514991,8385536,8385539,g,gaga,3
NC_037348.1,NC_032670.1,9536960,8407527,8407537,g,gtgggGGGGCC,10
NC_037348.1,NC_032670.1,9537018,8407595,8407601,g,gaaaaaa,6
NC_037348.1,NC_032670.1,9541033,8411626,8411627,c,ct,1
NC_037348.1,NC_032670.1,9550014,8420607,8420612,T,TTACAA,5
NC_037348.1,NC_032670.1,9553830,8424430,8424431,a,ag,1
NC_037348.1,NC_032670.1,9557731,8428330,8428331,a,at,1
NC_037348.1,NC_032670.1,9602664,8473425,8473431,A,AAATCTG,6
NC_037348.1,NC_032670.1,9636824,8507587,8507588,T,TA,1
NC_037348.1,NC_032670.1,9641002,8511766,8511771,a,acttct,5
NC_037348.1,NC_032670.1,9746096,8627904,8627905,T,TG,1
NC_037348.1,NC_032670.1,9746150,8627959,8627989,t,tgtCTAANNNNNNNNNNNNNNNNNNNNNNNN,30
NC_037348.1,NC_032670.1,9822412,8704683,8704684,A,AW,1
NC_037348.1,NC_032670.1,9841939,8724245,8724246,A,AM,1
NC_037348.1,NC_032670.1,9931933,8822921,8822922,T,TA,1
NC_037348.1,NC_032670.1,9964744,8855723,8855724,t,tg,1
NC_037348.1,NC_032670.1,9995918,8887147,8887162,C,CATAAGTGTGACATGT,15
NC_037348.1,NC_032670.1,10053935,8945176,8945177,t,tg,1
NC_037348.1,NC_032670.1,10053973,8945215,8945216,t,tg,1
NC_037348.1,NC_032670.1,10064757,8956001,8956002,t,tc,1
NC_037348.1,NC_032670.1,10069146,8960390,8960394,c,cagaa,4
NC_037348.1,NC_032670.1,10125063,9072035,9072040,A,AATATG,5
NC_037348.1,NC_032670.1,10222292,9169318,9169328,T,TTTACCTGTGG,10
NC_037348.1,NC_032670.1,10222907,9169943,9169950,G,GCCCTCAA,7
NC_037348.1,NC_032670.1,10232972,9180007,9180008,c,ct,1
NC_037348.1,NC_032670.1,10240691,9187643,9187645,T,TGG,2
NC_037348.1,NC_032670.1,10487758,9434749,9434752,C,CCTT,3
NC_037348.1,NC_032670.1,10557262,9504802,9504803,G,GN,1
NC_037348.1,NC_032670.1,10715643,9666104,9666105,A,AW,1
NC_037348.1,NC_032670.1,10861115,9812254,9812255,A,AT,1
NC_037348.1,NC_032670.1,10861164,9812304,9812305,G,GA,1
NC_037348.1,NC_032670.1,10870394,9820860,9820862,t,tta,2
NC_037348.1,NC_032670.1,10886394,9836864,9836874,C,CAGGATTNNNN,10
NC_037348.1,NC_032670.1,10902463,9852946,9852947,T,TA,1
NC_037348.1,NC_032670.1,10923753,9874139,9874140,c,ca,1
NC_037348.1,NC_032670.1,10929525,9879912,9879914,a,aat,2
NC_037348.1,NC_032670.1,10956202,9906521,9906522,c,ca,1
NC_037348.1,NC_032670.1,10978936,9929157,9929158,t,tN,1
NC_037348.1,NC_032670.1,10998528,9948859,9948860,c,cS,1
NC_037348.1,NC_032670.1,11006280,9956610,9956611,t,tc,1
NC_037348.1,NC_032670.1,11008824,9959156,9959159,a,aaag,3
NC_037348.1,NC_032670.1,11011583,9961918,9961919,t,tg,1
NC_037348.1,NC_032670.1,11031137,9981502,9981503,a,ag,1
NC_037348.1,NC_032670.1,11042429,9992904,9992905,G,GM,1
NC_037348.1,NC_032670.1,11065467,10015943,10015947,t,tNNNN,4
NC_037348.1,NC_032670.1,11112332,10062808,10062809,t,ta,1
NC_037348.1,NC_032670.1,11112438,10062915,10062917,a,att,2
NC_037348.1,NC_032670.1,11112588,10063067,10063069,a,aNN,2
NC_037348.1,NC_032670.1,11112880,10063361,10063362,G,GR,1
NC_037348.1,NC_032670.1,11122360,10072325,10072326,G,GA,1
NC_037348.1,NC_032670.1,11123954,10073924,10073925,T,TY,1
NC_037348.1,NC_032670.1,11195947,10150588,10150595,a,atggatgt,7
NC_037348.1,NC_032670.1,11266265,10220947,10220950,t,taaa,3
NC_037348.1,NC_032670.1,11305431,10262817,10262818,t,tY,1
NC_037348.1,NC_032670.1,11314198,10273593,10273600,a,aatgctgc,7
NC_037348.1,NC_032670.1,11318420,10277823,10277826,A,AGAG,3
NC_037348.1,NC_032670.1,11363873,10323289,10323290,T,TY,1
NC_037348.1,NC_032670.1,11445234,10374131,10374144,c,cagccactcagtca,13
NC_037348.1,NC_032670.1,11451951,10380461,10380462,t,tc,1
NC_037348.1,NC_032670.1,11478480,10406997,10406998,G,GT,1
NC_037348.1,NC_032670.1,11479200,10407717,10407721,A,ACTAT,4
NC_037348.1,NC_032670.1,11543357,10605978,10605979,t,tc,1
NC_037348.1,NC_032670.1,11582324,10644945,10644947,a,act,2
NC_037348.1,NC_032670.1,11800690,10870291,10870293,t,tNN,2
NC_037348.1,NC_032670.1,11815774,10885373,10885374,a,at,1
NC_037348.1,NC_032670.1,12180679,11249910,11249931,G,GCAACATGTAAGAGACAAGTAC,21
NC_037348.1,NC_032670.1,12231629,11301133,11301134,a,ac,1
NC_037348.1,NC_032670.1,12245404,11314908,11314909,a,ag,1
NC_037348.1,NC_032670.1,12245438,11314943,11314944,a,aN,1
NC_037348.1,NC_032670.1,12420805,11490571,11490581,C,CCTGGGACGGT,10
NC_037348.1,NC_032670.1,12614335,11685318,11685319,c,ct,1
NC_037348.1,NC_032670.1,12614676,11685660,11685663,a,agag,3
NC_037348.1,NC_032670.1,12614761,11685748,11685749,g,gt,1
NC_037348.1,NC_032670.1,12672514,11743502,11743503,a,ag,1
NC_037348.1,NC_032670.1,13057591,12217794,12217795,g,gt,1
NC_037348.1,NC_032670.1,13074253,12124703,12124704,c,ca,1
NC_037348.1,NC_032670.1,13081461,12131914,12131915,T,TG,1
NC_037348.1,NC_032670.1,13292543,12602076,12602078,a,aNN,2
NC_037348.1,NC_032670.1,13328790,12638139,12638147,g,gggaggcct,8
NC_037348.1,NC_032670.1,13331759,12640895,12640896,T,TA,1
NC_037348.1,NC_032670.1,13334237,12643374,12643375,t,ta,1
NC_037348.1,NC_032670.1,13363524,12672660,12672662,c,cat,2
NC_037348.1,NC_032670.1,13397435,12706805,12706807,t,ttg,2
NC_037348.1,NC_032670.1,13417982,12727314,12727315,t,tg,1
NC_037348.1,NC_032670.1,13429170,12739391,12739392,a,at,1
NC_037348.1,NC_032670.1,13485898,12800007,12800008,T,TC,1
NC_037348.1,NC_032670.1,13501326,12815451,12815455,a,acaac,4
NC_037348.1,NC_032670.1,13509792,12823593,12823594,C,CT,1
NC_037348.1,NC_032670.1,13510334,12824136,12824138,a,aac,2
NC_037348.1,NC_032670.1,13553824,12870814,12870818,a,atctc,4
NC_037348.1,NC_032670.1,13567851,12884840,12884842,t,tNN,2
NC_037348.1,NC_032670.1,13573438,12890429,12890430,t,tg,1
NC_037348.1,NC_032670.1,13721189,13038577,13038578,A,AG,1
NC_037348.1,NC_032670.1,13751377,13070164,13070165,a,ac,1
NC_037348.1,NC_032670.1,13780976,13099764,13099765,g,ga,1
NC_037348.1,NC_032670.1,13789585,13108374,13108375,T,TC,1
NC_037348.1,NC_032670.1,13798848,13117642,13117643,t,ta,1
NC_037348.1,NC_032670.1,13886571,13196937,13196947,T,TTTCCCTTAGG,10
NC_037348.1,NC_032670.1,13899689,13209983,13209984,G,GA,1
NC_037348.1,NC_032670.1,13918262,13228414,13228415,T,TG,1
NC_037348.1,NC_032670.1,13932048,13242201,13242207,t,tagagag,6
NC_037348.1,NC_032670.1,14096132,13407025,13407026,a,at,1
NC_037348.1,NC_032670.1,14148759,13459638,13459641,A,AACT,3
NC_037348.1,NC_032670.1,14149433,13460315,13460317,c,caa,2
NC_037348.1,NC_032670.1,14176780,13486582,13486583,G,GT,1
NC_037348.1,NC_032670.1,14307084,13614907,13614908,c,ct,1
NC_037348.1,NC_032670.1,14326851,13634689,13634690,t,tc,1
NC_037348.1,NC_032670.1,14450796,13759146,13759147,A,AR,1
NC_037348.1,NC_032670.1,14451087,13759438,13759441,t,tgtc,3
NC_037348.1,NC_032670.1,14545182,13853667,13853686,T,TCTCCAGCTTGCAAGAGCTG,19
NC_037348.1,NC_032670.1,14603679,13911993,13911994,C,CY,1
NC_037348.1,NC_032670.1,14642112,13950261,13950262,t,tN,1
NC_037348.1,NC_032670.1,14666376,13974525,13974526,G,GS,1
NC_037348.1,NC_032670.1,14677614,13985753,13985754,A,AC,1
NC_037348.1,NC_032670.1,14677660,13985800,13985804,C,CAGTG,4
NC_037348.1,NC_032670.1,14678354,13986498,13986509,t,tgtgtgtgtgtg,11
NC_037348.1,NC_032670.1,14711542,14019698,14019699,t,ta,1
NC_037348.1,NC_032670.1,14744318,14052472,14052476,c,cattt,4
NC_037348.1,NC_032670.1,14748583,14056742,14056743,T,TK,1
NC_037348.1,NC_032670.1,14749176,14057336,14057337,T,TW,1
NC_037348.1,NC_032670.1,14771718,14079879,14079880,a,at,1
NC_037348.1,NC_032670.1,14776783,14084942,14084943,T,TY,1
NC_037348.1,NC_032670.1,14778209,14086369,14086370,g,ga,1
NC_037348.1,NC_032670.1,14784865,14092959,14092960,G,GT,1
NC_037348.1,NC_032670.1,14827468,14151850,14151851,G,GA,1
NC_037348.1,NC_032670.1,14834624,14159012,14159018,C,CATAAGA,6
NC_037348.1,NC_032670.1,14863388,14187734,14187735,c,cY,1
NC_037348.1,NC_032670.1,14988342,14312692,14312695,G,GTCT,3
NC_037348.1,NC_032670.1,14988347,14312700,14312701,G,GA,1
NC_037348.1,NC_032670.1,15017520,14341424,14341425,A,AC,1
NC_037348.1,NC_032670.1,15018176,14342081,14342082,A,AM,1
NC_037348.1,NC_032670.1,15042386,14366297,14366298,g,gt,1
NC_037348.1,NC_032670.1,15043967,14367876,14367879,T,TAMK,3
NC_037348.1,NC_032670.1,15050627,14374536,14374566,T,TMTGGGATAACGTCAAGGTCCCTGACTCCTG,30
NC_037348.1,NC_032670.1,15077093,14447829,14447830,A,AG,1
NC_037348.1,NC_032670.1,15077594,14448331,14448338,A,ACCCATCG,7
NC_037348.1,NC_032670.1,15079086,14449832,14449833,c,ca,1
NC_037348.1,NC_032670.1,15079320,14450067,14450084,C,CAACACTTGCAGAGACCT,17
NC_037348.1,NC_032670.1,15084866,14455594,14455595,C,CA,1
NC_037348.1,NC_032670.1,15105805,14480400,14480401,a,ac,1
NC_037348.1,NC_032670.1,15113826,14488422,14488429,g,ggtttttt,7
NC_037348.1,NC_032670.1,15161418,14536011,14536012,c,ca,1
NC_037348.1,NC_032670.1,15171498,14546631,14546632,C,CM,1
NC_037348.1,NC_032670.1,15265933,14656332,14656342,t,ttatttgaaga,10
NC_037348.1,NC_032670.1,15268350,14658754,14658755,T,TW,1
NC_037348.1,NC_032670.1,15269735,14660141,14660143,a,aag,2
NC_037348.1,NC_032670.1,15308133,14699388,14699389,c,ct,1
NC_037348.1,NC_032670.1,15454802,14852552,14852553,t,ta,1
NC_037348.1,NC_032670.1,15455331,14853082,14853083,C,CA,1
NC_037348.1,NC_032670.1,15556327,14955586,14955587,A,AT,1
NC_037348.1,NC_032670.1,15559081,14958344,14958345,t,tc,1
NC_037348.1,NC_032670.1,15586027,14985164,14985174,t,tNNNNNNNNNN,10
NC_037348.1,NC_032670.1,15609664,15008818,15008819,t,tc,1
NC_037348.1,NC_032670.1,15612050,15011207,15011211,C,CACTT,4
NC_037348.1,NC_032670.1,15615617,15014783,15014787,T,TCTCW,4
NC_037348.1,NC_032670.1,15620793,15019963,15019964,c,cY,1
NC_037348.1,NC_032670.1,15623352,15022524,15022525,c,ct,1
NC_037348.1,NC_032670.1,15634254,15035552,15035554,C,CTT,2
NC_037348.1,NC_032670.1,15667237,15068705,15068709,A,AAACM,4
NC_037348.1,NC_032670.1,15670934,15072407,15072408,T,TW,1
NC_037348.1,NC_032670.1,15695348,15096834,15096844,a,acagtggaaac,10
NC_037348.1,NC_032670.1,15757742,15159253,15159254,t,ta,1
NC_037348.1,NC_032670.1,15788343,15189856,15189857,T,TY,1
NC_037348.1,NC_032670.1,15788739,15190253,15190257,G,GYTYR,4
NC_037348.1,NC_032670.1,15790154,15191672,15191674,A,AAC,2
NC_037348.1,NC_032670.1,15790612,15192132,15192134,C,CCA,2
NC_037348.1,NC_032670.1,15790767,15192289,15192290,C,CA,1
NC_037348.1,NC_032670.1,15792949,15194767,15194768,A,AR,1
NC_037348.1,NC_032670.1,15793769,15195588,15195589,t,ta,1
NC_037348.1,NC_032670.1,15796229,15198724,15198725,g,gc,1
NC_037348.1,NC_032670.1,15800464,15202959,15202960,g,gt,1
NC_037348.1,NC_032670.1,15815553,15218069,15218070,C,CA,1
NC_037348.1,NC_032670.1,15815925,15218441,15218442,A,AG,1
NC_037348.1,NC_032670.1,15818953,15221469,15221471,c,cat,2
NC_037348.1,NC_032670.1,15822077,15224592,15224601,g,gggaaacagt,9
NC_037348.1,NC_032670.1,15839120,15242858,15242860,a,agg,2
NC_037348.1,NC_032670.1,15839150,15242890,15242891,g,ga,1
NC_037348.1,NC_032670.1,15861686,15265417,15265418,A,AT,1
NC_037348.1,NC_032670.1,16142871,15555454,15555455,c,ct,1
NC_037348.1,NC_032670.1,16301361,15714605,15714607,A,AAT,2
NC_037348.1,NC_032670.1,16303607,15716853,15716857,t,taaaa,4
NC_037348.1,NC_032670.1,16371518,15784817,15784827,c,cagaggatgag,10
NC_037348.1,NC_032670.1,16376690,15800508,15800513,T,TGACGA,5
NC_037348.1,NC_032670.1,16401909,15825749,15825751,c,cag,2
NC_037348.1,NC_032670.1,16448459,15872381,15872382,T,TY,1
NC_037348.1,NC_032670.1,16492338,15916272,15916273,t,ta,1
NC_037348.1,NC_032670.1,16508760,15932722,15932723,c,ct,1
NC_037348.1,NC_032670.1,16509298,15933260,15933261,T,TA,1
NC_037348.1,NC_032670.1,16677672,15969881,15969882,T,TW,1
NC_037348.1,NC_032670.1,16678294,15970496,15970497,g,gc,1
NC_037348.1,NC_032670.1,16694404,15986660,15986661,a,ag,1
NC_037348.1,NC_032670.1,16700581,15993266,15993271,A,ACGCCT,5
NC_037348.1,NC_032670.1,16703135,15995584,15995585,A,AG,1
NC_037348.1,NC_032670.1,16777007,16339681,16339685,g,gacac,4
NC_037348.1,NC_032670.1,16777657,16340334,16340335,C,CS,1
NC_037348.1,NC_032670.1,16778542,16341223,16341224,t,tW,1
NC_037348.1,NC_032670.1,16797279,16359979,16359987,t,ttttttaaa,8
NC_037348.1,NC_032670.1,16808875,16421982,16422002,T,TTTCTCAGGCTCTCTAAACTC,20
NC_037348.1,NC_032670.1,16942745,16556636,16556645,T,TGGGGTACAA,9
NC_037348.1,NC_032670.1,17143202,16721016,16721017,C,CS,1
NC_037348.1,NC_032670.1,17156299,16734113,16734114,c,cg,1
NC_037348.1,NC_032670.1,17159902,16737716,16737717,t,tc,1
NC_037348.1,NC_032670.1,17323719,16901560,16901561,t,ta,1
NC_037348.1,NC_032670.1,17323846,16901688,16901689,c,ca,1
NC_037348.1,NC_032670.1,17340894,16918737,16918738,a,at,1
NC_037348.1,NC_032670.1,17376245,16954086,16954087,t,tc,1
NC_037348.1,NC_032670.1,17389267,16967105,16967106,C,CM,1
NC_037348.1,NC_032670.1,17389469,16967308,16967309,t,tc,1
NC_037348.1,NC_032670.1,17395391,16973231,16973232,T,TA,1
NC_037348.1,NC_032670.1,17400112,16977954,16977956,c,ctt,2
NC_037348.1,NC_032670.1,17414761,16992609,16992610,A,AT,1
NC_037348.1,NC_032670.1,17417025,16994874,16994875,g,gt,1
NC_037348.1,NC_032670.1,17417242,16995092,16995093,t,tg,1
NC_037348.1,NC_032670.1,17427823,17005674,17005675,G,GR,1
NC_037348.1,NC_032670.1,17437424,17015279,17015280,T,TY,1
NC_037348.1,NC_032670.1,17440423,17018282,17018283,A,AR,1
NC_037348.1,NC_032670.1,17440590,17018450,17018452,A,ACT,2
NC_037348.1,NC_032670.1,17572166,17150036,17150037,g,gt,1
NC_037348.1,NC_032670.1,17696390,17305732,17305733,g,ga,1
NC_037348.1,NC_032670.1,17698933,17308273,17308274,g,gt,1
NC_037348.1,NC_032670.1,17699071,17308412,17308446,a,acatatatatgtatgtgtgtgtgtgtgtgtgtgtg,34
NC_037348.1,NC_032670.1,17700607,17309985,17309989,a,atagt,4
NC_037348.1,NC_032670.1,17709135,17318513,17318526,T,TGACTGCAAATAGG,13
NC_037348.1,NC_032670.1,17709941,17319333,17319335,A,AGT,2
NC_037348.1,NC_032670.1,17722747,17335692,17335693,g,ga,1
NC_037348.1,NC_032670.1,17726754,17339702,17339703,t,tc,1
NC_037348.1,NC_032670.1,17727163,17340112,17340113,T,TC,1
NC_037348.1,NC_032670.1,17732451,17345401,17345402,G,GK,1
NC_037348.1,NC_032670.1,17777776,17390738,17390740,T,TAG,2
NC_037348.1,NC_032670.1,17791914,17404921,17404922,c,ct,1
NC_037348.1,NC_032670.1,17809408,17422249,17422253,a,aaaNN,4
NC_037348.1,NC_032670.1,17823204,17436050,17436052,a,aNN,2
NC_037348.1,NC_032670.1,17835253,17448582,17448583,a,at,1
NC_037348.1,NC_032670.1,17835326,17448657,17448658,t,tg,1
NC_037348.1,NC_032670.1,17845407,17458918,17458919,g,gt,1
NC_037348.1,NC_032670.1,17853048,17466560,17466561,T,TG,1
NC_037348.1,NC_032670.1,17973338,17587342,17587363,g,gcccatctttgcatggaacatt,21
NC_037348.1,NC_032670.1,17991125,17605164,17605165,c,ca,1
NC_037348.1,NC_032670.1,18004180,17618221,17618223,a,aNN,2
NC_037348.1,NC_032670.1,18016782,17630822,17630823,T,TA,1
NC_037348.1,NC_032670.1,18070820,17692023,17692024,C,CT,1
NC_037348.1,NC_032670.1,18106244,17727442,17727444,a,aNN,2
NC_037348.1,NC_032670.1,18107890,17729091,17729093,t,tta,2
NC_037348.1,NC_032670.1,18107915,17729118,17729119,a,ag,1
NC_037348.1,NC_032670.1,18112931,17734133,17734135,a,aNN,2
NC_037348.1,NC_032670.1,18163251,17784459,17784461,a,atN,2
NC_037348.1,NC_032670.1,18316091,17937081,17937082,t,tc,1
NC_037348.1,NC_032670.1,18364704,17985391,17985392,a,ag,1
NC_037348.1,NC_032670.1,18511058,18131752,18131761,G,GCACCGCACA,9
NC_037348.1,NC_032670.1,18535664,18156383,18156393,a,actgatctgat,10
NC_037348.1,NC_032670.1,18539863,18160604,18160620,a,aNNNNNNNNNNNNNNNN,16
NC_037348.1,NC_032670.1,18551006,18171835,18171838,A,AAAG,3
NC_037348.1,NC_032670.1,18565142,18185973,18185974,T,TW,1
NC_037348.1,NC_032670.1,18574174,18195007,18195020,G,GTGCCCCTTCAAGA,13
NC_037348.1,NC_032670.1,18576624,18197468,18197470,g,gga,2
NC_037348.1,NC_032670.1,18585066,18205912,18205913,A,AG,1
NC_037348.1,NC_032670.1,18589298,18210144,18210145,t,ta,1
NC_037348.1,NC_032670.1,18636916,18257795,18257796,g,gR,1
NC_037348.1,NC_032670.1,18710565,18332570,18332572,A,ACT,2
NC_037348.1,NC_032670.1,18732341,18354354,18354355,A,AR,1
NC_037348.1,NC_032670.1,18748713,18370729,18370730,g,ga,1
NC_037348.1,NC_032670.1,18775263,18397302,18397303,C,CT,1
NC_037348.1,NC_032670.1,18785571,18407959,18407983,G,GTGAGAGATGCTAAAAGTAACGGCA,24
NC_037348.1,NC_032670.1,18803174,18425936,18425937,T,TY,1
NC_037348.1,NC_032670.1,18817798,18440598,18440601,a,aagg,3
NC_037348.1,NC_032670.1,18819651,18442464,18442476,t,tgggcttccctga,12
NC_037348.1,NC_032670.1,18845333,18468145,18468149,G,GATGT,4
NC_037348.1,NC_032670.1,18845916,18468732,18468733,a,ac,1
NC_037348.1,NC_032670.1,18850655,18473914,18473915,C,CT,1
NC_037348.1,NC_032670.1,18852083,18475355,18475356,T,TA,1
NC_037348.1,NC_032670.1,18872065,18495343,18495344,A,AT,1
NC_037348.1,NC_032670.1,18898815,18522094,18522095,C,CA,1
NC_037348.1,NC_032670.1,18899469,18522747,18522748,T,TC,1
NC_037348.1,NC_032670.1,18917821,18540828,18540829,G,GC,1
NC_037348.1,NC_032670.1,18940533,18563544,18563546,T,TTG,2
NC_037348.1,NC_032670.1,18942475,18565491,18565492,T,TY,1
NC_037348.1,NC_032670.1,18945124,18568140,18568178,A,AGCGGAGCTCTACTGGATAATTCTCCAACATTTCCTTTT,38
NC_037348.1,NC_032670.1,18959894,18582794,18582795,T,TC,1
NC_037348.1,NC_032670.1,18972846,18595746,18595747,G,GA,1
NC_037348.1,NC_032670.1,18983576,18606492,18606493,C,CT,1
NC_037348.1,NC_032670.1,18994949,18617867,18617868,A,AG,1
NC_037348.1,NC_032670.1,18995814,18618731,18618732,A,AM,1
NC_037348.1,NC_032670.1,19012235,18635152,18635175,t,tggacatgagtttgagccagctcc,23
NC_037348.1,NC_032670.1,19065164,18688119,18688121,A,ACT,2
NC_037348.1,NC_032670.1,19554248,19181997,19182005,a,aNNNNNNNN,8
NC_037348.1,NC_032670.1,19575502,19203291,19203293,A,ACC,2
NC_037348.1,NC_032670.1,19576042,19203833,19203834,G,GC,1
NC_037348.1,NC_032670.1,19596989,19224774,19224775,A,AM,1
NC_037348.1,NC_032670.1,19616918,19244714,19244716,t,ttg,2
NC_037348.1,NC_032670.1,19626839,19254637,19254639,G,GWS,2
NC_037348.1,NC_032670.1,19628083,19255881,19255882,a,ag,1
NC_037348.1,NC_032670.1,19628882,19256682,19256683,A,AT,1
NC_037348.1,NC_032670.1,19629740,19257537,19257538,T,TA,1
NC_037348.1,NC_032670.1,19632575,19260243,19260246,T,TTTA,3
NC_037348.1,NC_032670.1,19645405,19273073,19273074,G,GT,1
NC_037348.1,NC_032670.1,19650210,19277755,19277756,T,TG,1
NC_037348.1,NC_032670.1,19651683,19279229,19279230,T,TG,1
NC_037348.1,NC_032670.1,19651910,19279458,19279459,A,AC,1
NC_037348.1,NC_032670.1,19651919,19279468,19279469,T,TC,1
NC_037348.1,NC_032670.1,19651945,19279495,19279497,a,aag,2
NC_037348.1,NC_032670.1,19653586,19281138,19281139,C,CA,1
NC_037348.1,NC_032670.1,19663552,19291104,19291105,g,ga,1
NC_037348.1,NC_032670.1,19741617,19387168,19387169,c,ct,1
NC_037348.1,NC_032670.1,19743225,19388777,19388778,C,CY,1
NC_037348.1,NC_032670.1,19746187,19391743,19391744,T,TG,1
NC_037348.1,NC_032670.1,19746213,19391770,19391777,a,aaattctg,7
NC_037348.1,NC_032670.1,19763924,19343749,19343750,t,tg,1
NC_037348.1,NC_032670.1,19763924,19409204,19409205,t,tg,1
NC_037348.1,NC_032670.1,19780926,19425980,19425985,C,CTTCTA,5
NC_037348.1,NC_032670.1,19791356,19436414,19436415,T,TY,1
NC_037348.1,NC_032670.1,19791405,19436464,19436465,C,CT,1
NC_037348.1,NC_032670.1,19791639,19436698,19436700,t,tac,2
NC_037348.1,NC_032670.1,19798867,19443923,19443924,c,cY,1
NC_037348.1,NC_032670.1,19828324,19901274,19901275,A,AG,1
NC_037348.1,NC_032670.1,19831290,19899600,19899601,A,AC,1
NC_037348.1,NC_032670.1,19841195,19889692,19889693,A,AG,1
NC_037348.1,NC_032670.1,19841518,19889368,19889369,A,AG,1
NC_037348.1,NC_032670.1,19926881,19642760,19642761,A,AW,1
NC_037348.1,NC_032670.1,19928274,19644399,19644400,a,ag,1
NC_037348.1,NC_032670.1,19929967,19646089,19646090,T,TY,1
NC_037348.1,NC_032670.1,19932937,19649060,19649073,G,GGGTGAAGATCACA,13
NC_037348.1,NC_032670.1,19933146,19649282,19649283,T,TG,1
NC_037348.1,NC_032670.1,19939288,19655425,19655426,T,TY,1
NC_037348.1,NC_032670.1,19941154,19657292,19657293,A,AT,1
NC_037348.1,NC_032670.1,19965855,19682023,19682024,C,CA,1
NC_037348.1,NC_032670.1,19965978,19682147,19682148,G,GC,1
NC_037348.1,NC_032670.1,19967538,19683708,19683709,C,CY,1
NC_037348.1,NC_032670.1,19997063,19713239,19713240,t,ta,1
NC_037348.1,NC_032670.1,19998219,19714396,19714397,T,TA,1
NC_037348.1,NC_032670.1,20144009,19963966,19963967,A,AG,1
NC_037348.1,NC_032670.1,20144627,19964583,19964584,T,TG,1
NC_037348.1,NC_032670.1,20144795,19964752,19964753,G,GR,1
NC_037348.1,NC_032670.1,20146268,19966224,19966225,T,TC,1
NC_037348.1,NC_032670.1,20147207,19967164,19967167,T,TCGG,3
NC_037348.1,NC_032670.1,20250940,19978574,19978575,t,tc,1
NC_037348.1,NC_032670.1,20251196,19978831,19978832,T,TC,1
NC_037348.1,NC_032670.1,20251249,19978885,19978927,C,CTGCACTCAAAGGTAAATTAGGGAAGGCTATCACCGTGATTAT,42
NC_037348.1,NC_032670.1,20256054,19983726,19983727,a,aM,1
NC_037348.1,NC_032670.1,20256203,19983876,19983879,c,cttt,3
NC_037348.1,NC_032670.1,20258747,19986419,19986420,C,CT,1
NC_037348.1,NC_032670.1,20260395,19988068,19988069,G,GA,1
NC_037348.1,NC_032670.1,20300699,20028350,20028351,T,TA,1
NC_037348.1,NC_032670.1,20336140,20063793,20063794,g,gS,1
NC_037348.1,NC_032670.1,20336519,20064257,20064258,c,ct,1
NC_037348.1,NC_032670.1,20337457,20065196,20065197,T,TC,1
NC_037348.1,NC_032670.1,20349274,20076913,20076914,a,ac,1
NC_037348.1,NC_032670.1,20349328,20076968,20076969,a,ac,1
NC_037348.1,NC_032670.1,20353601,20124048,20124049,G,GA,1
NC_037348.1,NC_032670.1,20366195,20136642,20136643,C,CA,1
NC_037348.1,NC_032670.1,20463212,20233685,20233686,C,CY,1
NC_037348.1,NC_032670.1,20464161,20234635,20234636,C,CT,1
NC_037348.1,NC_032670.1,20491663,20262141,20262142,C,CS,1
NC_037348.1,NC_032670.1,20517965,20288447,20288448,g,ga,1
NC_037348.1,NC_032670.1,20560710,20331030,20331031,A,AM,1
NC_037348.1,NC_032670.1,20574063,20344387,20344388,t,tg,1
NC_037348.1,NC_032670.1,20652536,20423129,20423234,C,CCGGCAATTGAGTGCCTAACANNNNNNNNNNNNNNNNNNNNNNNNNNNNNNNNNNNNNNNNNNNNNNNNNNNNNNNNNNNNNNNNNACCCTTATCTCAACGTTTAT,105
NC_037348.1,NC_032670.1,20672700,20443266,20443268,g,gta,2
NC_037348.1,NC_032670.1,20734861,20498516,20498518,a,aaN,2
NC_037348.1,NC_032670.1,20765043,20528711,20528712,C,CY,1
NC_037348.1,NC_032670.1,20843474,20607150,20607151,C,CM,1
NC_037348.1,NC_032670.1,20901997,20665660,20665661,C,CG,1
NC_037348.1,NC_032670.1,21123349,20883271,20883272,g,ga,1
NC_037348.1,NC_032670.1,21147642,20903834,20903835,G,GA,1
NC_037348.1,NC_032670.1,21214858,20970687,20970691,t,tttta,4
NC_037348.1,NC_032670.1,21223522,20979355,20979364,c,cacgactgaa,9
NC_037348.1,NC_032670.1,21230065,20985908,20985918,t,taggtttctca,10
NC_037348.1,NC_032670.1,21271061,21026753,21026757,T,TAGTC,4
NC_037348.1,NC_032670.1,21300143,21055953,21055955,C,CCT,2
NC_037348.1,NC_032670.1,21435099,21191161,21191188,G,GGTTCGGGCGGGCGAGGAATANNNNNNN,27
NC_037348.1,NC_032670.1,21513675,21259980,21259981,g,gc,1
NC_037348.1,NC_032670.1,21561738,21308058,21308059,t,ta,1
NC_037348.1,NC_032670.1,21792624,21539146,21539147,G,GC,1
NC_037348.1,NC_032670.1,21793786,21540236,21540237,C,CT,1
NC_037348.1,NC_032670.1,21804705,21551159,21551161,a,aNN,2
NC_037348.1,NC_032670.1,21886862,21633580,21633581,G,GC,1
NC_037348.1,NC_032670.1,21889482,21636202,21636204,G,GAC,2
NC_037348.1,NC_032670.1,21992821,21739711,21739712,C,CM,1
NC_037348.1,NC_032670.1,22005397,21752290,21752291,c,cg,1
NC_037348.1,NC_032670.1,22043524,21790311,21790314,T,TGGC,3
NC_037348.1,NC_032670.1,22081737,21828310,21828311,A,AM,1
NC_037348.1,NC_032670.1,22097428,21843874,21843875,c,ct,1
NC_037348.1,NC_032670.1,22102276,21848614,21848615,a,aN,1
NC_037348.1,NC_032670.1,22172225,21918568,21918572,t,tNNNN,4
NC_037348.1,NC_032670.1,22500532,22242235,22242236,A,AG,1
NC_037348.1,NC_032670.1,22536132,22277835,22277836,a,at,1
NC_037348.1,NC_032670.1,22564900,22306597,22306599,c,cgt,2
NC_037348.1,NC_032670.1,22565239,22307025,22307031,c,cgtgtgt,6
NC_037348.1,NC_032670.1,22565493,22307348,22307350,c,cgt,2
NC_037348.1,NC_032670.1,22565631,22307551,22307569,c,cgtgtgtgtgtgtgtgtgt,18
NC_037348.1,NC_032670.1,22565824,22307764,22307766,c,cgt,2
NC_037348.1,NC_032670.1,22582777,22324806,22324808,a,aat,2
NC_037348.1,NC_032670.1,22586289,22328164,22328165,t,tg,1
NC_037348.1,NC_032670.1,22586394,22328270,22328279,T,TGGGAGTATC,9
NC_037348.1,NC_032670.1,22685446,22427568,22427569,C,CA,1
NC_037348.1,NC_032670.1,22759338,22501488,22501534,g,gccttcTTACTTGGGGATACACACACCttctttaacacacacacacc,46
NC_037348.1,NC_032670.1,22778424,22520622,22520625,G,GAAA,3
NC_037348.1,NC_032670.1,22808670,22550871,22550872,G,GA,1
NC_037348.1,NC_032670.1,22900651,22641933,22641940,a,aNNNNtat,7
NC_037348.1,NC_032670.1,22902652,22643941,22643951,c,catatatatat,10
NC_037348.1,NC_032670.1,23008992,22748311,22748312,C,CA,1
NC_037348.1,NC_032670.1,23022254,22761573,22761574,t,ta,1
NC_037348.1,NC_032670.1,23143573,22882923,22882925,t,tta,2
NC_037348.1,NC_032670.1,23256545,22996171,22996172,T,TC,1
NC_037348.1,NC_032670.1,23282328,23021957,23021958,a,aM,1
NC_037348.1,NC_032670.1,23290440,23030061,23030062,A,AC,1
NC_037348.1,NC_032670.1,23291170,23030793,23030794,g,ga,1
NC_037348.1,NC_032670.1,23294400,23034026,23034027,g,gA,1
NC_037348.1,NC_032670.1,23298786,23038415,23038416,A,AT,1
NC_037348.1,NC_032670.1,23302650,23042273,23042274,a,ag,1
NC_037348.1,NC_032670.1,23307738,23047354,23047355,C,CA,1
NC_037348.1,NC_032670.1,23324981,23064600,23064601,g,ga,1
NC_037348.1,NC_032670.1,23433290,23231436,23231440,C,CCAGA,4
NC_037348.1,NC_032670.1,23632375,23410425,23410427,a,aNN,2
NC_037348.1,NC_032670.1,23709069,23487038,23487050,G,GTCGGACGTTGAN,12
NC_037348.1,NC_032670.1,23712464,23495142,23495143,a,ag,1
NC_037348.1,NC_032670.1,23871491,23653986,23653987,G,GA,1
NC_037348.1,NC_032670.1,24026599,23820065,23820066,g,gc,1
NC_037348.1,NC_032670.1,24043991,23837482,23837483,t,tg,1
NC_037348.1,NC_032670.1,24068806,23865854,23865855,A,AM,1
NC_037348.1,NC_032670.1,24080163,23877063,23877064,a,aR,1
NC_037348.1,NC_032670.1,24087705,23884607,23884609,G,GGC,2
NC_037348.1,NC_032670.1,24146280,23884868,23884869,c,ca,1
NC_037348.1,NC_032670.1,24163869,23902311,23902313,a,atN,2
NC_037348.1,NC_032670.1,24247986,23987795,23987796,C,CT,1
NC_037348.1,NC_032670.1,24249703,23989513,23989514,T,TA,1
NC_037348.1,NC_032670.1,24249756,23989567,23989568,g,ga,1
NC_037348.1,NC_032670.1,24249820,23989633,23989634,g,gc,1
NC_037348.1,NC_032670.1,24253867,23993680,23993682,t,tga,2
NC_037348.1,NC_032670.1,24254177,23993992,23993993,a,aN,1
NC_037348.1,NC_032670.1,24303702,24043523,24043601,t,ttttaagtatttttttaaaaagtaagacacGAAACGANNNNNNNNNNNNNNNNNNNNNNAGTAGCCGCCTTCCAGGGgg,78
NC_037348.1,NC_032670.1,24351987,24091759,24091760,t,tg,1
NC_037348.1,NC_032670.1,24405336,24145126,24145128,t,tga,2
NC_037348.1,NC_032670.1,24405361,24145153,24145154,t,tg,1
NC_037348.1,NC_032670.1,24405536,24145329,24145330,c,ca,1
NC_037348.1,NC_032670.1,24505637,24245758,24245771,C,CTGAAACCACTAAM,13
NC_037348.1,NC_032670.1,24532663,24272787,24272789,t,tta,2
NC_037348.1,NC_032670.1,24565483,24305637,24305638,c,ct,1
NC_037348.1,NC_032670.1,24572207,24312365,24312366,c,ct,1
NC_037348.1,NC_032670.1,24575262,24315418,24315419,t,tg,1
NC_037348.1,NC_032670.1,24581591,24324408,24324411,G,GAGA,3
NC_037348.1,NC_032670.1,24587154,24329974,24329976,C,CAT,2
NC_037348.1,NC_032670.1,24598067,24340889,24340891,t,tNN,2
NC_037348.1,NC_032670.1,24622217,24365045,24365046,g,ga,1
NC_037348.1,NC_032670.1,24634825,24377654,24377660,a,aNNNNNN,6
NC_037348.1,NC_032670.1,24676955,24419830,24419831,A,AG,1
NC_037348.1,NC_032670.1,24678290,24421167,24421168,T,TY,1
NC_037348.1,NC_032670.1,24939400,24683180,24683182,T,TAG,2
NC_037348.1,NC_032670.1,24951434,24695215,24695216,G,GT,1
NC_037348.1,NC_032670.1,24954315,24698098,24698099,g,ga,1
NC_037348.1,NC_032670.1,24979433,24723218,24723220,t,tta,2
NC_037348.1,NC_032670.1,24984225,24728006,24728007,t,tg,1
NC_037348.1,NC_032670.1,24984594,24728371,24728375,t,tgata,4
NC_037348.1,NC_032670.1,24985001,24728781,24728784,c,caga,3
NC_037348.1,NC_032670.1,24985426,24729209,24729210,a,ac,1
NC_037348.1,NC_032670.1,25071626,24815421,24815422,T,TN,1
NC_037348.1,NC_032670.1,25077596,24821392,24821393,C,CS,1
NC_037348.1,NC_032670.1,25077691,24821488,24821489,G,GC,1
NC_037348.1,NC_032670.1,25098091,24841892,24841893,t,ta,1
NC_037348.1,NC_032670.1,25124685,24868505,24868506,a,ag,1
NC_037348.1,NC_032670.1,25165484,24910507,24910508,A,AT,1
NC_037348.1,NC_032670.1,25193959,24938893,24938896,A,AAAC,3
NC_037348.1,NC_032670.1,25202071,24947008,24947009,T,TC,1
NC_037348.1,NC_032670.1,25223625,24968564,24968567,t,tagc,3
NC_037348.1,NC_032670.1,25225632,24970573,24970574,G,GA,1
NC_037348.1,NC_032670.1,25226126,24971068,24971069,G,GA,1
NC_037348.1,NC_032670.1,25327999,25073855,25073856,t,ta,1
NC_037348.1,NC_032670.1,25364192,25110650,25110652,C,CTA,2
NC_037348.1,NC_032670.1,25394196,25140766,25140767,G,GA,1
NC_037348.1,NC_032670.1,25394237,25140808,25140809,C,CA,1
NC_037348.1,NC_032670.1,25394246,25140818,25140819,A,AC,1
NC_037348.1,NC_032670.1,25395373,25141946,25141947,T,TA,1
NC_037348.1,NC_032670.1,25436244,25182815,25182816,C,CT,1
NC_037348.1,NC_032670.1,25439438,25186010,25186018,a,atagggaag,8
NC_037348.1,NC_032670.1,25473050,25219631,25219632,A,AW,1
NC_037348.1,NC_032670.1,25473064,25219646,25219648,G,GAT,2
NC_037348.1,NC_032670.1,25496020,25242607,25242608,A,AR,1
NC_037348.1,NC_032670.1,25659238,25424651,25424652,g,gt,1
NC_037348.1,NC_032670.1,25662281,25427695,25427697,c,ctg,2
NC_037348.1,NC_032670.1,25736967,25503428,25503429,A,AC,1
NC_037348.1,NC_032670.1,25784118,25541324,25541325,A,AG,1
NC_037348.1,NC_032670.1,25813564,25571098,25571107,t,tNNNNNNNNN,9
NC_037348.1,NC_032670.1,25826618,25584166,25584167,A,AC,1
NC_037348.1,NC_032670.1,25829274,25586823,25586825,C,CTA,2
NC_037348.1,NC_032670.1,25843256,25600818,25600819,A,AG,1
NC_037348.1,NC_032670.1,25851136,25608703,25608704,t,tc,1
NC_037348.1,NC_032670.1,25864558,25622123,25622124,a,ac,1
NC_037348.1,NC_032670.1,25871408,25628977,25628980,a,aaag,3
NC_037348.1,NC_032670.1,25871694,25629267,25629270,t,ttgg,3
NC_037348.1,NC_032670.1,25872682,25630258,25630263,t,taaatg,5
NC_037348.1,NC_032670.1,25873137,25630717,25630719,T,TTA,2
NC_037348.1,NC_032670.1,25876440,25633892,25633893,a,ag,1
NC_037348.1,NC_032670.1,25878682,25636137,25636138,a,aR,1
NC_037348.1,NC_032670.1,25880694,25638134,25638135,c,ct,1
NC_037348.1,NC_032670.1,25884441,25644131,25644132,a,ag,1
NC_037348.1,NC_032670.1,25890649,25650346,25650347,G,GC,1
NC_037348.1,NC_032670.1,25893656,25653350,25653351,c,cg,1
NC_037348.1,NC_032670.1,25907522,25666813,25666814,A,AT,1
NC_037348.1,NC_032670.1,25936937,25702370,25702371,g,ga,1
NC_037348.1,NC_032670.1,25946080,25719552,25719553,a,at,1
NC_037348.1,NC_032670.1,25986713,25760575,25760576,T,TG,1
NC_037348.1,NC_032670.1,26042752,25820689,25820696,T,TCTTAAGG,7
NC_037348.1,NC_032670.1,26126725,25904498,25904500,c,ctg,2
NC_037348.1,NC_032670.1,26156485,25932922,25932924,a,aac,2
NC_037348.1,NC_032670.1,26157056,25933495,25933496,T,TY,1
NC_037348.1,NC_032670.1,26163378,25939809,25939810,a,aN,1
NC_037348.1,NC_032670.1,26197371,25973810,25973812,a,aNN,2
NC_037348.1,NC_032670.1,26201164,25977606,25977607,a,ag,1
NC_037348.1,NC_032670.1,26218516,25994943,25994945,G,GGA,2
NC_037348.1,NC_032670.1,26223218,25999647,25999675,t,tcgcacacgactgaagtgacttagcagca,28
NC_037348.1,NC_032670.1,26225689,26002146,26002150,c,cacat,4
NC_037348.1,NC_032670.1,26245936,26023912,26023917,t,ttattg,5
NC_037348.1,NC_032670.1,26259573,26037554,26037557,T,TCTC,3
NC_037348.1,NC_032670.1,26278737,26056860,26056861,t,tg,1
NC_037348.1,NC_032670.1,26283143,26061315,26061316,t,ta,1
NC_037348.1,NC_032670.1,26283157,26061330,26061332,t,tta,2
NC_037348.1,NC_032670.1,26316394,26094571,26094573,a,act,2
NC_037348.1,NC_032670.1,26352579,26130552,26130553,g,ga,1
NC_037348.1,NC_032670.1,26353889,26131863,26131864,C,CT,1
NC_037348.1,NC_032670.1,26355056,26133031,26133032,t,ta,1
NC_037348.1,NC_032670.1,26372882,26150614,26150615,a,at,1
NC_037348.1,NC_032670.1,26378465,26156194,26156198,g,gtttt,4
NC_037348.1,NC_032670.1,26380598,26158331,26158340,G,GAAATTCTGA,9
NC_037348.1,NC_032670.1,26384232,26161971,26161972,a,ag,1
NC_037348.1,NC_032670.1,26392272,26170013,26170014,A,AG,1
NC_037348.1,NC_032670.1,26405351,26183095,26183096,g,gt,1
NC_037348.1,NC_032670.1,26414899,26192595,26192596,c,cY,1
NC_037348.1,NC_032670.1,26421311,26199014,26199015,C,CA,1
NC_037348.1,NC_032670.1,26492922,26270291,26270292,c,ct,1
NC_037348.1,NC_032670.1,26493537,26270907,26270908,A,AG,1
NC_037348.1,NC_032670.1,26504406,26281777,26281778,t,ta,1
NC_037348.1,NC_032670.1,26567428,26344730,26344731,a,ac,1
NC_037348.1,NC_032670.1,26836072,26675721,26675722,a,at,1
NC_037348.1,NC_032670.1,26848665,26688315,26688317,a,aNN,2
NC_037348.1,NC_032670.1,26852485,26692137,26692138,g,gt,1
NC_037348.1,NC_032670.1,26852491,26692144,26692146,a,aag,2
NC_037348.1,NC_032670.1,26900762,26741279,26741283,T,TATNN,4
NC_037348.1,NC_032670.1,26900817,26741338,26741339,T,TA,1
NC_037348.1,NC_032670.1,26904460,26744978,26744982,A,ATGCT,4
NC_037348.1,NC_032670.1,26914321,26754672,26754673,g,gc,1
NC_037348.1,NC_032670.1,26928589,26768950,26768951,G,GR,1
NC_037348.1,NC_032670.1,26951685,26792060,26792062,a,aWt,2
NC_037348.1,NC_032670.1,26964112,26804488,26804500,T,TTCAAAGTTCAGA,12
NC_037348.1,NC_032670.1,26979806,26820233,26820234,t,tG,1
NC_037348.1,NC_032670.1,27000634,26841284,26841285,G,GC,1
NC_037348.1,NC_032670.1,27010444,26851100,26851101,G,GR,1
NC_037348.1,NC_032670.1,27079522,26920538,26920539,T,TG,1
NC_037348.1,NC_032670.1,27094841,26935858,26935864,A,AGCACGT,6
NC_037348.1,NC_032670.1,27335261,27119034,27119036,c,cat,2
NC_037348.1,NC_032670.1,27341037,27124812,27124813,t,tc,1
NC_037348.1,NC_032670.1,27373994,27150686,27150687,g,gt,1
NC_037348.1,NC_032670.1,27467740,27244473,27244474,A,AM,1
NC_037348.1,NC_032670.1,27487357,27264021,27264023,a,aNN,2
NC_037348.1,NC_032670.1,27597413,27374113,27374114,a,ag,1
NC_037348.1,NC_032670.1,27597674,27374375,27374376,A,AT,1
NC_037348.1,NC_032670.1,27605070,27382068,27382069,C,CA,1
NC_037348.1,NC_032670.1,27671399,27448531,27448532,C,CN,1
NC_037348.1,NC_032670.1,27732633,27549109,27549110,a,at,1
NC_037348.1,NC_032670.1,27734801,27551221,27551222,G,GA,1
NC_037348.1,NC_032670.1,27734819,27551240,27551241,T,TG,1
NC_037348.1,NC_032670.1,27768532,27585289,27585290,g,gt,1
NC_037348.1,NC_032670.1,27827993,27647180,27647181,t,tc,1
NC_037348.1,NC_032670.1,27836398,27692321,27692322,g,ga,1
NC_037348.1,NC_032670.1,27867223,27723148,27723149,T,TA,1
NC_037348.1,NC_032670.1,27916225,27772155,27772156,g,ga,1
NC_037348.1,NC_032670.1,28014150,27870019,27870020,a,at,1
NC_037348.1,NC_032670.1,28107467,27961129,27961130,C,CA,1
NC_037348.1,NC_032670.1,28130148,27983789,27983790,A,AC,1
NC_037348.1,NC_032670.1,28247956,28101603,28101610,g,gaaagtga,7
NC_037348.1,NC_032670.1,28366547,28220033,28220034,t,tc,1
NC_037348.1,NC_032670.1,28406021,28259533,28259554,C,CGTGATTCTAAACTTGGTCTCT,21
NC_037348.1,NC_032670.1,28522450,28460365,28460366,A,AT,1
NC_037348.1,NC_032670.1,28599034,28536948,28536953,c,ctgtgt,5
NC_037348.1,NC_032670.1,28715998,28639073,28639075,c,cCT,2
NC_037348.1,NC_032670.1,28821944,28745193,28745199,t,tcttctc,6
NC_037348.1,NC_032670.1,28823052,28746298,28746300,g,gaa,2
NC_037348.1,NC_032670.1,28823066,28746314,28746316,c,ctt,2
NC_037348.1,NC_032670.1,28823440,28746692,28746694,c,ctt,2
NC_037348.1,NC_032670.1,28971260,28903695,28903696,A,AR,1
NC_037348.1,NC_032670.1,29101873,29033465,29033466,C,CY,1
NC_037348.1,NC_032670.1,29119088,29050294,29050295,g,gt,1
NC_037348.1,NC_032670.1,29124646,29055897,29055898,G,GA,1
NC_037348.1,NC_032670.1,29135369,29066743,29066744,A,AG,1
NC_037348.1,NC_032670.1,29157167,29088163,29088165,G,GAA,2
NC_037348.1,NC_032670.1,29163341,29094339,29094341,C,CTT,2
NC_037348.1,NC_032670.1,29174884,29105904,29105905,G,GA,1
NC_037348.1,NC_032670.1,29178310,29109329,29109330,a,ag,1
NC_037348.1,NC_032670.1,29195174,29128440,29128441,C,CT,1
NC_037348.1,NC_032670.1,29195493,29128760,29128761,G,GA,1
NC_037348.1,NC_032670.1,29197464,29130733,29130734,G,GA,1
NC_037348.1,NC_032670.1,29199542,29132813,29132819,t,tatttNN,6
NC_037348.1,NC_032670.1,29199832,29133109,29133123,t,tNNNNNNNNNNNNNN,14
NC_037348.1,NC_032670.1,29207046,29140411,29140412,G,GA,1
NC_037348.1,NC_032670.1,29231776,29165333,29165335,C,CAG,2
NC_037348.1,NC_032670.1,29259933,29193408,29193411,t,tttg,3
NC_037348.1,NC_032670.1,29263130,29196608,29196609,A,AT,1
NC_037348.1,NC_032670.1,29266593,29200069,29200073,t,tgtta,4
NC_037348.1,NC_032670.1,29266596,29200076,29200077,g,gt,1
NC_037348.1,NC_032670.1,29269808,29203287,29203288,g,gN,1
NC_037348.1,NC_032670.1,29270103,29203584,29203585,t,tc,1
NC_037348.1,NC_032670.1,29270134,29203616,29203617,g,gt,1
NC_037348.1,NC_032670.1,29326415,29326383,29326384,G,GA,1
NC_037348.1,NC_032670.1,29400781,29402462,29402463,t,tc,1
NC_037348.1,NC_032670.1,29402525,29404209,29404210,c,ca,1
NC_037348.1,NC_032670.1,29404058,29405748,29405751,t,taaa,3
NC_037348.1,NC_032670.1,29435957,29437648,29437649,A,AT,1
NC_037348.1,NC_032670.1,29436413,29438104,29438105,t,ta,1
NC_037348.1,NC_032670.1,29443680,29445494,29445498,t,tNNNN,4
NC_037348.1,NC_032670.1,29464010,29504919,29504920,t,tc,1
NC_037348.1,NC_032670.1,29464904,29505814,29505817,t,tatg,3
NC_037348.1,NC_032670.1,29552097,29592669,29592671,A,AAC,2
NC_037348.1,NC_032670.1,29555409,29595978,29595979,A,AC,1
NC_037348.1,NC_032670.1,29635346,29683233,29683234,t,ta,1
NC_037348.1,NC_032670.1,29654284,29702176,29702178,g,gaa,2
NC_037348.1,NC_032670.1,29654288,29702182,29702183,t,tg,1
NC_037348.1,NC_032670.1,29866479,29915931,29915933,a,aNN,2
NC_037348.1,NC_032670.1,29909224,29958705,29958706,T,TS,1
NC_037348.1,NC_032670.1,29955030,30004470,30004475,a,atatat,5
NC_037348.1,NC_032670.1,29987660,30037209,30037210,a,ac,1
NC_037348.1,NC_032670.1,29992400,30041950,30041951,t,ta,1
NC_037348.1,NC_032670.1,30011352,30060908,30060909,T,TA,1
NC_037348.1,NC_032670.1,30065854,30115376,30115377,C,CT,1
NC_037348.1,NC_032670.1,30122716,30172592,30172593,T,TC,1
NC_037348.1,NC_032670.1,30132006,30181883,30181884,C,CY,1
NC_037348.1,NC_032670.1,30148883,30198766,30198771,a,aaaaac,5
NC_037348.1,NC_032670.1,30157702,30207590,30207591,A,AG,1
NC_037348.1,NC_032670.1,30166643,30216535,30216537,C,CTT,2
NC_037348.1,NC_032670.1,30167016,30216910,30216912,C,CAA,2
NC_037348.1,NC_032670.1,30170346,30220262,30220267,a,atcgag,5
NC_037348.1,NC_032670.1,30170773,30220693,30220694,a,at,1
NC_037348.1,NC_032670.1,30184920,30234846,30234847,A,AW,1
NC_037348.1,NC_032670.1,30208363,30258297,30258322,C,CTGGCATANNNNNNNNNNNNNNNNNN,25
NC_037348.1,NC_032670.1,30209625,30259584,30259585,c,ca,1
NC_037348.1,NC_032670.1,30214227,30264189,30264190,G,GR,1
NC_037348.1,NC_032670.1,30228597,30288883,30288884,a,at,1
NC_037348.1,NC_032670.1,30232399,30292687,30292688,C,CY,1
NC_037348.1,NC_032670.1,30232618,30292908,30292909,T,TA,1
NC_037348.1,NC_032670.1,30239632,30299923,30299924,g,gS,1
NC_037348.1,NC_032670.1,30249400,30309721,30309722,C,CA,1
NC_037348.1,NC_032670.1,30284660,30347649,30347659,a,aacaaattagc,10
NC_037348.1,NC_032670.1,30298735,30361748,30361750,c,ctg,2
NC_037348.1,NC_032670.1,30320698,30383499,30383500,G,GY,1
NC_037348.1,NC_032670.1,30338569,30401401,30401404,a,aaat,3
NC_037348.1,NC_032670.1,30340555,30403474,30403475,t,ta,1
NC_037348.1,NC_032670.1,30359888,30422824,30422825,A,AG,1
NC_037348.1,NC_032670.1,30412285,30475231,30475232,t,ta,1
NC_037348.1,NC_032670.1,30413591,30476541,30476542,g,ga,1
NC_037348.1,NC_032670.1,30414150,30477101,30477102,C,CT,1
NC_037348.1,NC_032670.1,30415053,30478006,30478007,G,GR,1
NC_037348.1,NC_032670.1,30415385,30478340,30478341,A,AT,1
NC_037348.1,NC_032670.1,30426385,30489333,30489334,T,TA,1
NC_037348.1,NC_032670.1,30441567,30504517,30504518,A,AM,1
NC_037348.1,NC_032670.1,30454767,30517724,30517725,A,AG,1
NC_037348.1,NC_032670.1,30489869,30547690,30547691,a,ac,1
NC_037348.1,NC_032670.1,30515466,30572900,30572901,a,at,1
NC_037348.1,NC_032670.1,30526929,30584767,30584768,a,ac,1
NC_037348.1,NC_032670.1,30536846,30594699,30594700,C,CA,1
NC_037348.1,NC_032670.1,30621941,30679799,30679800,T,TA,1
NC_037348.1,NC_032670.1,30660270,30717768,30717769,C,CA,1
NC_037348.1,NC_032670.1,30665388,30722887,30722888,A,AG,1
NC_037348.1,NC_032670.1,30667748,30725252,30725254,t,tca,2
NC_037348.1,NC_032670.1,30667750,30725256,30725261,t,ttttTA,5
NC_037348.1,NC_032670.1,30670748,30728259,30728260,C,CT,1
NC_037348.1,NC_032670.1,30777527,30835726,30835727,g,ga,1
NC_037348.1,NC_032670.1,30821708,30885340,30885341,t,tN,1
NC_037348.1,NC_032670.1,30821831,30885464,30885465,t,ta,1
NC_037348.1,NC_032670.1,30828452,30892086,30892087,C,CY,1
NC_037348.1,NC_032670.1,30854009,30917694,30917695,C,CG,1
NC_037348.1,NC_032670.1,30854016,30917702,30917703,G,GA,1
NC_037348.1,NC_032670.1,30890439,30954120,30954121,c,ct,1
NC_037348.1,NC_032670.1,30975491,31039290,31039291,g,gc,1
NC_037348.1,NC_032670.1,31136049,31214388,31214390,A,AAT,2
NC_037348.1,NC_032670.1,31150568,31229171,31229172,C,CY,1
NC_037348.1,NC_032670.1,31220973,31298928,31298931,a,aagg,3
NC_037348.1,NC_032670.1,31228892,31306851,31306853,a,aaN,2
NC_037348.1,NC_032670.1,31247044,31325003,31325007,t,tagtg,4
NC_037348.1,NC_032670.1,31247179,31325142,31325146,c,ctctt,4
NC_037348.1,NC_032670.1,31262513,31341643,31341644,T,TK,1
NC_037348.1,NC_032670.1,31333009,31411868,31411869,t,tN,1
NC_037348.1,NC_032670.1,31385733,31477956,31477957,T,TW,1
NC_037348.1,NC_032670.1,31681895,31777811,31777830,c,catggNNNNNNNNNNNNNNN,19
NC_037348.1,NC_032670.1,31824902,31906329,31906330,a,ag,1
NC_037348.1,NC_032670.1,31894306,31975353,31975354,T,TA,1
NC_037348.1,NC_032670.1,31985075,32068806,32068807,a,ag,1
NC_037348.1,NC_032670.1,31987106,32070838,32070842,a,aNNNN,4
NC_037348.1,NC_032670.1,32010593,32094119,32094120,A,AT,1
NC_037348.1,NC_032670.1,32050032,32132791,32132792,C,CS,1
NC_037348.1,NC_032670.1,32121719,32204488,32204489,c,ct,1
NC_037348.1,NC_032670.1,32128194,32210953,32210954,a,ac,1
NC_037348.1,NC_032670.1,32129707,32212467,32212494,T,TAGACTGTGTGCACAAGTGCACATAGAC,27
NC_037348.1,NC_032670.1,32130164,32212951,32212960,T,TNNNNNNNNN,9
NC_037348.1,NC_032670.1,32200356,32283368,32283369,T,TA,1
NC_037348.1,NC_032670.1,32239114,32321725,32321726,A,AM,1
NC_037348.1,NC_032670.1,32281475,32364133,32364134,C,CA,1
NC_037348.1,NC_032670.1,32306863,32389532,32389533,G,GT,1
NC_037348.1,NC_032670.1,32317378,32400049,32400050,A,AG,1
NC_037348.1,NC_032670.1,32349865,32432067,32432068,a,ag,1
NC_037348.1,NC_032670.1,32349968,32432171,32432175,t,tagca,4
NC_037348.1,NC_032670.1,32361286,32443335,32443338,c,caga,3
NC_037348.1,NC_032670.1,32377808,32459859,32459860,a,at,1
NC_037348.1,NC_032670.1,32427238,32509207,32509208,c,ca,1
NC_037348.1,NC_032670.1,32509718,32593295,32593297,A,AAT,2
NC_037348.1,NC_032670.1,32517502,32601083,32601084,c,ct,1
NC_037348.1,NC_032670.1,32616119,32706069,32706070,C,CT,1
NC_037348.1,NC_032670.1,32720517,32807677,32807678,G,GR,1
NC_037348.1,NC_032670.1,32766448,32853610,32853611,G,GC,1
NC_037348.1,NC_032670.1,32781282,32868444,32868445,G,GA,1
NC_037348.1,NC_032670.1,32800473,32887806,32887807,G,GR,1
NC_037348.1,NC_032670.1,32816591,32904182,32904183,A,AC,1
NC_037348.1,NC_032670.1,32823059,32910670,32910671,A,AM,1
NC_037348.1,NC_032670.1,32903296,1840029,1840030,T,TC,1
NC_037348.1,NC_032670.1,32904582,1841299,1841306,a,aaaaaaac,7
NC_037348.1,NC_032670.1,32924894,1859956,1859958,c,cat,2
NC_037348.1,NC_032670.1,32925083,1860147,1860152,g,gactga,5
NC_037348.1,NC_032670.1,32925250,1860319,1860324,A,ATATAT,5
NC_037348.1,NC_032670.1,32928804,1863850,1863858,T,TCTATCTAY,8
NC_037348.1,NC_032670.1,32932337,1867001,1867007,a,aaatggc,6
NC_037348.1,NC_032670.1,32933622,1868278,1868279,A,AC,1
NC_037348.1,NC_032670.1,32934032,1868689,1868692,t,taag,3
NC_037348.1,NC_032670.1,32934052,1868712,1868715,c,caga,3
NC_037348.1,NC_032670.1,32934379,1869042,1869047,c,cgagtt,5
NC_037348.1,NC_032670.1,32944398,1873383,1873385,C,CTA,2
NC_037348.1,NC_032670.1,32945321,1874318,1874320,c,cat,2
NC_037348.1,NC_032670.1,32962867,1893495,1893498,T,TGTC,3
NC_037348.1,NC_032670.1,32964313,1894929,1894932,C,CTTT,3
NC_037348.1,NC_032670.1,32990053,2034843,2034844,c,ca,1
NC_037348.1,NC_032670.1,32990477,2035268,2035269,T,TC,1
NC_037348.1,NC_032670.1,32994395,1967104,1967105,T,TG,1
NC_037348.1,NC_032670.1,32994459,1967171,1967172,T,TC,1
NC_037348.1,NC_032670.1,32994561,1967277,1967278,C,CT,1
NC_037348.1,NC_032670.1,32994824,1967539,1967540,g,gt,1
NC_037348.1,NC_032670.1,33012200,2052925,2052926,C,CT,1
NC_037348.1,NC_032670.1,33021631,2062673,2062676,C,CAAY,3
NC_037348.1,NC_032670.1,33022947,2063978,2063981,a,aaac,3
NC_037348.1,NC_032670.1,33073946,33041570,33041571,C,CT,1
NC_037348.1,NC_032670.1,33074857,33042482,33042483,G,GC,1
NC_037348.1,NC_032670.1,33076824,33044451,33044452,A,AC,1
NC_037348.1,NC_032670.1,33077505,33045133,33045134,t,tg,1
NC_037348.1,NC_032670.1,33077724,33045353,33045354,g,gc,1
NC_037348.1,NC_032670.1,33078663,33046292,33046293,C,CA,1
NC_037348.1,NC_032670.1,33086111,33040282,33040283,A,AG,1
NC_037348.1,NC_032670.1,33174358,33131213,33131215,C,CAG,2
NC_037348.1,NC_032670.1,33276011,33268234,33268235,G,GS,1
NC_037348.1,NC_032670.1,33307740,33299971,33299973,A,AAC,2
NC_037348.1,NC_032670.1,33315176,33307413,33307415,C,CAA,2
NC_037348.1,NC_032670.1,33358388,33357078,33357079,C,CS,1
NC_037348.1,NC_032670.1,33371850,33369687,33369688,T,TC,1
NC_037348.1,NC_032670.1,33381037,33378880,33378881,G,GR,1
NC_037348.1,NC_032670.1,33400267,33398121,33398123,c,ctt,2
NC_037348.1,NC_032670.1,33455082,33451674,33451675,T,TY,1
NC_037348.1,NC_032670.1,33466063,33462656,33462657,T,TA,1
NC_037348.1,NC_032670.1,33466480,33463074,33463075,G,GR,1
NC_037348.1,NC_032670.1,33493411,33490009,33490010,A,AT,1
NC_037348.1,NC_032670.1,33500659,33497251,33497252,a,ag,1
NC_037348.1,NC_032670.1,33500662,33497255,33497256,t,ta,1
NC_037348.1,NC_032670.1,33510668,33508061,33508065,T,TTGAC,4
NC_037348.1,NC_032670.1,33521613,33519021,33519022,G,GA,1
NC_037348.1,NC_032670.1,33550006,33547418,33547419,g,ga,1
NC_037348.1,NC_032670.1,33550478,33547891,33547892,a,at,1
NC_037348.1,NC_032670.1,33577313,33574728,33574734,t,tatataa,6
NC_037348.1,NC_032670.1,33590253,33590238,33590241,c,cggg,3
NC_037348.1,NC_032670.1,33639818,33711320,33711322,c,cca,2
NC_037348.1,NC_032670.1,33728575,33799190,33799191,a,at,1
NC_037348.1,NC_032670.1,33751880,33822498,33822501,C,CTCT,3
NC_037348.1,NC_032670.1,33764102,33834727,33834728,A,AR,1
NC_037348.1,NC_032670.1,33787029,33858058,33858064,c,ctccact,6
NC_037348.1,NC_032670.1,33787115,33858150,33858152,t,ttc,2
NC_037348.1,NC_032670.1,33825549,33896529,33896530,G,GR,1
NC_037348.1,NC_032670.1,33862101,33933089,33933093,a,acatg,4
NC_037348.1,NC_032670.1,33891985,33962905,33962906,C,CA,1
NC_037348.1,NC_032670.1,33908883,33979805,33979807,c,caa,2
NC_037348.1,NC_032670.1,33935941,34006867,34006868,c,ct,1
NC_037348.1,NC_032670.1,33937966,34008893,34008906,c,cagcaatccgtgtg,13
NC_037348.1,NC_032670.1,33958575,34029521,34029523,C,CTA,2
NC_037348.1,NC_032670.1,34068942,34136076,34136077,g,gt,1
NC_037348.1,NC_032670.1,34082340,34149476,34149478,a,aNN,2
NC_037348.1,NC_032670.1,34095992,34163130,34163143,G,GACTCCTCCCTGGS,13
NC_037348.1,NC_032670.1,34167820,34234294,34234295,T,TA,1
NC_037348.1,NC_032670.1,34330762,34408338,34408339,t,tg,1
NC_037348.1,NC_032670.1,34388592,34466148,34466152,t,tNNNN,4
NC_037348.1,NC_032670.1,34535717,34613880,34613881,C,CY,1
NC_037348.1,NC_032670.1,34561560,34639724,34639725,C,CG,1
NC_037348.1,NC_032670.1,34561662,34639825,34639826,A,AG,1
NC_037348.1,NC_032670.1,34977046,35087504,35087505,T,TK,1
NC_037348.1,NC_032670.1,35055693,35181139,35181140,g,gc,1
NC_037348.1,NC_032670.1,35246857,35373632,35373633,T,TG,1
NC_037348.1,NC_032670.1,35246871,35373647,35373648,A,AG,1
NC_037348.1,NC_032670.1,35246881,35373658,35373659,A,AC,1
NC_037348.1,NC_032670.1,35246890,35373668,35373669,G,GA,1
NC_037348.1,NC_032670.1,35247039,35373819,35373820,A,AT,1
NC_037348.1,NC_032670.1,35549113,35677857,35677858,g,ga,1
NC_037348.1,NC_032670.1,35595878,35724613,35724614,A,AG,1
NC_037348.1,NC_032670.1,35596400,35725135,35725136,c,ca,1
NC_037348.1,NC_032670.1,35598365,35727105,35727106,a,at,1
NC_037348.1,NC_032670.1,35599704,35728445,35728446,c,ct,1
NC_037348.1,NC_032670.1,35630877,35760167,35760168,A,AG,1
NC_037348.1,NC_032670.1,35656901,35786266,35786267,T,TG,1
NC_037348.1,NC_032670.1,35721537,35850391,35850392,C,CA,1
NC_037348.1,NC_032670.1,35776021,35904500,35904501,G,GK,1
NC_037348.1,NC_032670.1,35778950,35907485,35907486,c,ca,1
NC_037348.1,NC_032670.1,35789865,35918266,35918267,A,AR,1
NC_037348.1,NC_032670.1,35790962,35919363,35919373,c,caactgaactg,10
NC_037348.1,NC_032670.1,35799799,35928208,35928209,G,GT,1
NC_037348.1,NC_032670.1,35807706,35936112,35936113,g,ga,1
NC_037348.1,NC_032670.1,35808631,35937039,35937040,c,ct,1
NC_037348.1,NC_032670.1,35809062,35937470,35937472,a,aac,2
NC_037348.1,NC_032670.1,35813833,35942317,35942319,a,aat,2
NC_037348.1,NC_032670.1,35816395,35944879,35944880,g,ga,1
NC_037348.1,NC_032670.1,35822057,35950540,35950541,a,at,1
NC_037348.1,NC_032670.1,35824174,35952658,35952660,a,aac,2
NC_037348.1,NC_032670.1,35831382,35959901,35959903,C,CTG,2
NC_037348.1,NC_032670.1,35836273,35970912,35970913,t,ta,1
NC_037348.1,NC_032670.1,35869496,36004159,36004161,a,act,2
NC_037348.1,NC_032670.1,35947234,36082988,36082994,G,GATCTGA,6
NC_037348.1,NC_032670.1,35949129,36084887,36084888,A,AG,1
NC_037348.1,NC_032670.1,35969412,36105195,36105197,t,tNN,2
NC_037348.1,NC_032670.1,35978664,36114445,36114447,t,ttg,2
NC_037348.1,NC_032670.1,35979208,36114991,36114992,c,ct,1
NC_037348.1,NC_032670.1,35988392,36124178,36124179,a,ag,1
NC_037348.1,NC_032670.1,36010811,36146600,36146601,g,ga,1
NC_037348.1,NC_032670.1,36054143,36190703,36190704,T,TC,1
NC_037348.1,NC_032670.1,36065849,36202393,36202394,g,ga,1
NC_037348.1,NC_032670.1,36080804,36217352,36217353,a,at,1
NC_037348.1,NC_032670.1,36103353,36239904,36239910,t,tatatac,6
NC_037348.1,NC_032670.1,36104051,36240608,36240609,g,gt,1
NC_037348.1,NC_032670.1,36107011,36243571,36243575,a,aNNNN,4
NC_037348.1,NC_032670.1,36123466,36260034,36260035,G,GC,1
NC_037348.1,NC_032670.1,36143395,36279959,36279960,A,AR,1
NC_037348.1,NC_032670.1,36146848,36283337,36283338,G,GT,1
NC_037348.1,NC_032670.1,36219110,36318705,36318706,T,TK,1
NC_037348.1,NC_032670.1,36232170,36331764,36331768,a,aatag,4
NC_037348.1,NC_032670.1,36232434,36332032,36332033,c,ca,1
NC_037348.1,NC_032670.1,36232689,36332288,36332296,a,agaaactat,8
NC_037348.1,NC_032670.1,36280217,36458975,36458977,t,taa,2
NC_037348.1,NC_032670.1,36341357,36388472,36388473,c,ct,1
NC_037348.1,NC_032670.1,36349763,36396879,36396882,A,ACTG,3
NC_037348.1,NC_032670.1,36355557,36402669,36402671,a,aNN,2
NC_037348.1,NC_032670.1,36420789,36433260,36433261,T,TC,1
NC_037348.1,NC_032670.1,36420789,36544383,36544384,T,TC,1
NC_037348.1,NC_032670.1,36438421,36562017,36562019,G,GTT,2
NC_037348.1,NC_032670.1,36455372,36578979,36578980,A,AC,1
NC_037348.1,NC_032670.1,36544386,36666822,36666823,T,TA,1
NC_037348.1,NC_032670.1,36544444,36666881,36666882,C,CA,1
NC_037348.1,NC_032670.1,36587403,36709847,36709849,t,tNN,2
NC_037348.1,NC_032670.1,36662948,36785396,36785397,t,ta,1
NC_037348.1,NC_032670.1,36760217,36917422,36917431,g,gggaaacagt,9
NC_037348.1,NC_032670.1,36783204,36940422,36940423,c,cN,1
NC_037348.1,NC_032670.1,36785479,36942698,36942699,c,ct,1
NC_037348.1,NC_032670.1,36821636,36978696,36978697,G,GR,1
NC_037348.1,NC_032670.1,37059609,37232621,37232622,a,ac,1
NC_037348.1,NC_032670.1,37077092,37250178,37250179,a,at,1
NC_037348.1,NC_032670.1,37326105,37727682,37727683,T,TA,1
NC_037348.1,NC_032670.1,37422975,37887228,37887229,T,TG,1
NC_037348.1,NC_032670.1,37452430,37916731,37916736,T,TGTGTK,5
NC_037348.1,NC_032670.1,37470621,37934926,37934927,a,at,1
NC_037348.1,NC_032670.1,37492621,37956926,37956927,T,TC,1
NC_037348.1,NC_032670.1,37499460,37963766,37963768,t,tNN,2
NC_037348.1,NC_032670.1,37510474,37974784,37974785,a,at,1
NC_037348.1,NC_032670.1,37557009,38021378,38021408,t,tttttttttcttcttctttttccttctttta,30
NC_037348.1,NC_032670.1,37557232,38021631,38021633,t,taa,2
NC_037348.1,NC_032670.1,37559359,38023641,38023642,A,AG,1
NC_037348.1,NC_032670.1,37569357,38033608,38033609,C,CY,1
NC_037348.1,NC_032670.1,37646888,38111310,38111312,t,tca,2
NC_037348.1,NC_032670.1,37664644,38131194,38131221,T,TACCAGGGANNNNNNNNNNNNNNNNNNN,27
NC_037348.1,NC_032670.1,37670761,38137338,38137339,T,TG,1
NC_037348.1,NC_032670.1,37675814,38142398,38142399,t,ta,1
NC_037348.1,NC_032670.1,37714563,38181162,38181163,C,CT,1
NC_037348.1,NC_032670.1,37714597,38181198,38181199,A,AM,1
NC_037348.1,NC_032670.1,37735035,38201644,38201646,t,tNN,2
NC_037348.1,NC_032670.1,37744824,38211434,38211435,t,tN,1
NC_037348.1,NC_032670.1,37752587,38224379,38224381,a,aNN,2
NC_037348.1,NC_032670.1,37765873,38237681,38237683,g,gtt,2
NC_037348.1,NC_032670.1,37868820,38340671,38340672,t,tg,1
NC_037348.1,NC_032670.1,37872562,38344414,38344415,c,ct,1
NC_037348.1,NC_032670.1,37934113,38421672,38421679,t,tNNNNNNN,7
NC_037348.1,NC_032670.1,37952912,38473492,38473500,A,AATCAGAGC,8
NC_037348.1,NC_032670.1,37952912,38456182,38456190,A,AATCAGAGC,8
NC_037348.1,NC_032670.1,37955695,38458973,38458974,g,gt,1
NC_037348.1,NC_032670.1,38060978,38566476,38566482,t,tacacac,6
NC_037348.1,NC_032670.1,38067848,38573745,38573746,A,AG,1
NC_037348.1,NC_032670.1,38078828,38584539,38584540,a,ag,1
NC_037348.1,NC_032670.1,38107901,38625558,38625559,g,ga,1
NC_037348.1,NC_032670.1,38113524,38631182,38631183,t,ta,1
NC_037348.1,NC_032670.1,38120746,38638370,38638372,a,att,2
NC_037348.1,NC_032670.1,38125537,38643399,38643402,c,cctg,3
NC_037348.1,NC_032670.1,38126543,38644401,38644409,T,TGCAGGAAA,8
NC_037348.1,NC_032670.1,38238879,38760444,38760445,a,at,1
NC_037348.1,NC_032670.1,38250936,38772529,38772530,t,tc,1
NC_037348.1,NC_032670.1,38251154,38772748,38772750,t,tgc,2
NC_037348.1,NC_032670.1,38252999,38774595,38774596,T,TW,1
NC_037348.1,NC_032670.1,38254976,38776573,38776574,T,TG,1
NC_037348.1,NC_032670.1,38257215,38778818,38778829,c,ctagttggaacT,11
NC_037348.1,NC_032670.1,38295606,38817228,38817233,T,TTTAAC,5
NC_037348.1,NC_032670.1,38317965,38838573,38838576,t,ttaa,3
NC_037348.1,NC_032670.1,38317968,38838579,38838583,c,ctttt,4
NC_037348.1,NC_032670.1,38325614,38845973,38845974,G,GA,1
NC_037348.1,NC_032670.1,38329569,38849931,38849932,g,ga,1
NC_037348.1,NC_032670.1,38329573,38849936,38849937,a,ag,1
NC_037348.1,NC_032670.1,38329584,38849948,38849949,t,tg,1
NC_037348.1,NC_032670.1,38329605,38849970,38849971,g,ga,1
NC_037348.1,NC_032670.1,38439634,38960005,38960006,c,ct,1
NC_037348.1,NC_032670.1,38454412,38974794,38974795,T,TG,1
NC_037348.1,NC_032670.1,38454437,38974820,38974821,G,GC,1
NC_037348.1,NC_032670.1,38508953,39030527,39030528,t,tc,1
NC_037348.1,NC_032670.1,38529009,39050613,39050614,A,AC,1
NC_037348.1,NC_032670.1,38561372,39083047,39083048,A,AM,1
NC_037348.1,NC_032670.1,38606635,39128665,39128666,G,GC,1
NC_037348.1,NC_032670.1,38633361,39155393,39155394,g,ga,1
NC_037348.1,NC_032670.1,38725466,39246706,39246708,a,aag,2
NC_037348.1,NC_032670.1,38895259,39416357,39416358,t,ta,1
NC_037348.1,NC_032670.1,38912910,39434412,39434414,a,aNN,2
NC_037348.1,NC_032670.1,39047049,39736250,39736252,c,cta,2
NC_037348.1,NC_032670.1,39090487,39778865,39778866,g,gt,1
NC_037348.1,NC_032670.1,39192571,39881032,39881036,t,ttttc,4
NC_037348.1,NC_032670.1,39193626,39882091,39882093,A,AAC,2
NC_037348.1,NC_032670.1,39200488,39888955,39888956,a,at,1
NC_037348.1,NC_032670.1,39200488,40090442,40090443,a,at,1
NC_037348.1,NC_032670.1,39202631,40092587,40092597,t,tNNNNNNNNNN,10
NC_037348.1,NC_032670.1,39202636,39891105,39891117,a,aNNNNNNNNNNNN,12
NC_037348.1,NC_032670.1,39204448,39892930,39892935,g,ggaaaa,5
NC_037348.1,NC_032670.1,39204448,40094415,40094420,g,ggaaaa,5
NC_037348.1,NC_032670.1,39205672,40095643,40095644,c,cg,1
NC_037348.1,NC_032670.1,39205801,40095772,40095773,c,ct,1
NC_037348.1,NC_032670.1,39206181,40096153,40096154,t,tc,1
NC_037348.1,NC_032670.1,39206509,40096482,40096498,a,attctttggcgttgcct,16
NC_037348.1,NC_032670.1,39276155,40000762,40000763,C,CY,1
NC_037348.1,NC_032670.1,39306639,40031261,40031262,C,CT,1
NC_037348.1,NC_032670.1,39306646,40031269,40031270,T,TA,1
NC_037348.1,NC_032670.1,39307342,40031966,40031967,A,AR,1
NC_037348.1,NC_032670.1,39309268,40033892,40033906,T,TATCTCTGAAACAAC,14
NC_037348.1,NC_032670.1,39317392,40042037,40042039,C,CCT,2
NC_037348.1,NC_032670.1,39317815,40042462,40042465,a,agat,3
NC_037348.1,NC_032670.1,39400250,40133656,40133658,a,aNN,2
NC_037348.1,NC_032670.1,39416863,40150271,40150272,a,at,1
NC_037348.1,NC_032670.1,39429188,40162743,40162744,t,tc,1
NC_037348.1,NC_032670.1,39610698,40342889,40342890,t,ta,1
NC_037348.1,NC_032670.1,39620402,40352596,40352597,g,gc,1
NC_037348.1,NC_032670.1,39645184,40376680,40376681,g,gt,1
NC_037348.1,NC_032670.1,39653225,40384722,40384723,A,AG,1
NC_037348.1,NC_032670.1,39662029,40450583,40450584,g,ga,1
NC_037348.1,NC_032670.1,39666355,40454917,40454922,t,tctctc,5
NC_037348.1,NC_032670.1,39673435,40462000,40462002,t,tca,2
NC_037348.1,NC_032670.1,39705164,40493453,40493454,G,GN,1
NC_037348.1,NC_032670.1,39750810,40538951,40538955,c,caata,4
NC_037348.1,NC_032670.1,39753775,40541922,40541923,g,gc,1
NC_037348.1,NC_032670.1,39808179,40596339,40596340,T,TG,1
NC_037348.1,NC_032670.1,39912671,40699786,40699805,T,TTTCCCCCTAAAATTCCCCC,19
NC_037348.1,NC_032670.1,39948116,40735241,40735243,T,TTK,2
NC_037348.1,NC_032670.1,39968606,40756969,40756970,A,AT,1
NC_037348.1,NC_032670.1,39975582,40763947,40763948,a,ac,1
NC_037348.1,NC_032670.1,39986914,40775271,40775272,G,GT,1
NC_037348.1,NC_032670.1,39991128,40779700,40779701,c,ca,1
NC_037348.1,NC_032670.1,40038467,40827047,40827048,c,ca,1
NC_037348.1,NC_032670.1,40043072,40831695,40831708,A,AGGAAGGAGTCTGT,13
NC_037348.1,NC_032670.1,40066035,40854716,40854718,t,tta,2
NC_037348.1,NC_032670.1,40116929,40905631,40905632,c,ct,1
NC_037348.1,NC_032670.1,40131507,40920195,40920198,T,TGTG,3
NC_037348.1,NC_032670.1,40157832,40946528,40946538,t,tNNNNNNNNNN,10
NC_037348.1,NC_032670.1,40267167,41056426,41056427,A,AR,1
NC_037348.1,NC_032670.1,40331251,41120522,41120523,t,ta,1
NC_037348.1,NC_032670.1,40345697,41134958,41134959,T,TK,1
NC_037348.1,NC_032670.1,40370290,41159589,41159591,A,ATG,2
NC_037348.1,NC_032670.1,40413268,41200226,41200229,A,AAAC,3
NC_037348.1,NC_032670.1,40482338,41269296,41269320,t,tttatatatatataNNNNNNNNNNN,24
NC_037348.1,NC_032670.1,40503793,41290771,41290772,t,ta,1
NC_037348.1,NC_032670.1,40568687,41355857,41355860,g,gcca,3
NC_037348.1,NC_032670.1,40618550,41497461,41497481,c,cattatcctcaatggtgaaaa,20
NC_037348.1,NC_032670.1,40618692,41497623,41497624,a,ag,1
NC_037348.1,NC_032670.1,40718006,41614840,41614841,G,GA,1
NC_037348.1,NC_032670.1,40721597,41618519,41618527,c,cctgaacat,8
NC_037348.1,NC_032670.1,40741037,41637972,41637975,g,gtac,3
NC_037348.1,NC_032670.1,40761830,41658775,41658778,T,TAGA,3
NC_037348.1,NC_032670.1,40883764,41795587,41795588,A,AG,1
NC_037348.1,NC_032670.1,40931190,41842596,41842599,g,gcaR,3
NC_037348.1,NC_032670.1,40931827,41843239,41843242,g,gaaa,3
NC_037348.1,NC_032670.1,40932297,41843714,41843715,a,ag,1
NC_037348.1,NC_032670.1,40943774,41855192,41855193,a,ag,1
NC_037348.1,NC_032670.1,41016819,41927324,41927326,c,cca,2
NC_037348.1,NC_032670.1,41020445,41930953,41930954,c,ca,1
NC_037348.1,NC_032670.1,41035822,41950982,41950983,c,ct,1
NC_037348.1,NC_032670.1,41044876,41960036,41960037,A,AC,1
NC_037348.1,NC_032670.1,41164158,42079381,42079382,A,AC,1
NC_037348.1,NC_032670.1,41185257,42100946,42100948,c,cta,2
NC_037348.1,NC_032670.1,41185266,42100957,42100971,c,cctgtcgtcatgtat,14
NC_037348.1,NC_032670.1,41236258,42155168,42155171,T,TTTA,3
NC_037348.1,NC_032670.1,41266444,42185359,42185360,c,ct,1
NC_037348.1,NC_032670.1,41302106,42221376,42221377,G,GA,1
NC_037348.1,NC_032670.1,41414368,42335999,42336000,t,ta,1
NC_037348.1,NC_032670.1,41422499,42344134,42344135,t,ta,1
NC_037348.1,NC_032670.1,41425345,42347093,42347095,c,cca,2
NC_037348.1,NC_032670.1,41425570,42347320,42347323,A,AAGT,3
NC_037348.1,NC_032670.1,41428426,42350161,42350162,A,AR,1
NC_037348.1,NC_032670.1,41428602,42350337,42350340,c,caaa,3
NC_037348.1,NC_032670.1,41459534,42381795,42381796,c,ct,1
NC_037348.1,NC_032670.1,41464673,42386933,42386934,G,GA,1
NC_037348.1,NC_032670.1,41476266,42398211,42398212,a,ac,1
NC_037348.1,NC_032670.1,41502812,42419714,42419715,a,at,1
NC_037348.1,NC_032670.1,41542397,42459308,42459309,t,ta,1
NC_037348.1,NC_032670.1,41558115,42475025,42475029,c,ctgta,4
NC_037348.1,NC_032670.1,41822439,42734922,42734923,g,gc,1
NC_037348.1,NC_032670.1,41953983,42866450,42866451,c,ca,1
NC_037348.1,NC_032670.1,42106899,43019212,43019213,a,ag,1
NC_037348.1,NC_032670.1,42197937,43110269,43110270,t,tc,1
NC_037348.1,NC_032670.1,42198706,43111039,43111040,c,ct,1
NC_037348.1,NC_032670.1,42201915,43114251,43114252,t,ta,1
NC_037348.1,NC_032670.1,42210631,43122977,43122978,T,TC,1
NC_037348.1,NC_032670.1,42241779,43166745,43166751,t,tNNNNNN,6
NC_037348.1,NC_032670.1,42252270,43177245,43177246,t,tc,1
NC_037348.1,NC_032670.1,42330354,43255519,43255542,g,gcctgttactccaggtgtttttta,23
NC_037348.1,NC_032670.1,42398502,43324280,43324281,C,CT,1
NC_037348.1,NC_032670.1,42398505,43324284,43324285,G,GT,1
NC_037348.1,NC_032670.1,42423149,43348935,43348936,t,ta,1
NC_037348.1,NC_032670.1,42434355,43360142,43360144,t,tNN,2
NC_037348.1,NC_032670.1,42440925,43366716,43366717,t,ta,1
NC_037348.1,NC_032670.1,42441161,43366953,43366955,C,CAT,2
NC_037348.1,NC_032670.1,42471686,43397525,43397526,t,ta,1
NC_037348.1,NC_032670.1,42487161,43412941,43412942,c,cg,1
NC_037348.1,NC_032670.1,42592710,43518242,43518244,g,gNN,2
NC_037348.1,NC_032670.1,42639446,43564977,43564978,C,CG,1
NC_037348.1,NC_032670.1,42640320,43610025,43610029,g,gaaca,4
NC_037348.1,NC_032670.1,42685587,43655296,43655297,T,TC,1
NC_037348.1,NC_032670.1,42704074,43674604,43674606,c,cag,2
NC_037348.1,NC_032670.1,42709379,43679734,43679735,t,tg,1
NC_037348.1,NC_032670.1,42709436,43679792,43679793,T,TG,1
NC_037348.1,NC_032670.1,42764589,43733812,43733813,A,AM,1
NC_037348.1,NC_032670.1,42798082,43767311,43767312,c,ct,1
NC_037348.1,NC_032670.1,42810177,43780137,43780138,C,CG,1
NC_037348.1,NC_032670.1,42818081,43788045,43788046,G,GT,1
NC_037348.1,NC_032670.1,42821845,43791811,43791812,G,GA,1
NC_037348.1,NC_032670.1,42822873,43792840,43792841,T,TA,1
NC_037348.1,NC_032670.1,42832603,43802566,43802567,G,GC,1
NC_037348.1,NC_032670.1,42840603,43810585,43810609,g,ggaagcctggcgtgctatagtccat,24
NC_037348.1,NC_032670.1,42863701,43833825,43833835,a,aNNNNNNNNNN,10
NC_037348.1,NC_032670.1,42892866,43863023,43863024,a,ag,1
NC_037348.1,NC_032670.1,42895767,43865925,43865926,A,AR,1
NC_037348.1,NC_032670.1,42896417,43866565,43866568,A,AAGT,3
NC_037348.1,NC_032670.1,42897232,43867411,43867412,G,GA,1
NC_037348.1,NC_032670.1,42897253,43867433,43867434,C,CA,1
NC_037348.1,NC_032670.1,42897829,43868010,43868011,c,ca,1
NC_037348.1,NC_032670.1,42916291,43886482,43886483,C,CG,1
NC_037348.1,NC_032670.1,42941259,43911391,43911392,g,gt,1
NC_037348.1,NC_032670.1,42964684,43934828,43934829,t,tc,1
NC_037348.1,NC_032670.1,42964815,43934960,43934961,c,cg,1
NC_037348.1,NC_032670.1,42965919,43936065,43936072,a,agttcatg,7
NC_037348.1,NC_032670.1,42970552,43940702,43940703,g,gc,1
NC_037348.1,NC_032670.1,42988244,43958397,43958409,g,gctctttatagca,12
NC_037348.1,NC_032670.1,42990282,43960447,43960448,c,ct,1
NC_037348.1,NC_032670.1,43031331,44001498,44001500,g,gaa,2
NC_037348.1,NC_032670.1,43185255,44155146,44155163,T,TTATCTCATGTATAGCTG,17
NC_037348.1,NC_032670.1,43207211,44177120,44177121,g,gt,1
NC_037348.1,NC_032670.1,43255620,44225540,44225541,c,ca,1
NC_037348.1,NC_032670.1,43262138,44232059,44232060,T,TW,1
NC_037348.1,NC_032670.1,43285585,44255505,44255506,C,CT,1
NC_037348.1,NC_032670.1,43338013,44310370,44310371,a,ac,1
NC_037348.1,NC_032670.1,43460198,44432870,44432871,A,AG,1
NC_037348.1,NC_032670.1,43497983,44470657,44470662,A,ATTAAT,5
NC_037348.1,NC_032670.1,43576771,44550061,44550062,g,ga,1
NC_037348.1,NC_032670.1,43576777,44550068,44550069,g,ga,1
NC_037348.1,NC_032670.1,43576793,44550085,44550086,a,ac,1
NC_037348.1,NC_032670.1,43576858,44550150,44550151,a,ag,1
NC_037348.1,NC_032670.1,43576867,44550160,44550161,t,tg,1
NC_037348.1,NC_032670.1,43576958,44550252,44550253,t,tg,1
NC_037348.1,NC_032670.1,43576971,44550266,44550267,t,tg,1
NC_037348.1,NC_032670.1,43949239,44740627,44740628,G,GA,1
NC_037348.1,NC_032670.1,43983693,44775084,44775085,A,AM,1
NC_037348.1,NC_032670.1,43983776,44775172,44775173,a,at,1
NC_037348.1,NC_032670.1,43983793,44775190,44775191,A,AG,1
NC_037348.1,NC_032670.1,44002523,44793931,44793933,a,agg,2
NC_037348.1,NC_032670.1,44002625,44794053,44794055,c,cca,2
NC_037348.1,NC_032670.1,44002637,44794067,44794068,t,ta,1
NC_037348.1,NC_032670.1,44064928,44856372,44856373,G,GA,1
NC_037348.1,NC_032670.1,44084373,44875820,44875821,a,at,1
NC_037348.1,NC_032670.1,44145081,44936530,44936531,a,at,1
NC_037348.1,NC_032670.1,44148803,44940257,44940267,a,aatatatatat,10
NC_037348.1,NC_032670.1,44164794,44956265,44956266,G,GK,1
NC_037348.1,NC_032670.1,44170760,44962237,44962238,g,ga,1
NC_037348.1,NC_032670.1,44176923,44968403,44968404,A,AC,1
NC_037348.1,NC_032670.1,44190462,44981946,44981947,G,GA,1
NC_037348.1,NC_032670.1,44207381,44996811,44996817,G,GAGTGTC,6
NC_037348.1,NC_032670.1,44230513,45019958,45019959,T,TW,1
NC_037348.1,NC_032670.1,44234194,45023632,45023633,G,GT,1
NC_037348.1,NC_032670.1,44295354,45084805,45084806,G,GM,1
NC_037348.1,NC_032670.1,44348383,45137846,45137847,a,ag,1
NC_037348.1,NC_032670.1,44420534,45209455,45209456,c,ct,1
NC_037348.1,NC_032670.1,44458795,45247726,45247727,g,ga,1
NC_037348.1,NC_032670.1,44468174,45257106,45257108,G,GCT,2
NC_037348.1,NC_032670.1,44471611,45260545,45260546,a,aN,1
NC_037348.1,NC_032670.1,44562494,45351554,45351558,a,aaaNN,4
NC_037348.1,NC_032670.1,44572146,45361204,45361205,a,at,1
NC_037348.1,NC_032670.1,44591271,45380992,45381000,a,acgactgag,8
NC_037348.1,NC_032670.1,44595105,45384757,45384758,t,ta,1
NC_037348.1,NC_032670.1,44598030,45387736,45387737,A,AG,1
NC_037348.1,NC_032670.1,44598424,45388131,45388135,t,tacac,4
NC_037348.1,NC_032670.1,44614011,45403722,45403723,G,GR,1
NC_037348.1,NC_032670.1,44629962,45419661,45419706,t,tggaaccagtctgttgttccatgtccagttctaactgttttcctga,45
NC_037348.1,NC_032670.1,44633714,45423469,45423470,t,ta,1
NC_037348.1,NC_032670.1,44634330,45424086,45424088,G,GTC,2
NC_037348.1,NC_032670.1,44640981,45430739,45430740,a,at,1
NC_037348.1,NC_032670.1,44647789,45437549,45437550,T,TG,1
NC_037348.1,NC_032670.1,44690176,45482947,45482949,c,cca,2
NC_037348.1,NC_032670.1,44727465,45522276,45522277,T,TA,1
NC_037348.1,NC_032670.1,44778932,45573784,45573785,T,TK,1
NC_037348.1,NC_032670.1,44779543,45574396,45574397,t,ta,1
NC_037348.1,NC_032670.1,44786369,45581227,45581228,t,ta,1
NC_037348.1,NC_032670.1,44792522,45587380,45587416,a,acaatatatatatatatatatatgtatatatatatat,36
NC_037348.1,NC_032670.1,44815098,45610001,45610002,C,CT,1
NC_037348.1,NC_032670.1,44816352,45611269,45611270,G,GR,1
NC_037348.1,NC_032670.1,44843057,45637986,45637987,A,AR,1
NC_037348.1,NC_032670.1,44906465,45701098,45701100,A,AAT,2
NC_037348.1,NC_032670.1,44910475,45705109,45705110,a,ac,1
NC_037348.1,NC_032670.1,44941389,45736805,45736807,t,ttg,2
NC_037348.1,NC_032670.1,44982149,45779411,45779415,g,gttgc,4
NC_037348.1,NC_032670.1,44987638,45784900,45784903,t,ttta,3
NC_037348.1,NC_032670.1,44990393,45787681,45787683,T,TCC,2
NC_037348.1,NC_032670.1,45056641,45853666,45853670,a,aNNNN,4
NC_037348.1,NC_032670.1,45068689,45865718,45865730,t,tNNNNNNNNNNNN,12
NC_037348.1,NC_032670.1,45069348,45866389,45866401,c,catatatatatat,12
NC_037348.1,NC_032670.1,45151674,45948710,45948711,G,GT,1
NC_037348.1,NC_032670.1,45288863,46090187,46090192,A,AAGGCT,5
NC_037348.1,NC_032670.1,45357961,46159165,46159166,A,AM,1
NC_037348.1,NC_032670.1,45547650,46349089,46349090,a,ag,1
NC_037348.1,NC_032670.1,45610126,46411432,46411433,a,at,1
NC_037348.1,NC_032670.1,45725916,46517911,46517915,c,cNNNN,4
NC_037348.1,NC_032670.1,45805207,46644194,46644195,c,ca,1
NC_037348.1,NC_032670.1,45834910,46673641,46673642,t,tg,1
NC_037348.1,NC_032670.1,45937036,46775794,46775795,A,AT,1
NC_037348.1,NC_032670.1,45972072,46819190,46819191,g,ga,1
NC_037348.1,NC_032670.1,45995028,46842158,46842159,g,ga,1
NC_037348.1,NC_032670.1,46043292,46890432,46890433,t,tc,1
NC_037348.1,NC_032670.1,46045718,46892858,46892883,T,TNNNNNNNNNNNNNNNNNNNNNNNNN,25
NC_037348.1,NC_032670.1,46086407,46933573,46933575,t,tNN,2
NC_037348.1,NC_032670.1,46091808,46938976,46938978,a,acc,2
NC_037348.1,NC_032670.1,46118356,46965523,46965524,C,CT,1
NC_037348.1,NC_032670.1,46147167,46994343,46994344,t,tg,1
NC_037348.1,NC_032670.1,46147343,46994520,46994521,G,GT,1
NC_037348.1,NC_032670.1,46357334,47205544,47205545,t,ta,1
NC_037348.1,NC_032670.1,46428999,47277211,47277212,c,ct,1
NC_037348.1,NC_032670.1,46470148,47318311,47318322,a,ataaggcagttc,11
NC_037348.1,NC_032670.1,46473619,47321794,47321803,c,ctgataagta,9
NC_037348.1,NC_032670.1,46473666,47321850,47321852,a,act,2
NC_037348.1,NC_032670.1,46672654,47521861,47521862,c,ca,1
NC_037348.1,NC_032670.1,46767471,47613686,47613687,C,CA,1
NC_037348.1,NC_032670.1,47205746,48062332,48062333,T,TG,1
NC_037348.1,NC_032670.1,47209976,48066559,48066561,t,ttg,2
NC_037348.1,NC_032670.1,47218549,48075271,48075272,C,CM,1
NC_037348.1,NC_032670.1,47224169,48080891,48080898,t,taaaaaaa,7
NC_037348.1,NC_032670.1,47400958,48261036,48261037,T,TA,1
NC_037348.1,NC_032670.1,47425770,48285847,48285851,g,gtttt,4
NC_037348.1,NC_032670.1,47438695,48298776,48298780,C,CTAAT,4
NC_037348.1,NC_032670.1,47445705,48305790,48305791,g,gt,1
NC_037348.1,NC_032670.1,47457993,48335673,48335674,a,at,1
NC_037348.1,NC_032670.1,47500648,48378434,48378436,c,ctg,2
NC_037348.1,NC_032670.1,47500648,48383191,48383193,c,ctg,2
NC_037348.1,NC_032670.1,47518237,48400781,48400782,T,TK,1
NC_037348.1,NC_032670.1,47538186,48420739,48420743,a,acttt,4
NC_037348.1,NC_032670.1,47631447,48530020,48530021,T,TA,1
NC_037348.1,NC_032670.1,47640288,48539278,48539279,T,TG,1
NC_037348.1,NC_032670.1,47648821,48548159,48548161,c,cca,2
NC_037348.1,NC_032670.1,47658287,48557629,48557630,a,ag,1
NC_037348.1,NC_032670.1,47663094,48564162,48564164,G,GTR,2
NC_037348.1,NC_032670.1,47697850,48598920,48598921,T,TG,1
NC_037348.1,NC_032670.1,47726559,48627655,48627656,a,at,1
NC_037348.1,NC_032670.1,47727623,48628720,48628721,G,GR,1
NC_037348.1,NC_032670.1,47802051,48703775,48703782,t,tgttttca,7
NC_037348.1,NC_032670.1,47924232,48825999,48826000,T,TK,1
NC_037348.1,NC_032670.1,47977104,48879456,48879457,t,ta,1
NC_037348.1,NC_032670.1,47982041,48884393,48884394,c,ct,1
NC_037348.1,NC_032670.1,48051757,48954283,48954285,A,AAC,2
NC_037348.1,NC_032670.1,48052751,48955279,48955280,A,AT,1
NC_037348.1,NC_032670.1,48089584,48992188,48992194,g,ggtgcca,6
NC_037348.1,NC_032670.1,48091069,48993678,48993679,A,AG,1
NC_037348.1,NC_032670.1,48092784,48995400,48995403,T,TTCC,3
NC_037348.1,NC_032670.1,48099798,49002422,49002423,T,TC,1
NC_037348.1,NC_032670.1,48104480,49007108,49007109,c,ct,1
NC_037348.1,NC_032670.1,48151854,49054401,49054403,T,TTC,2
NC_037348.1,NC_032670.1,48163416,49065962,49065963,c,ct,1
NC_037348.1,NC_032670.1,48181010,49083565,49083567,t,ttg,2
NC_037348.1,NC_032670.1,48181784,49084341,49084343,g,gcN,2
NC_037348.1,NC_032670.1,48192036,49094597,49094598,T,TA,1
NC_037348.1,NC_032670.1,48194634,49097196,49097197,t,tY,1
NC_037348.1,NC_032670.1,48218051,49120517,49120519,C,CTG,2
NC_037348.1,NC_032670.1,48226499,49128616,49128625,g,gttggactat,9
NC_037348.1,NC_032670.1,48229221,49138760,49138761,T,TG,1
NC_037348.1,NC_032670.1,48231655,49141157,49141159,G,GGC,2
NC_037348.1,NC_032670.1,48236784,49146290,49146291,A,AT,1
NC_037348.1,NC_032670.1,48236895,49146400,49146402,t,tNN,2
NC_037348.1,NC_032670.1,48283818,49193343,49193347,a,aaaac,4
NC_037348.1,NC_032670.1,48286524,49196055,49196060,a,atatat,5
NC_037348.1,NC_032670.1,48328034,49237464,49237467,c,cttt,3
NC_037348.1,NC_032670.1,48334574,49243910,49243911,A,AC,1
NC_037348.1,NC_032670.1,48385226,49294350,49294352,C,CTG,2
NC_037348.1,NC_032670.1,48483887,49396486,49396493,A,ACCAGAGG,7
NC_037348.1,NC_032670.1,48487171,49399777,49399779,t,tac,2
NC_037348.1,NC_032670.1,48525369,49437978,49437979,t,tY,1
NC_037348.1,NC_032670.1,48534567,49447073,49447074,a,ac,1
NC_037348.1,NC_032670.1,48542409,49454919,49454920,a,at,1
NC_037348.1,NC_032670.1,48564657,49477128,49477129,t,ta,1
NC_037348.1,NC_032670.1,48570277,49482743,49482744,A,AT,1
NC_037348.1,NC_032670.1,48615406,49619504,49619505,c,ca,1
NC_037348.1,NC_032670.1,48620858,49624956,49624958,G,GNN,2
NC_037348.1,NC_032670.1,48633973,49638075,49638076,c,ca,1
NC_037348.1,NC_032670.1,48654025,49657717,49657719,g,gaa,2
NC_037348.1,NC_032670.1,48655774,49659467,49659468,C,CA,1
NC_037348.1,NC_032670.1,48678875,49682947,49682948,A,AG,1
NC_037348.1,NC_032670.1,48703144,49707227,49707229,t,tta,2
NC_037348.1,NC_032670.1,48708394,49712559,49712561,t,taa,2
NC_037348.1,NC_032670.1,48746084,49750251,49750252,G,GS,1
NC_037348.1,NC_032670.1,48813538,49866200,49866201,g,gt,1
NC_037348.1,NC_032670.1,48814152,49866815,49866816,t,tc,1
NC_037348.1,NC_032670.1,48836173,49888957,49888959,a,acg,2
NC_037348.1,NC_032670.1,48842607,49895678,49895679,g,ga,1
NC_037348.1,NC_032670.1,48883673,49798970,49798972,t,ttN,2
NC_037348.1,NC_032670.1,48892059,49807365,49807366,C,CA,1
NC_037348.1,NC_032670.1,48901394,49816677,49816678,G,GA,1
NC_037348.1,NC_032670.1,48903383,49818668,49818670,t,tgc,2
NC_037348.1,NC_032670.1,48903748,49819035,49819036,a,ag,1
NC_037348.1,NC_032670.1,48908946,49824230,49824240,a,agaaggaaaag,10
NC_037348.1,NC_032670.1,48923996,49929991,49929993,t,tta,2
NC_037348.1,NC_032670.1,48943337,49949353,49949371,c,cttcctgaccagagatcga,18
NC_037348.1,NC_032670.1,48957505,49963536,49963537,a,aN,1
NC_037348.1,NC_032670.1,48958123,49964156,49964157,A,AG,1
NC_037348.1,NC_032670.1,48960501,49966550,49966551,c,ct,1
NC_037348.1,NC_032670.1,48963205,49969255,49969256,G,GR,1
NC_037348.1,NC_032670.1,48972087,49978129,49978130,g,gt,1
NC_037348.1,NC_032670.1,48988519,49994562,49994563,C,CT,1
NC_037348.1,NC_032670.1,49013727,50020005,50020006,t,ta,1
NC_037348.1,NC_032670.1,49026679,50032958,50032959,A,AR,1
NC_037348.1,NC_032670.1,49051128,50057444,50057445,t,ta,1
NC_037348.1,NC_032670.1,49051504,50057822,50057825,a,aaag,3
NC_037348.1,NC_032670.1,49146544,50152633,50152639,g,gtctgac,6
NC_037348.1,NC_032670.1,49366926,50376385,50376386,g,ga,1
NC_037348.1,NC_032670.1,49366955,50376415,50376416,a,aR,1
NC_037348.1,NC_032670.1,49371500,50380960,50380973,a,agtggttttgattt,13
NC_037348.1,NC_032670.1,49376002,50385474,50385475,a,at,1
NC_037348.1,NC_032670.1,49377425,50386898,50386899,g,gN,1
NC_037348.1,NC_032670.1,49453624,50463054,50463055,G,GT,1
NC_037348.1,NC_032670.1,49522986,50535703,50535708,C,CCAAAA,5
NC_037348.1,NC_032670.1,49523508,50536231,50536232,C,CM,1
NC_037348.1,NC_032670.1,49526882,50539342,50539343,G,GR,1
NC_037348.1,NC_032670.1,49531158,50544088,50544091,A,AGTW,3
NC_037348.1,NC_032670.1,49533456,50546343,50546344,c,ca,1
NC_037348.1,NC_032670.1,49535025,50547912,50547913,G,GA,1
NC_037348.1,NC_032670.1,49535564,50548451,50548453,C,CTG,2
NC_037348.1,NC_032670.1,49574697,50601770,50601771,c,ca,1
NC_037348.1,NC_032670.1,49576046,50603120,50603121,t,tc,1
NC_037348.1,NC_032670.1,49599878,50631909,50631910,A,AM,1
NC_037348.1,NC_032670.1,49609678,50641706,50641707,g,ga,1
NC_037348.1,NC_032670.1,49612027,50644056,50644060,a,aaatt,4
NC_037348.1,NC_032670.1,49630869,50662920,50662921,c,ca,1
NC_037348.1,NC_032670.1,49655835,50687878,50687879,c,ct,1
NC_037348.1,NC_032670.1,49662562,50694607,50694611,t,taaaa,4
NC_037348.1,NC_032670.1,49662811,50694860,50694864,t,tctca,4
NC_037348.1,NC_032670.1,49664757,50696810,50696811,a,at,1
NC_037348.1,NC_032670.1,49708914,50747431,50747432,A,AG,1
NC_037348.1,NC_032670.1,49713136,50751637,50751638,t,tN,1
NC_037348.1,NC_032670.1,49723544,50762048,50762049,g,ga,1
NC_037348.1,NC_032670.1,49724767,50763271,50763272,C,CA,1
NC_037348.1,NC_032670.1,49777975,50816523,50816524,g,ga,1
NC_037348.1,NC_032670.1,49791909,50830455,50830460,t,tatata,5
NC_037348.1,NC_032670.1,49792789,50831346,50831347,T,TC,1
NC_037348.1,NC_032670.1,49793440,50831999,50832019,C,CTCAACTTTACTGTTGCTCAA,20
NC_037348.1,NC_032670.1,49811246,50849826,50849831,a,aaaatc,5
NC_037348.1,NC_032670.1,49817495,50856090,50856092,C,CAA,2
NC_037348.1,NC_032670.1,49853137,50891737,50891738,T,TK,1
NC_037348.1,NC_032670.1,49853248,50891849,50891850,G,GT,1
NC_037348.1,NC_032670.1,49854524,50893127,50893128,T,TC,1
NC_037348.1,NC_032670.1,49855149,50893753,50893754,t,tK,1
NC_037348.1,NC_032670.1,49855731,50894464,50894468,T,TAAAA,4
NC_037348.1,NC_032670.1,49862839,50901578,50901579,g,ga,1
NC_037348.1,NC_032670.1,49863003,50901737,50901738,A,AT,1
NC_037348.1,NC_032670.1,49881428,50920163,50920166,c,ccca,3
NC_037348.1,NC_032670.1,49887013,50925727,50925728,A,AR,1
NC_037348.1,NC_032670.1,49888436,50927151,50927152,a,at,1
NC_037348.1,NC_032670.1,49888470,50927186,50927187,c,ct,1
NC_037348.1,NC_032670.1,49888911,50927626,50927627,t,tc,1
NC_037348.1,NC_032670.1,49888919,50927635,50927636,a,at,1
NC_037348.1,NC_032670.1,49893317,50932253,50932254,T,TY,1
NC_037348.1,NC_032670.1,49893966,50932903,50932908,T,TTAAAA,5
NC_037348.1,NC_032670.1,49904980,50946378,50946382,t,ttaaa,4
NC_037348.1,NC_032670.1,50007814,51051554,51051555,C,CA,1
NC_037348.1,NC_032670.1,50011501,51055866,51055869,c,ctct,3
NC_037348.1,NC_032670.1,50017444,51061913,51061914,g,ga,1
NC_037348.1,NC_032670.1,50039332,51121257,51121258,t,tg,1
NC_037348.1,NC_032670.1,50041112,51085583,51085584,A,AT,1
NC_037348.1,NC_032670.1,50041213,51085684,51085685,t,ta,1
NC_037348.1,NC_032670.1,50070681,51152609,51152610,t,tc,1
NC_037348.1,NC_032670.1,50074043,51155973,51155974,c,cg,1
NC_037348.1,NC_032670.1,50103777,51185708,51185709,g,gc,1
NC_037348.1,NC_032670.1,50103804,51185736,51185741,g,ggaaac,5
NC_037348.1,NC_032670.1,50104087,51186024,51186025,g,gt,1
NC_037348.1,NC_032670.1,50141369,51223306,51223308,C,CAM,2
NC_037348.1,NC_032670.1,50171232,51253050,51253051,t,ta,1
NC_037348.1,NC_032670.1,50191124,51272956,51272958,T,TTA,2
NC_037348.1,NC_032670.1,50203078,51284917,51284918,A,AC,1
NC_037348.1,NC_032670.1,50209402,51291247,51291248,A,AG,1
NC_037348.1,NC_032670.1,50235876,51317713,51317714,T,TC,1
NC_037348.1,NC_032670.1,50240855,51322627,51322630,c,ccta,3
NC_037348.1,NC_032670.1,50351881,51432411,51432416,g,ggaaaa,5
NC_037348.1,NC_032670.1,50374524,51455088,51455090,C,CAG,2
NC_037348.1,NC_032670.1,50432295,51512831,51512832,C,CA,1
NC_037348.1,NC_032670.1,50436400,51516938,51516940,T,TAC,2
NC_037348.1,NC_032670.1,50452064,51532615,51532619,a,aNNNN,4
NC_037348.1,NC_032670.1,50817465,51582354,51582355,a,ag,1
NC_037348.1,NC_032670.1,50818737,51583626,51583627,c,ca,1
NC_037348.1,NC_032670.1,50819758,51584648,51584649,a,ac,1
NC_037348.1,NC_032670.1,50822791,51587683,51587684,A,AG,1
NC_037348.1,NC_032670.1,50838943,51603837,51603838,c,ca,1
NC_037348.1,NC_032670.1,50852220,51617113,51617115,g,gtt,2
NC_037348.1,NC_032670.1,50852220,51621862,51621864,g,gtt,2
NC_037348.1,NC_032670.1,50853439,51618336,51618337,g,ga,1
NC_037348.1,NC_032670.1,50864720,51634428,51634435,C,CCAGGTGA,7
NC_037348.1,NC_032670.1,50904678,51674689,51674690,G,GA,1
NC_037348.1,NC_032670.1,50950974,51721010,51721011,A,AT,1
NC_037348.1,NC_032670.1,51003455,51767574,51767576,C,CAT,2
NC_037348.1,NC_032670.1,51017308,51781429,51781430,g,gt,1
NC_037348.1,NC_032670.1,51029736,51793858,51793865,A,AAATTGGT,7
NC_037348.1,NC_032670.1,51057117,51821257,51821258,C,CY,1
NC_037348.1,NC_032670.1,51108812,51872911,51872915,A,AAATG,4
NC_037348.1,NC_032670.1,51110593,51874698,51874699,a,ag,1
NC_037348.1,NC_032670.1,51116731,51880837,51880838,T,TA,1
NC_037348.1,NC_032670.1,51123139,51887250,51887251,a,ac,1
NC_037348.1,NC_032670.1,51164518,51928625,51928629,c,cagaa,4
NC_037348.1,NC_032670.1,51275873,51987727,51987729,c,ctt,2
NC_037348.1,NC_032670.1,51277772,51989628,51989629,t,tW,1
NC_037348.1,NC_032670.1,51278013,51989871,51989873,A,AAT,2
NC_037348.1,NC_032670.1,51278172,51990032,51990045,t,tttgctaccctatg,13
NC_037348.1,NC_032670.1,51278216,51990089,51990099,g,gagtgggttgc,10
NC_037348.1,NC_032670.1,51278760,51990643,51990644,C,CN,1
NC_037348.1,NC_032670.1,51280900,51992786,51992787,t,ta,1
NC_037348.1,NC_032670.1,51280933,51992820,51992821,a,at,1
NC_037348.1,NC_032670.1,51281029,51992917,51992918,c,ct,1
NC_037348.1,NC_032670.1,51281241,51993128,51993129,c,ct,1
NC_037348.1,NC_032670.1,51283240,51995126,51995127,T,TC,1
NC_037348.1,NC_032670.1,51304393,52016275,52016276,C,CT,1
NC_037348.1,NC_032670.1,51310097,52021974,52021975,c,ca,1
NC_037348.1,NC_032670.1,51549172,52149431,52149448,T,TNNNNNNNNNNNNNNNNN,17
NC_037348.1,NC_032670.1,51582670,52182930,52182931,G,GK,1
NC_037348.1,NC_032670.1,51600918,52383897,52383898,t,ta,1
NC_037348.1,NC_032670.1,51607255,52390236,52390237,T,TA,1
NC_037348.1,NC_032670.1,51610948,52393930,52393935,C,CARGAT,5
NC_037348.1,NC_032670.1,51612422,52395483,52395484,t,tN,1
NC_037348.1,NC_032670.1,51624772,52407838,52407839,a,at,1
NC_037348.1,NC_032670.1,51627540,52410607,52410608,a,at,1
NC_037348.1,NC_032670.1,51628283,52411351,52411352,t,tg,1
NC_037348.1,NC_032670.1,51735133,52519551,52519553,T,TTA,2
NC_037348.1,NC_032670.1,51760194,52544829,52544830,a,at,1
NC_037348.1,NC_032670.1,51770535,52555174,52555175,T,TY,1
NC_037348.1,NC_032670.1,51780568,52565220,52565221,T,TK,1
NC_037348.1,NC_032670.1,51782317,52566970,52566971,c,ct,1
NC_037348.1,NC_032670.1,51810017,52594665,52594669,T,TACTC,4
NC_037348.1,NC_032670.1,51856439,52612687,52612692,T,TGAAAA,5
NC_037348.1,NC_032670.1,51867778,52624032,52624033,a,at,1
NC_037348.1,NC_032670.1,51889524,52645781,52645782,t,ta,1
NC_037348.1,NC_032670.1,51912057,52668318,52668319,c,ct,1
NC_037348.1,NC_032670.1,51934769,52692038,52692039,t,ta,1
NC_037348.1,NC_032670.1,52030250,52788666,52788667,A,AW,1
NC_037348.1,NC_032670.1,52072432,52831526,52831527,T,TA,1
NC_037348.1,NC_032670.1,52074940,52834008,52834009,a,at,1
NC_037348.1,NC_032670.1,52078179,52837248,52837249,a,at,1
NC_037348.1,NC_032670.1,52078205,52837275,52837281,g,gcaaccc,6
NC_037348.1,NC_032670.1,52114989,52874079,52874080,c,ca,1
NC_037348.1,NC_032670.1,52116991,52876082,52876086,a,aNNNN,4
NC_037348.1,NC_032670.1,52119372,52878461,52878462,T,TC,1
NC_037348.1,NC_032670.1,52122985,52882067,52882069,a,atc,2
NC_037348.1,NC_032670.1,52124088,52883172,52883173,c,ct,1
NC_037348.1,NC_032670.1,52124841,52883916,52883917,t,tg,1
NC_037348.1,NC_032670.1,52148572,52907462,52907463,g,ga,1
NC_037348.1,NC_032670.1,52150872,52909829,52909830,t,tc,1
NC_037348.1,NC_032670.1,52210873,52970249,52970250,a,ac,1
NC_037348.1,NC_032670.1,52236755,52996150,52996151,a,aM,1
NC_037348.1,NC_032670.1,52239573,52998969,52998970,g,gt,1
NC_037348.1,NC_032670.1,52244536,53003933,53003934,a,at,1
NC_037348.1,NC_032670.1,52247631,53007029,53007032,c,caaa,3
NC_037348.1,NC_032670.1,52256742,53016145,53016146,A,AG,1
NC_037348.1,NC_032670.1,52270406,53029810,53029816,t,tNNNNNN,6
NC_037348.1,NC_032670.1,52312506,53071950,53071951,a,ag,1
NC_037348.1,NC_032670.1,52323781,53083237,53083238,T,TC,1
NC_037348.1,NC_032670.1,52402478,53162740,53162741,c,ct,1
NC_037348.1,NC_032670.1,52412487,53172755,53172756,A,AG,1
NC_037348.1,NC_032670.1,52477696,53399619,53399637,T,TCTTCCAGGCTTTTAAATC,18
NC_037348.1,NC_032670.1,52556915,53438111,53438112,a,at,1
NC_037348.1,NC_032670.1,52563446,53444640,53444643,t,tagc,3
NC_037348.1,NC_032670.1,52582804,53464006,53464008,C,CAT,2
NC_037348.1,NC_032670.1,52590706,53471919,53471920,t,tc,1
NC_037348.1,NC_032670.1,52601490,53482704,53482708,C,CTATT,4
NC_037348.1,NC_032670.1,52602622,53483841,53483842,A,AG,1
NC_037348.1,NC_032670.1,52621192,53502328,53502329,G,GA,1
NC_037348.1,NC_032670.1,52621201,53502338,53502339,G,GT,1
NC_037348.1,NC_032670.1,52640753,53521196,53521197,g,ga,1
NC_037348.1,NC_032670.1,52675841,53556113,53556114,A,AC,1
NC_037348.1,NC_032670.1,52680102,53560378,53560400,g,gccaggataaatatcaataacct,22
NC_037348.1,NC_032670.1,52696926,53576763,53576765,a,aNN,2
NC_037348.1,NC_032670.1,52699084,53578922,53578923,a,at,1
NC_037348.1,NC_032670.1,52778229,53673997,53673999,t,ttg,2
NC_037348.1,NC_032670.1,52780020,53675788,53675789,c,ca,1
NC_037348.1,NC_032670.1,52827754,53720629,53720640,T,TAACAATGAATY,11
NC_037348.1,NC_032670.1,52906161,53767606,53767608,a,aag,2
NC_037348.1,NC_032670.1,52926917,53788373,53788374,g,ga,1
NC_037348.1,NC_032670.1,52988478,53849939,53849942,a,aaat,3
NC_037348.1,NC_032670.1,52997002,53858462,53858463,G,GA,1
NC_037348.1,NC_032670.1,52997012,53858473,53858474,T,TA,1
NC_037348.1,NC_032670.1,53030785,53892249,53892250,T,TA,1
NC_037348.1,NC_032670.1,53068402,53929870,53929872,C,CTA,2
NC_037348.1,NC_032670.1,53117882,53979374,53979376,t,tta,2
NC_037348.1,NC_032670.1,53119778,53981272,53981273,G,GW,1
NC_037348.1,NC_032670.1,53181115,54044931,54044932,T,TY,1
NC_037348.1,NC_032670.1,53208691,54072010,54072011,T,TY,1
NC_037348.1,NC_032670.1,53647491,54095482,54095483,a,ac,1
NC_037348.1,NC_032670.1,53654096,54102088,54102089,t,tc,1
NC_037348.1,NC_032670.1,53654886,54102877,54102881,T,TATTG,4
NC_037348.1,NC_032670.1,53700998,54148993,54148994,t,tg,1
NC_037348.1,NC_032670.1,53709753,54157758,54157761,a,atgc,3
NC_037348.1,NC_032670.1,53710323,54158325,54158326,g,gc,1
NC_037348.1,NC_032670.1,53733452,54182535,54182540,a,acaaac,5
NC_037348.1,NC_032670.1,53736245,54185342,54185351,t,tagcagcagc,9
NC_037348.1,NC_032670.1,53737947,54187053,54187054,a,at,1
NC_037348.1,NC_032670.1,53745952,54195055,54195058,t,ttgc,3
NC_037348.1,NC_032670.1,53755865,54204970,54204971,T,TG,1
NC_037348.1,NC_032670.1,53763888,54212998,54212999,T,TC,1
NC_037348.1,NC_032670.1,53775763,54224881,54224882,a,aR,1
NC_037348.1,NC_032670.1,53781902,54231021,54231022,C,CA,1
NC_037348.1,NC_032670.1,53787896,54237041,54237045,a,aaact,4
NC_037348.1,NC_032670.1,53789953,54239106,54239111,A,AATGGC,5
NC_037348.1,NC_032670.1,53796794,54245971,54245972,T,TM,1
NC_037348.1,NC_032670.1,53798176,54247356,54247358,t,ttg,2
NC_037348.1,NC_032670.1,53800724,54249910,54249913,G,GAGA,3
NC_037348.1,NC_032670.1,53804831,54254017,54254026,g,ggaaaagaaa,9
NC_037348.1,NC_032670.1,53806090,54255285,54255286,a,ag,1
NC_037348.1,NC_032670.1,53806906,54256102,54256109,g,gagtaaAC,7
NC_037348.1,NC_032670.1,53811806,54265081,54265084,C,CTAG,3
NC_037348.1,NC_032670.1,53812024,54265316,54265317,A,AT,1
NC_037348.1,NC_032670.1,53852262,54305555,54305559,c,caaaa,4
NC_037348.1,NC_032670.1,54224837,54679230,54679231,g,gc,1
NC_037348.1,NC_032670.1,54250585,54711408,54711409,C,CA,1
NC_037348.1,NC_032670.1,54277516,54738441,54738455,t,tagatgtccatcagc,14
NC_037348.1,NC_032670.1,54283187,54744126,54744127,G,GA,1
NC_037348.1,NC_032670.1,54446611,54962587,54962588,t,tN,1
NC_037348.1,NC_032670.1,54523471,55039410,55039417,c,ctatgatt,7
NC_037348.1,NC_032670.1,54746122,55216810,55216821,c,ctRTGGTCGCGT,11
NC_037348.1,NC_032670.1,54799260,55269710,55269711,c,ca,1
NC_037348.1,NC_032670.1,54885468,55356963,55356965,A,ATG,2
NC_037348.1,NC_032670.1,54906488,55377983,55377984,T,TA,1
NC_037348.1,NC_032670.1,54906537,55378033,55378034,A,AT,1
NC_037348.1,NC_032670.1,54943559,55415146,55415147,A,AT,1
NC_037348.1,NC_032670.1,54964932,55436505,55436510,A,ACTTAT,5
NC_037348.1,NC_032670.1,55100866,55570706,55570707,t,tg,1
NC_037348.1,NC_032670.1,55180617,55650363,55650365,C,CAT,2
NC_037348.1,NC_032670.1,55303830,55773483,55773486,A,AAAG,3
NC_037348.1,NC_032670.1,55308029,55777685,55777689,G,GAGAC,4
NC_037348.1,NC_032670.1,55786895,56258930,56258931,a,ac,1
NC_037348.1,NC_032670.1,55786915,56258951,56258952,c,ca,1
NC_037348.1,NC_032670.1,55786953,56258990,56258991,t,tW,1
NC_037348.1,NC_032670.1,55809731,56281692,56281693,A,AR,1
NC_037348.1,NC_032670.1,56068283,56554812,56554813,T,TC,1
NC_037348.1,NC_032670.1,56252055,56738434,56738435,g,gt,1
NC_037348.1,NC_032670.1,56298588,56785064,56785076,A,ANNNNNNNNNNNN,12
NC_037348.1,NC_032670.1,56305458,56791946,56791948,a,aNN,2
NC_037348.1,NC_032670.1,56431146,56917570,56917571,c,ct,1
NC_037348.1,NC_032670.1,56431751,56918179,56918180,t,tc,1
NC_037348.1,NC_032670.1,56432193,56918622,56918625,c,cctt,3
NC_037348.1,NC_032670.1,56597683,57087183,57087184,a,ag,1
NC_037348.1,NC_032670.1,56599652,57089153,57089238,T,TAAGGTGNNNNNNNNNNNNNNNNNNNNNNNNNTCCGAACGGGATATGGTCTGGGGGCGGTGGTGCAGCGCTGGGGGGACCCGAGGA,85
NC_037348.1,NC_032670.1,56845220,57341500,57341501,A,AG,1
NC_037348.1,NC_032670.1,56845445,57342040,57342041,G,GA,1
NC_037348.1,NC_032670.1,56936129,57432759,57432761,a,aNN,2
NC_037348.1,NC_032670.1,57606635,58052105,58052106,G,GA,1
NC_037348.1,NC_032670.1,57719270,58164841,58164843,C,CAA,2
NC_037348.1,NC_032670.1,57806272,58268660,58268661,A,AG,1
NC_037348.1,NC_032670.1,58177228,58483683,58483684,T,TA,1
NC_037348.1,NC_032670.1,58360369,58668739,58668740,G,GT,1
NC_037348.1,NC_032670.1,58562035,58870440,58870441,C,CA,1
NC_037348.1,NC_032670.1,58595550,58903621,58903622,G,GK,1
NC_037348.1,NC_032670.1,58617245,58925318,58925319,T,TA,1
NC_037348.1,NC_032670.1,58796923,59105851,59105852,A,AM,1
NC_037348.1,NC_032670.1,59128741,59357159,59357160,c,ca,1
NC_037348.1,NC_032670.1,59193096,59422086,59422087,t,tg,1
NC_037348.1,NC_032670.1,59290459,59518357,59518358,A,AG,1
NC_037348.1,NC_032670.1,59290613,59518512,59518513,G,GC,1
NC_037348.1,NC_032670.1,59291751,59519646,59519647,G,GA,1
NC_037348.1,NC_032670.1,59292082,59519978,59519979,T,TG,1
NC_037348.1,NC_032670.1,59928330,60195490,60195491,c,cg,1
NC_037348.1,NC_032670.1,59955346,60238295,60238296,A,AG,1
NC_037348.1,NC_032670.1,60022333,60305051,60305070,c,ctatgatctttgttttctga,19
NC_037348.1,NC_032670.1,60204149,60459535,60459536,a,at,1
NC_037348.1,NC_032670.1,60258074,60513277,60513278,T,TC,1
NC_037348.1,NC_032670.1,60290456,60545660,60545661,c,ct,1
NC_037348.1,NC_032670.1,60423383,60678679,60678680,C,CY,1
NC_037348.1,NC_032670.1,60954615,61183305,61183306,t,tg,1
NC_037348.1,NC_032670.1,60970889,61199580,61199581,t,tg,1
NC_037348.1,NC_032670.1,61073997,61303064,61303066,t,tta,2
NC_037348.1,NC_032670.1,61100812,61329881,61329882,t,tc,1
NC_037348.1,NC_032670.1,61104426,61333495,61333496,c,ct,1
NC_037348.1,NC_032670.1,61113376,61342443,61342444,T,TG,1
NC_037348.1,NC_032670.1,61191210,61391593,61391594,T,TA,1
NC_037348.1,NC_032670.1,61198680,61399064,61399066,a,aag,2
NC_037348.1,NC_032670.1,61247825,61448465,61448466,A,AR,1
NC_037348.1,NC_032670.1,61469381,61669726,61669728,a,aNN,2
NC_037348.1,NC_032670.1,61619524,61819871,61819872,C,CM,1
NC_037348.1,NC_032670.1,61880658,62050764,62050765,T,TY,1
NC_037348.1,NC_032670.1,61972261,62141873,62141874,g,gt,1
NC_037348.1,NC_032670.1,61989211,62158075,62158076,G,GK,1
NC_037348.1,NC_032670.1,62127294,62297027,62297028,T,TC,1
NC_037348.1,NC_032670.1,62683244,62864702,62864703,G,GT,1
NC_037348.1,NC_032670.1,62872575,63093275,63093276,T,TA,1
NC_037348.1,NC_032670.1,63082233,63300979,63300982,a,attc,3
NC_037348.1,NC_032670.1,63157475,63376225,63376226,T,TK,1
NC_037348.1,NC_032670.1,63267805,63486556,63486557,t,ta,1
NC_037348.1,NC_032670.1,63308656,63527384,63527386,a,att,2
NC_037348.1,NC_032670.1,63355429,63574947,63574948,a,aN,1
NC_037348.1,NC_032670.1,63364441,63583960,63583962,t,tNN,2
NC_037348.1,NC_032670.1,63498919,63718778,63718779,t,tc,1
NC_037348.1,NC_032670.1,63499032,63718890,63718912,a,atgtctctgcttttttttttttt,22
NC_037348.1,NC_032670.1,63631048,63850935,63850936,t,tc,1
NC_037348.1,NC_032670.1,63922032,64141932,64141933,G,GT,1
NC_037348.1,NC_032670.1,64336255,64556855,64556856,t,tg,1
NC_037348.1,NC_032670.1,64653237,64873136,64873138,C,CAG,2
NC_037348.1,NC_032670.1,64716837,64913540,64913541,t,ta,1
NC_037348.1,NC_032670.1,64716924,64913627,64913628,g,gt,1
NC_037348.1,NC_032670.1,64842887,65062957,65062958,T,TK,1
NC_037348.1,NC_032670.1,65026468,65130248,65130249,T,TG,1
NC_037348.1,NC_032670.1,65083888,65187550,65187551,G,GA,1
NC_037348.1,NC_032670.1,65105581,65209396,65209397,a,ac,1
NC_037348.1,NC_032670.1,65137510,65241327,65241328,a,ag,1
NC_037348.1,NC_032670.1,65187119,65290269,65290270,C,CG,1
NC_037348.1,NC_032670.1,65305339,65408489,65408490,T,TA,1
NC_037348.1,NC_032670.1,65436375,65538074,65538075,G,GS,1
NC_037348.1,NC_032670.1,65461472,65563225,65563226,A,AW,1
NC_037348.1,NC_032670.1,65461480,65563234,65563235,T,TC,1
NC_037348.1,NC_032670.1,65461547,65563303,65563304,A,AR,1
NC_037348.1,NC_032670.1,65512467,65614103,65614104,C,CY,1
NC_037348.1,NC_032670.1,65675753,65762847,65762848,G,GA,1
NC_037348.1,NC_032670.1,65675764,65762859,65762860,G,GA,1
NC_037348.1,NC_032670.1,65743376,65830122,65830123,c,ct,1
NC_037348.1,NC_032670.1,65744945,65831692,65831694,C,CCT,2
NC_037348.1,NC_032670.1,65770831,65857766,65857767,t,tc,1
NC_037348.1,NC_032670.1,65772034,65860405,65860406,t,tc,1
NC_037348.1,NC_032670.1,65819123,65907533,65907534,G,GT,1
NC_037348.1,NC_032670.1,65825686,65914101,65914104,C,CTTT,3
NC_037348.1,NC_032670.1,65903049,65991879,65991880,a,ag,1
NC_037348.1,NC_032670.1,65969141,66058322,66058323,T,TN,1
NC_037348.1,NC_032670.1,66002284,66091470,66091471,A,AC,1
NC_037348.1,NC_032670.1,66020210,66109400,66109401,C,CY,1
NC_037348.1,NC_032670.1,66144968,66233444,66233447,t,tagc,3
NC_037348.1,NC_032670.1,66147354,66235845,66235846,T,TC,1
NC_037348.1,NC_032670.1,66170513,66258999,66259007,a,aNNNNNNNN,8
NC_037348.1,NC_032670.1,66344717,66432895,66432896,a,ag,1
NC_037348.1,NC_032670.1,66374880,66463861,66463862,C,CT,1
NC_037348.1,NC_032670.1,66450571,66537380,66537382,T,TTA,2
NC_037348.1,NC_032670.1,66659324,66745004,66745006,t,tNN,2
NC_037348.1,NC_032670.1,66704081,66790005,66790009,c,cggtt,4
NC_037348.1,NC_032670.1,66763142,66849075,66849076,t,tN,1
NC_037348.1,NC_032670.1,67042732,67261912,67261913,T,TG,1
NC_037348.1,NC_032670.1,67203738,67454745,67454748,t,ttaa,3
NC_037348.1,NC_032670.1,67257531,67507987,67507988,G,GA,1
NC_037348.1,NC_032670.1,67291503,67541947,67541948,C,CA,1
NC_037348.1,NC_032670.1,67458988,67746527,67746528,T,TA,1
NC_037348.1,NC_032670.1,67459033,67746573,67746574,T,TG,1
NC_037348.1,NC_032670.1,67593228,67880813,67880814,C,CT,1
NC_037348.1,NC_032670.1,67609276,67896862,67896863,a,ag,1
NC_037348.1,NC_032670.1,67640580,67928169,67928170,C,CY,1
NC_037348.1,NC_032670.1,67663134,67950724,67950725,T,TA,1
NC_037348.1,NC_032670.1,67682750,67970342,67970343,a,ac,1
NC_037348.1,NC_032670.1,67738894,68026759,68026760,C,CA,1
NC_037348.1,NC_032670.1,67760074,68047942,68047947,c,catcca,5
NC_037348.1,NC_032670.1,67761430,68049327,68049328,A,AG,1
NC_037348.1,NC_032670.1,67783586,68071498,68071500,G,GAT,2
NC_037348.1,NC_032670.1,67784561,68072476,68072479,G,GCCA,3
NC_037348.1,NC_032670.1,67785681,68073600,68073601,G,GA,1
NC_037348.1,NC_032670.1,67793563,68091920,68091921,T,TG,1
NC_037348.1,NC_032670.1,67795236,68093594,68093595,C,CA,1
NC_037348.1,NC_032670.1,67796856,68095215,68095216,C,CG,1
NC_037348.1,NC_032670.1,67797642,68096002,68096007,C,CACCGG,5
NC_037348.1,NC_032670.1,67798963,68097328,68097329,T,TC,1
NC_037348.1,NC_032670.1,67803382,68101750,68101757,C,CAAGGCCG,7
NC_037348.1,NC_032670.1,67803976,68102354,68102357,G,GCCT,3
NC_037348.1,NC_032670.1,67816963,68115220,68115226,c,cgcggcg,6
NC_037348.1,NC_032670.1,67819368,68117627,68117670,T,TCCGTCCAGGGTGAGGTCGGGGAGGGGCAGACAGTCCTTCCTGC,43
NC_037348.1,NC_032670.1,67823546,68121847,68121848,C,CG,1
NC_037348.1,NC_032670.1,67826911,68125213,68125214,C,CG,1
NC_037348.1,NC_032670.1,67828727,68127030,68127031,G,GC,1
NC_037348.1,NC_032670.1,67855894,68154189,68154190,T,TY,1
NC_037348.1,NC_032670.1,67858086,68156382,68156391,a,acaaacaaac,9
NC_037348.1,NC_032670.1,67868119,68166426,68166434,A,ACTCCAAGW,8
NC_037348.1,NC_032670.1,68058012,68420912,68420913,a,at,1
NC_037348.1,NC_032670.1,68196405,68647649,68647663,T,TTTGTACCGTATTTC,14
NC_037348.1,NC_032670.1,68298115,68749387,68749388,G,GA,1
NC_037348.1,NC_032670.1,68436957,68887854,68887855,C,CA,1
NC_037348.1,NC_032670.1,68440519,68891420,68891421,C,CA,1
NC_037348.1,NC_032670.1,68626839,69058600,69058615,A,AGGGGCAGCACCCGCC,15
NC_037348.1,NC_032670.1,68666380,69097104,69097105,C,CT,1
NC_037348.1,NC_032670.1,68767744,69114089,69114090,G,GR,1
NC_037348.1,NC_032670.1,68781393,69127735,69127736,T,TY,1
NC_037348.1,NC_032670.1,68797705,69143983,69143984,G,GK,1
NC_037348.1,NC_032670.1,68807399,69153692,69153694,C,CNN,2
NC_037348.1,NC_032670.1,68824709,69171004,69171005,G,GR,1
NC_037348.1,NC_032670.1,68874042,69220336,69220337,T,TG,1
NC_037348.1,NC_032670.1,68888894,69235072,69235075,G,GGGT,3
NC_037348.1,NC_032670.1,68888906,69235087,69235089,C,CCG,2
NC_037348.1,NC_032670.1,68903629,69249393,69249394,t,ta,1
