Reference ID,Query ID,Reference POS,Query POS,Query END,REF,ALT,SVLEN
NC_037357.1,NC_032679.1,1558959,67670,67671,T,TW,1
NC_037357.1,NC_032679.1,1577149,85596,85597,t,ta,1
NC_037357.1,NC_032679.1,1748819,258977,258978,t,tW,1
NC_037357.1,NC_032679.1,1749998,260159,260160,t,tc,1
NC_037357.1,NC_032679.1,4987686,414697,414698,G,GA,1
NC_037357.1,NC_032679.1,5103202,529843,529844,G,GC,1
NC_037357.1,NC_032679.1,5206500,633479,633481,a,aag,2
NC_037357.1,NC_032679.1,5213215,640200,640203,T,TANN,3
NC_037357.1,NC_032679.1,5235660,662615,662616,c,ca,1
NC_037357.1,NC_032679.1,5889008,801144,801149,t,tcagtc,5
NC_037357.1,NC_032679.1,5900738,812892,812894,t,ttc,2
NC_037357.1,NC_032679.1,5914885,827014,827016,C,CCA,2
NC_037357.1,NC_032679.1,5958679,871442,871444,a,aNN,2
NC_037357.1,NC_032679.1,5972918,885682,885683,c,ca,1
NC_037357.1,NC_032679.1,6009142,922911,922912,A,AC,1
NC_037357.1,NC_032679.1,6087133,1002701,1002702,a,at,1
NC_037357.1,NC_032679.1,6141818,1061518,1061520,c,cAG,2
NC_037357.1,NC_032679.1,6143525,1063227,1063236,a,aaaaaaaact,9
NC_037357.1,NC_032679.1,6148297,1068008,1068009,c,ct,1
NC_037357.1,NC_032679.1,6149139,1068776,1068785,g,gacactgttt,9
NC_037357.1,NC_032679.1,6158509,1078149,1078150,a,at,1
NC_037357.1,NC_032679.1,6170299,1089959,1089964,A,ACAGTT,5
NC_037357.1,NC_032679.1,6170326,1089991,1089992,a,ac,1
NC_037357.1,NC_032679.1,6190929,1110533,1110534,c,ca,1
NC_037357.1,NC_032679.1,6191003,1110608,1110610,t,ttg,2
NC_037357.1,NC_032679.1,6191757,1111364,1111365,T,TC,1
NC_037357.1,NC_032679.1,6192139,1111747,1111748,A,AG,1
NC_037357.1,NC_032679.1,6211907,1131515,1131519,T,TACTC,4
NC_037357.1,NC_032679.1,6241981,1161736,1161737,g,ga,1
NC_037357.1,NC_032679.1,6245128,1164884,1164886,a,aag,2
NC_037357.1,NC_032679.1,6269930,1192095,1192106,g,gaaaaaaggaaK,11
NC_037357.1,NC_032679.1,6286660,1208735,1208749,t,ttgttgggggggggg,14
NC_037357.1,NC_032679.1,6308420,1230550,1230556,G,GCAGATA,6
NC_037357.1,NC_032679.1,6591850,1509260,1509310,A,ANNNNNNNNNNNNNNNNNNNNNNNNNNNNNNNNNNNNNNNNNNNNNNNTCT,50
NC_037357.1,NC_032679.1,6617858,1535339,1535340,t,tA,1
NC_037357.1,NC_032679.1,6697848,1617647,1617648,c,ca,1
NC_037357.1,NC_032679.1,7010560,1946059,1946061,t,tta,2
NC_037357.1,NC_032679.1,7044889,1980392,1980393,G,GC,1
NC_037357.1,NC_032679.1,7109756,2045263,2045264,a,ag,1
NC_037357.1,NC_032679.1,7410704,2171639,2171641,g,gtt,2
NC_037357.1,NC_032679.1,7410736,2171673,2171675,t,ttg,2
NC_037357.1,NC_032679.1,7498770,2259711,2259712,A,AC,1
NC_037357.1,NC_032679.1,7498899,2259841,2259842,A,AG,1
NC_037357.1,NC_032679.1,7673059,2432250,2432251,C,CN,1
NC_037357.1,NC_032679.1,7758920,2518028,2518029,a,ag,1
NC_037357.1,NC_032679.1,7767161,2526268,2526269,a,ac,1
NC_037357.1,NC_032679.1,7982018,2724014,2724015,t,ta,1
NC_037357.1,NC_032679.1,9740536,3179144,3179145,c,ca,1
NC_037357.1,NC_032679.1,9909009,3348014,3348015,C,CA,1
NC_037357.1,NC_032679.1,9915847,3354854,3354855,c,ca,1
NC_037357.1,NC_032679.1,9992872,3431640,3431643,a,actC,3
NC_037357.1,NC_032679.1,10080129,3518896,3518898,a,aNN,2
NC_037357.1,NC_032679.1,10143804,3582837,3582838,c,ca,1
NC_037357.1,NC_032679.1,10824263,4043873,4043874,t,ta,1
NC_037357.1,NC_032679.1,10824413,4044024,4044025,g,gc,1
NC_037357.1,NC_032679.1,10829324,4048936,4048937,A,AG,1
NC_037357.1,NC_032679.1,10832032,4051645,4051649,t,taaaa,4
NC_037357.1,NC_032679.1,10833056,4052673,4052674,T,TC,1
NC_037357.1,NC_032679.1,10871077,4053910,4053911,t,ta,1
NC_037357.1,NC_032679.1,10872212,4055046,4055061,G,GCCAGGCGATGCTGCT,15
NC_037357.1,NC_032679.1,10874721,4057539,4057540,A,AG,1
NC_037357.1,NC_032679.1,10988777,4169331,4169332,C,CT,1
NC_037357.1,NC_032679.1,11038861,4219417,4219419,A,ANN,2
NC_037357.1,NC_032679.1,11402055,4606474,4606475,c,cN,1
NC_037357.1,NC_032679.1,11462288,4666673,4666674,t,tc,1
NC_037357.1,NC_032679.1,11508435,4712701,4712702,a,at,1
NC_037357.1,NC_032679.1,11581392,4786649,4786658,g,gggacaTTTA,9
NC_037357.1,NC_032679.1,11581422,4786697,4786698,a,at,1
NC_037357.1,NC_032679.1,11715838,4921504,4921508,a,agagc,4
NC_037357.1,NC_032679.1,12526296,5130313,5130315,a,aNN,2
NC_037357.1,NC_032679.1,12532281,5136300,5136302,t,tNN,2
NC_037357.1,NC_032679.1,12611220,5215235,5215236,A,AC,1
NC_037357.1,NC_032679.1,12611240,5215256,5215257,A,AC,1
NC_037357.1,NC_032679.1,12611306,5215322,5215323,C,CA,1
NC_037357.1,NC_032679.1,12611334,5215351,5215352,A,AC,1
NC_037357.1,NC_032679.1,12622974,5205170,5205171,c,ct,1
NC_037357.1,NC_032679.1,12623118,5205315,5205316,c,ct,1
NC_037357.1,NC_032679.1,12623176,5205373,5205374,c,ca,1
NC_037357.1,NC_032679.1,12624386,5206583,5206585,C,CCG,2
NC_037357.1,NC_032679.1,12624396,5206595,5206596,A,AT,1
NC_037357.1,NC_032679.1,12624468,5206668,5206669,a,at,1
NC_037357.1,NC_032679.1,12624495,5206695,5206696,a,ag,1
NC_037357.1,NC_032679.1,12624529,5206730,5206731,a,at,1
NC_037357.1,NC_032679.1,12624579,5206781,5206782,t,ta,1
NC_037357.1,NC_032679.1,12624593,5206796,5206797,t,ta,1
NC_037357.1,NC_032679.1,12624675,5206879,5206880,T,TC,1
NC_037357.1,NC_032679.1,12624689,5206894,5206895,C,CT,1
NC_037357.1,NC_032679.1,12624781,5206987,5206988,c,ct,1
NC_037357.1,NC_032679.1,12625094,5207301,5207302,t,ta,1
NC_037357.1,NC_032679.1,12625109,5207317,5207318,G,GA,1
NC_037357.1,NC_032679.1,12625136,5207345,5207346,T,TA,1
NC_037357.1,NC_032679.1,12625162,5207372,5207373,T,TG,1
NC_037357.1,NC_032679.1,12625223,5207437,5207438,A,AT,1
NC_037357.1,NC_032679.1,12625253,5207468,5207469,g,gt,1
NC_037357.1,NC_032679.1,12625332,5207548,5207549,g,ga,1
NC_037357.1,NC_032679.1,12625371,5207587,5207588,c,ca,1
NC_037357.1,NC_032679.1,12625399,5207616,5207617,a,at,1
NC_037357.1,NC_032679.1,12625487,5207703,5207704,C,CA,1
NC_037357.1,NC_032679.1,12625607,5207823,5207824,G,GC,1
NC_037357.1,NC_032679.1,12625709,5207923,5207924,C,CT,1
NC_037357.1,NC_032679.1,12626016,5208228,5208229,T,TC,1
NC_037357.1,NC_032679.1,12626029,5208242,5208243,T,TC,1
NC_037357.1,NC_032679.1,12626121,5208335,5208336,T,TC,1
NC_037357.1,NC_032679.1,12626391,5208605,5208606,t,ta,1
NC_037357.1,NC_032679.1,12626488,5208702,5208703,g,gt,1
NC_037357.1,NC_032679.1,12626530,5208745,5208746,t,ta,1
NC_037357.1,NC_032679.1,12626590,5208806,5208807,a,at,1
NC_037357.1,NC_032679.1,12626659,5208875,5208876,G,GA,1
NC_037357.1,NC_032679.1,12626824,5209041,5209042,T,TA,1
NC_037357.1,NC_032679.1,12627252,5209470,5209471,G,GA,1
NC_037357.1,NC_032679.1,12628745,5210963,5210964,a,at,1
NC_037357.1,NC_032679.1,12629728,5211947,5211948,g,gt,1
NC_037357.1,NC_032679.1,12761199,5343392,5343393,T,TA,1
NC_037357.1,NC_032679.1,12831630,5413826,5413827,c,ca,1
NC_037357.1,NC_032679.1,12906839,5488706,5488707,A,AC,1
NC_037357.1,NC_032679.1,12909062,5494577,5494578,c,ct,1
NC_037357.1,NC_032679.1,12942834,5528348,5528350,A,ATT,2
NC_037357.1,NC_032679.1,13065988,5654026,5654028,t,tta,2
NC_037357.1,NC_032679.1,13161358,5746904,5746905,A,AG,1
NC_037357.1,NC_032679.1,13178168,5763716,5763719,g,ggca,3
NC_037357.1,NC_032679.1,13266067,5851582,5851583,g,gN,1
NC_037357.1,NC_032679.1,13266096,5851612,5851613,t,ta,1
NC_037357.1,NC_032679.1,13496513,6096156,6096157,C,CT,1
NC_037357.1,NC_032679.1,13524216,6123413,6123414,g,ga,1
NC_037357.1,NC_032679.1,13564248,6163399,6163400,G,GA,1
NC_037357.1,NC_032679.1,13814446,6450331,6450332,G,GC,1
NC_037357.1,NC_032679.1,14075510,6709660,6709673,g,gcatgagagtgaaa,13
NC_037357.1,NC_032679.1,14240288,6838796,6838797,c,ca,1
NC_037357.1,NC_032679.1,15514366,7046622,7046623,G,GR,1
NC_037357.1,NC_032679.1,15700435,7232412,7232413,t,ta,1
NC_037357.1,NC_032679.1,15988745,7520974,7520979,T,TACAAA,5
NC_037357.1,NC_032679.1,16465835,8036230,8036231,C,CG,1
NC_037357.1,NC_032679.1,17161852,8092796,8092798,a,atc,2
NC_037357.1,NC_032679.1,17161858,8092804,8092805,a,ag,1
NC_037357.1,NC_032679.1,17161893,8092840,8092842,c,ctt,2
NC_037357.1,NC_032679.1,17178213,8109903,8109904,A,AC,1
NC_037357.1,NC_032679.1,17258002,8191933,8191934,C,CT,1
NC_037357.1,NC_032679.1,17416540,8350365,8350366,C,CT,1
NC_037357.1,NC_032679.1,17552383,8486210,8486211,A,AT,1
NC_037357.1,NC_032679.1,17637467,8571295,8571301,A,ATCTCCC,6
NC_037357.1,NC_032679.1,17670850,8604684,8604685,T,TG,1
NC_037357.1,NC_032679.1,17696323,8630156,8630157,C,CA,1
NC_037357.1,NC_032679.1,17771615,8706370,8706371,C,CT,1
NC_037357.1,NC_032679.1,18688083,8921258,8921260,A,AGG,2
NC_037357.1,NC_032679.1,18688120,8921297,8921299,T,TCC,2
NC_037357.1,NC_032679.1,18688338,8921517,8921518,T,TG,1
NC_037357.1,NC_032679.1,18688406,8921586,8921590,c,cacat,4
NC_037357.1,NC_032679.1,18690820,8923999,8924013,c,ctgtgtgtctatctg,14
NC_037357.1,NC_032679.1,18697493,8930687,8930688,t,tc,1
NC_037357.1,NC_032679.1,18711178,8944373,8944374,t,tc,1
NC_037357.1,NC_032679.1,18714095,8947291,8947295,T,TTCTA,4
NC_037357.1,NC_032679.1,18764179,8983263,8983264,g,gt,1
NC_037357.1,NC_032679.1,18770363,8989450,8989456,a,aaaaaaR,6
NC_037357.1,NC_032679.1,19307548,9120251,9120252,c,ca,1
NC_037357.1,NC_032679.1,19307631,9120334,9120335,t,tc,1
NC_037357.1,NC_032679.1,19307681,9120384,9120385,a,at,1
NC_037357.1,NC_032679.1,19318363,9136892,9136894,a,aac,2
NC_037357.1,NC_032679.1,19318407,9136938,9136939,a,at,1
NC_037357.1,NC_032679.1,19318460,9136991,9136992,g,gc,1
NC_037357.1,NC_032679.1,19318462,9136994,9136995,t,tg,1
NC_037357.1,NC_032679.1,19318720,9137255,9137256,A,AT,1
NC_037357.1,NC_032679.1,19318739,9137275,9137276,C,CA,1
NC_037357.1,NC_032679.1,19318785,9137322,9137323,g,ga,1
NC_037357.1,NC_032679.1,19318790,9137328,9137329,t,ta,1
NC_037357.1,NC_032679.1,19319578,9138111,9138112,t,tc,1
NC_037357.1,NC_032679.1,19319696,9138230,9138231,t,tg,1
NC_037357.1,NC_032679.1,19337210,9155742,9155743,C,CA,1
NC_037357.1,NC_032679.1,19337288,9155821,9155822,C,CT,1
NC_037357.1,NC_032679.1,19337417,9155952,9155953,T,TA,1
NC_037357.1,NC_032679.1,19338089,9156617,9156618,C,CA,1
NC_037357.1,NC_032679.1,19338264,9156786,9156787,G,GC,1
NC_037357.1,NC_032679.1,19338296,9156819,9156820,A,AC,1
NC_037357.1,NC_032679.1,19339814,9158347,9158348,c,ca,1
NC_037357.1,NC_032679.1,19339819,9158353,9158356,t,ttta,3
NC_037357.1,NC_032679.1,19339838,9158375,9158376,T,TA,1
NC_037357.1,NC_032679.1,19339951,9158488,9158489,T,TG,1
NC_037357.1,NC_032679.1,19340060,9158599,9158600,C,CA,1
NC_037357.1,NC_032679.1,19340363,9158904,9158905,a,ac,1
NC_037357.1,NC_032679.1,19340376,9158919,9158920,G,GT,1
NC_037357.1,NC_032679.1,19340450,9158994,9158995,G,GA,1
NC_037357.1,NC_032679.1,19340671,9159217,9159218,C,CA,1
NC_037357.1,NC_032679.1,19340725,9159273,9159274,G,GT,1
NC_037357.1,NC_032679.1,19341274,9159819,9159820,c,cg,1
NC_037357.1,NC_032679.1,19341456,9160001,9160002,t,tc,1
NC_037357.1,NC_032679.1,19341668,9160211,9160212,A,AT,1
NC_037357.1,NC_032679.1,19342408,9160948,9160949,C,CT,1
NC_037357.1,NC_032679.1,19342771,9161307,9161308,T,TG,1
NC_037357.1,NC_032679.1,19343338,9161872,9161873,C,CT,1
NC_037357.1,NC_032679.1,19343580,9162114,9162115,G,GW,1
NC_037357.1,NC_032679.1,19343736,9162268,9162269,T,TC,1
NC_037357.1,NC_032679.1,19344409,9162934,9162935,T,TC,1
NC_037357.1,NC_032679.1,19344664,9163189,9163190,G,GA,1
NC_037357.1,NC_032679.1,19344677,9163203,9163204,T,TG,1
NC_037357.1,NC_032679.1,19345742,9164251,9164252,c,ct,1
NC_037357.1,NC_032679.1,19345772,9164282,9164283,a,at,1
NC_037357.1,NC_032679.1,19346139,9164636,9164637,t,tg,1
NC_037357.1,NC_032679.1,19346493,9164984,9164985,a,at,1
NC_037357.1,NC_032679.1,19346538,9165030,9165031,t,tg,1
NC_037357.1,NC_032679.1,19346721,9165213,9165214,g,ga,1
NC_037357.1,NC_032679.1,19352716,9171193,9171194,c,ct,1
NC_037357.1,NC_032679.1,19357330,9175775,9175776,A,AG,1
NC_037357.1,NC_032679.1,19357734,9176172,9176173,C,CT,1
NC_037357.1,NC_032679.1,19377268,9195665,9195666,a,ac,1
NC_037357.1,NC_032679.1,19377313,9195711,9195712,g,gt,1
NC_037357.1,NC_032679.1,19377526,9195925,9195926,c,ct,1
NC_037357.1,NC_032679.1,19377547,9195947,9195948,g,gt,1
NC_037357.1,NC_032679.1,19378281,9196680,9196682,c,cca,2
NC_037357.1,NC_032679.1,19379224,9197628,9197629,a,at,1
NC_037357.1,NC_032679.1,19383014,9201420,9201421,A,AT,1
NC_037357.1,NC_032679.1,19411422,9229828,9229829,T,TA,1
NC_037357.1,NC_032679.1,19412282,9230691,9230692,t,tc,1
NC_037357.1,NC_032679.1,19455390,9290784,9290785,T,TC,1
NC_037357.1,NC_032679.1,19456332,9291726,9291727,T,TC,1
NC_037357.1,NC_032679.1,19456747,9292136,9292137,T,TA,1
NC_037357.1,NC_032679.1,19457623,9293190,9293191,A,AT,1
NC_037357.1,NC_032679.1,19458013,9293579,9293580,A,AG,1
NC_037357.1,NC_032679.1,19459493,9295058,9295059,a,ag,1
NC_037357.1,NC_032679.1,19465448,9301022,9301023,A,AC,1
NC_037357.1,NC_032679.1,19465458,9301033,9301034,G,GT,1
NC_037357.1,NC_032679.1,19466363,9301931,9301932,g,gc,1
NC_037357.1,NC_032679.1,19467619,9303149,9303150,c,ca,1
NC_037357.1,NC_032679.1,19467922,9303453,9303454,t,tc,1
NC_037357.1,NC_032679.1,19472872,9308495,9308496,G,GA,1
NC_037357.1,NC_032679.1,19479432,9315060,9315061,G,GC,1
NC_037357.1,NC_032679.1,19500622,9336245,9336246,G,GT,1
NC_037357.1,NC_032679.1,19502181,9337810,9337811,G,GC,1
NC_037357.1,NC_032679.1,19507624,9343257,9343258,c,ca,1
NC_037357.1,NC_032679.1,19509637,9345267,9345268,c,ca,1
NC_037357.1,NC_032679.1,19510570,9346183,9346185,C,CGA,2
NC_037357.1,NC_032679.1,19510758,9346374,9346375,A,AC,1
NC_037357.1,NC_032679.1,19510926,9346543,9346544,a,ac,1
NC_037357.1,NC_032679.1,19510947,9346564,9346565,C,CA,1
NC_037357.1,NC_032679.1,19512263,9347828,9347830,t,tta,2
NC_037357.1,NC_032679.1,19512818,9348371,9348373,t,ttg,2
NC_037357.1,NC_032679.1,19514089,9349621,9349622,t,tg,1
NC_037357.1,NC_032679.1,19514359,9349893,9349894,a,ag,1
NC_037357.1,NC_032679.1,19514389,9349924,9349925,g,gc,1
NC_037357.1,NC_032679.1,19516205,9351778,9351779,T,TG,1
NC_037357.1,NC_032679.1,19516778,9352351,9352352,A,AC,1
NC_037357.1,NC_032679.1,19528284,9363861,9363862,g,gt,1
NC_037357.1,NC_032679.1,19528286,9363864,9363865,c,ct,1
NC_037357.1,NC_032679.1,19528514,9364093,9364094,C,CA,1
NC_037357.1,NC_032679.1,19528821,9364403,9364404,t,ta,1
NC_037357.1,NC_032679.1,19528890,9364474,9364475,T,TA,1
NC_037357.1,NC_032679.1,19528930,9364513,9364514,g,ga,1
NC_037357.1,NC_032679.1,19532868,9368532,9368533,t,tc,1
NC_037357.1,NC_032679.1,19532890,9368555,9368556,g,ga,1
NC_037357.1,NC_032679.1,19533013,9368677,9368678,g,ga,1
NC_037357.1,NC_032679.1,19533110,9368774,9368775,t,ta,1
NC_037357.1,NC_032679.1,19535453,9371116,9371117,t,tc,1
NC_037357.1,NC_032679.1,19552280,9388019,9388020,C,CT,1
NC_037357.1,NC_032679.1,19558126,9393865,9393866,a,ag,1
NC_037357.1,NC_032679.1,19558651,9394389,9394390,c,ca,1
NC_037357.1,NC_032679.1,19558685,9394424,9394425,g,ga,1
NC_037357.1,NC_032679.1,19558809,9394550,9394551,a,ac,1
NC_037357.1,NC_032679.1,19558957,9394700,9394701,g,ga,1
NC_037357.1,NC_032679.1,19559032,9394774,9394775,g,ga,1
NC_037357.1,NC_032679.1,19559052,9394795,9394796,g,ga,1
NC_037357.1,NC_032679.1,19559058,9394802,9394803,g,ga,1
NC_037357.1,NC_032679.1,19559082,9394827,9394828,g,gc,1
NC_037357.1,NC_032679.1,19559115,9394860,9394862,a,aag,2
NC_037357.1,NC_032679.1,19559248,9394994,9394995,g,gc,1
NC_037357.1,NC_032679.1,19559284,9395031,9395032,a,ac,1
NC_037357.1,NC_032679.1,19561870,9397648,9397649,g,ga,1
NC_037357.1,NC_032679.1,19561915,9397693,9397694,a,at,1
NC_037357.1,NC_032679.1,19561931,9397710,9397711,g,ga,1
NC_037357.1,NC_032679.1,19562243,9398018,9398019,a,at,1
NC_037357.1,NC_032679.1,19568338,9404101,9404102,T,TG,1
NC_037357.1,NC_032679.1,19568520,9404282,9404283,G,GA,1
NC_037357.1,NC_032679.1,19569722,9405480,9405481,C,CA,1
NC_037357.1,NC_032679.1,19570282,9406040,9406041,G,GC,1
NC_037357.1,NC_032679.1,19570296,9406055,9406056,T,TG,1
NC_037357.1,NC_032679.1,19571104,9406860,9406862,a,acc,2
NC_037357.1,NC_032679.1,19571118,9406876,9406877,t,tg,1
NC_037357.1,NC_032679.1,19571607,9407361,9407362,G,GA,1
NC_037357.1,NC_032679.1,19571680,9407434,9407435,A,AT,1
NC_037357.1,NC_032679.1,19578883,9414640,9414641,T,TA,1
NC_037357.1,NC_032679.1,19581482,9417248,9417249,G,GA,1
NC_037357.1,NC_032679.1,19582261,9418030,9418031,A,AC,1
NC_037357.1,NC_032679.1,19584023,9419785,9419786,T,TA,1
NC_037357.1,NC_032679.1,19584747,9420506,9420507,T,Ta,1
NC_037357.1,NC_032679.1,19584798,9420559,9420560,t,ta,1
NC_037357.1,NC_032679.1,19585531,9421294,9421295,G,GA,1
NC_037357.1,NC_032679.1,19585546,9421310,9421311,G,GA,1
NC_037357.1,NC_032679.1,19586179,9421937,9421938,g,ga,1
NC_037357.1,NC_032679.1,19586755,9422516,9422517,A,At,1
NC_037357.1,NC_032679.1,19607621,9443587,9443588,A,AC,1
NC_037357.1,NC_032679.1,19609615,9445580,9445581,t,tc,1
NC_037357.1,NC_032679.1,19609640,9445606,9445607,g,gt,1
NC_037357.1,NC_032679.1,19614131,9449831,9449832,T,TA,1
NC_037357.1,NC_032679.1,19616479,9452206,9452207,T,TG,1
NC_037357.1,NC_032679.1,19617000,9452724,9452725,G,GC,1
NC_037357.1,NC_032679.1,19618940,9454639,9454640,T,TG,1
NC_037357.1,NC_032679.1,19623029,9458727,9458728,C,CT,1
NC_037357.1,NC_032679.1,19623945,9459627,9459628,C,CT,1
NC_037357.1,NC_032679.1,19624078,9459760,9459761,t,tc,1
NC_037357.1,NC_032679.1,19626254,9461919,9461922,T,TTTC,3
NC_037357.1,NC_032679.1,19626440,9462105,9462106,c,ct,1
NC_037357.1,NC_032679.1,19670553,9506016,9506017,C,CT,1
NC_037357.1,NC_032679.1,19672515,9507980,9507981,T,TG,1
NC_037357.1,NC_032679.1,19694486,9529972,9529973,a,at,1
NC_037357.1,NC_032679.1,19694525,9530012,9530013,C,CT,1
NC_037357.1,NC_032679.1,19722659,9562421,9562422,A,AT,1
NC_037357.1,NC_032679.1,19722663,9562426,9562428,T,TTA,2
NC_037357.1,NC_032679.1,19722851,9562616,9562617,C,CA,1
NC_037357.1,NC_032679.1,19722873,9562639,9562640,G,GT,1
NC_037357.1,NC_032679.1,19724977,9564356,9564357,a,ac,1
NC_037357.1,NC_032679.1,19725040,9564420,9564421,c,ca,1
NC_037357.1,NC_032679.1,19725074,9564455,9564456,c,ct,1
NC_037357.1,NC_032679.1,19726744,9566119,9566120,A,AT,1
NC_037357.1,NC_032679.1,19726840,9566213,9566214,C,CA,1
NC_037357.1,NC_032679.1,19727493,9566867,9566868,g,ga,1
NC_037357.1,NC_032679.1,19727789,9567161,9567162,A,AG,1
NC_037357.1,NC_032679.1,19727847,9567219,9567220,c,ct,1
NC_037357.1,NC_032679.1,19727881,9567254,9567256,A,AAT,2
NC_037357.1,NC_032679.1,19729126,9568500,9568501,t,tg,1
NC_037357.1,NC_032679.1,19729804,9569178,9569179,t,tc,1
NC_037357.1,NC_032679.1,19729978,9569353,9569354,c,ct,1
NC_037357.1,NC_032679.1,19730014,9569390,9569391,a,at,1
NC_037357.1,NC_032679.1,19731379,9570756,9570757,T,TA,1
NC_037357.1,NC_032679.1,19733135,9572514,9572515,t,tg,1
NC_037357.1,NC_032679.1,19733291,9572671,9572672,a,at,1
NC_037357.1,NC_032679.1,19735326,9575230,9575231,c,ct,1
NC_037357.1,NC_032679.1,19735342,9575247,9575248,c,cg,1
NC_037357.1,NC_032679.1,19736390,9576289,9576290,G,GT,1
NC_037357.1,NC_032679.1,19736590,9576489,9576490,G,GC,1
NC_037357.1,NC_032679.1,19736947,9576848,9576849,T,TG,1
NC_037357.1,NC_032679.1,19749763,9589698,9589699,g,gt,1
NC_037357.1,NC_032679.1,19762534,9602462,9602463,C,CT,1
NC_037357.1,NC_032679.1,19797914,9639237,9639238,T,TA,1
NC_037357.1,NC_032679.1,19798484,9639803,9639805,A,AAC,2
NC_037357.1,NC_032679.1,19798822,9640143,9640144,T,TC,1
NC_037357.1,NC_032679.1,19799158,9640477,9640478,T,TG,1
NC_037357.1,NC_032679.1,19821161,9662481,9662482,a,at,1
NC_037357.1,NC_032679.1,19821198,9662519,9662520,A,AT,1
NC_037357.1,NC_032679.1,19821201,9662523,9662524,A,AC,1
NC_037357.1,NC_032679.1,19821337,9662660,9662661,G,GA,1
NC_037357.1,NC_032679.1,19822814,9664140,9664141,A,AT,1
NC_037357.1,NC_032679.1,19823393,9664717,9664718,G,GC,1
NC_037357.1,NC_032679.1,19824705,9666030,9666031,C,CA,1
NC_037357.1,NC_032679.1,19825369,9666688,9666689,T,TC,1
NC_037357.1,NC_032679.1,19825444,9666763,9666765,C,CAA,2
NC_037357.1,NC_032679.1,19826228,9667554,9667555,A,AG,1
NC_037357.1,NC_032679.1,19826576,9667903,9667904,T,TA,1
NC_037357.1,NC_032679.1,19828131,9669466,9669467,G,GA,1
NC_037357.1,NC_032679.1,19828706,9670039,9670040,T,TG,1
NC_037357.1,NC_032679.1,19829651,9670986,9670987,A,AG,1
NC_037357.1,NC_032679.1,19830230,9671565,9671566,G,GA,1
NC_037357.1,NC_032679.1,19830426,9671765,9671766,C,CA,1
NC_037357.1,NC_032679.1,19830432,9671772,9671773,A,AT,1
NC_037357.1,NC_032679.1,19830439,9671780,9671781,A,AC,1
NC_037357.1,NC_032679.1,19830670,9672014,9672016,G,GGC,2
NC_037357.1,NC_032679.1,19849250,9690600,9690601,C,CA,1
NC_037357.1,NC_032679.1,19861328,9702682,9702683,G,GA,1
NC_037357.1,NC_032679.1,19861655,9703014,9703015,G,GC,1
NC_037357.1,NC_032679.1,19862068,9703432,9703433,A,AC,1
NC_037357.1,NC_032679.1,19862411,9703777,9703778,G,GT,1
NC_037357.1,NC_032679.1,19862522,9703889,9703890,T,TA,1
NC_037357.1,NC_032679.1,19862882,9704251,9704252,T,TA,1
NC_037357.1,NC_032679.1,19863158,9704528,9704530,a,aac,2
NC_037357.1,NC_032679.1,19863439,9704812,9704813,a,ag,1
NC_037357.1,NC_032679.1,19864520,9705894,9705895,A,AT,1
NC_037357.1,NC_032679.1,19865945,9707322,9707323,T,TG,1
NC_037357.1,NC_032679.1,19866526,9707902,9707903,G,GC,1
NC_037357.1,NC_032679.1,19866806,9708181,9708182,A,AG,1
NC_037357.1,NC_032679.1,19867122,9708497,9708498,A,AC,1
NC_037357.1,NC_032679.1,19867224,9708598,9708602,C,CNNNN,4
NC_037357.1,NC_032679.1,19875982,9717343,9717344,A,AT,1
NC_037357.1,NC_032679.1,19881569,9722904,9722905,c,ca,1
NC_037357.1,NC_032679.1,19882549,9723876,9723877,a,ag,1
NC_037357.1,NC_032679.1,19882568,9723896,9723897,g,ga,1
NC_037357.1,NC_032679.1,19882581,9723910,9723912,c,cca,2
NC_037357.1,NC_032679.1,19882690,9724022,9724023,t,tc,1
NC_037357.1,NC_032679.1,19904369,9745684,9745685,A,AT,1
NC_037357.1,NC_032679.1,19952502,9792667,9792668,t,tc,1
NC_037357.1,NC_032679.1,19952542,9792708,9792709,a,at,1
NC_037357.1,NC_032679.1,19952571,9792738,9792739,a,at,1
NC_037357.1,NC_032679.1,19952587,9792755,9792756,g,gc,1
NC_037357.1,NC_032679.1,19952626,9792795,9792796,a,at,1
NC_037357.1,NC_032679.1,19952635,9792805,9792806,a,ac,1
NC_037357.1,NC_032679.1,19952842,9793011,9793012,t,tc,1
NC_037357.1,NC_032679.1,19952977,9793145,9793146,a,ag,1
NC_037357.1,NC_032679.1,19953018,9793187,9793188,g,ga,1
NC_037357.1,NC_032679.1,19953040,9793210,9793212,a,aag,2
NC_037357.1,NC_032679.1,19953083,9793254,9793255,t,tc,1
NC_037357.1,NC_032679.1,19953606,9793774,9793775,t,tc,1
NC_037357.1,NC_032679.1,19953624,9793793,9793794,a,at,1
NC_037357.1,NC_032679.1,19958511,9798676,9798677,A,AT,1
NC_037357.1,NC_032679.1,19977985,9818153,9818154,C,CA,1
NC_037357.1,NC_032679.1,19978957,9819114,9819115,t,tc,1
NC_037357.1,NC_032679.1,19979065,9819222,9819224,t,ttc,2
NC_037357.1,NC_032679.1,19979372,9819524,9819525,t,tc,1
NC_037357.1,NC_032679.1,19980033,9820186,9820187,c,ct,1
NC_037357.1,NC_032679.1,19980355,9820504,9820505,c,ct,1
NC_037357.1,NC_032679.1,19980413,9820562,9820563,G,GA,1
NC_037357.1,NC_032679.1,19980554,9820702,9820704,A,AAT,2
NC_037357.1,NC_032679.1,19983134,9823257,9823258,A,AT,1
NC_037357.1,NC_032679.1,19983271,9823396,9823397,C,CT,1
NC_037357.1,NC_032679.1,19983636,9823761,9823762,A,AT,1
NC_037357.1,NC_032679.1,19983879,9824000,9824001,a,ac,1
NC_037357.1,NC_032679.1,19984512,9824631,9824632,c,ca,1
NC_037357.1,NC_032679.1,19984862,9824978,9824979,t,tc,1
NC_037357.1,NC_032679.1,19984914,9825030,9825031,t,tc,1
NC_037357.1,NC_032679.1,19984922,9825039,9825040,g,ga,1
NC_037357.1,NC_032679.1,19985165,9825280,9825281,t,tg,1
NC_037357.1,NC_032679.1,19985243,9825359,9825360,g,ga,1
NC_037357.1,NC_032679.1,19985544,9825653,9825654,t,ta,1
NC_037357.1,NC_032679.1,19988257,9828344,9828345,G,GT,1
NC_037357.1,NC_032679.1,19988962,9829040,9829041,t,tg,1
NC_037357.1,NC_032679.1,19989154,9829233,9829234,G,GT,1
NC_037357.1,NC_032679.1,19989791,9829856,9829857,G,GA,1
NC_037357.1,NC_032679.1,19993422,9833476,9833477,C,CA,1
NC_037357.1,NC_032679.1,19994204,9834258,9834259,A,AC,1
NC_037357.1,NC_032679.1,19994563,9834617,9834618,A,AG,1
NC_037357.1,NC_032679.1,19994872,9834926,9834927,C,CT,1
NC_037357.1,NC_032679.1,19994877,9834932,9834933,A,AT,1
NC_037357.1,NC_032679.1,19995491,9835536,9835537,A,AT,1
NC_037357.1,NC_032679.1,19995859,9835903,9835904,a,at,1
NC_037357.1,NC_032679.1,20086771,9926810,9926811,c,ct,1
NC_037357.1,NC_032679.1,20133736,9974189,9974190,T,TC,1
NC_037357.1,NC_032679.1,20134682,9975134,9975135,A,AG,1
NC_037357.1,NC_032679.1,20135191,9975641,9975642,a,aG,1
NC_037357.1,NC_032679.1,20137281,9977728,9977729,c,ca,1
NC_037357.1,NC_032679.1,20137412,9977859,9977860,T,TC,1
NC_037357.1,NC_032679.1,20137430,9977878,9977879,T,TC,1
NC_037357.1,NC_032679.1,20137543,9977992,9977993,A,AG,1
NC_037357.1,NC_032679.1,20137573,9978024,9978025,A,AG,1
NC_037357.1,NC_032679.1,20137648,9978101,9978103,c,cct,2
NC_037357.1,NC_032679.1,20137813,9978268,9978270,C,CTG,2
NC_037357.1,NC_032679.1,20137833,9978290,9978291,C,CT,1
NC_037357.1,NC_032679.1,20138020,9978476,9978477,A,AG,1
NC_037357.1,NC_032679.1,20138199,9978656,9978657,T,TA,1
NC_037357.1,NC_032679.1,20138820,9979279,9979281,C,CCT,2
NC_037357.1,NC_032679.1,20142459,9982919,9982920,T,TG,1
NC_037357.1,NC_032679.1,20176863,10017327,10017328,T,TA,1
NC_037357.1,NC_032679.1,20179650,10020112,10020113,C,CT,1
NC_037357.1,NC_032679.1,20183829,10024290,10024291,T,TC,1
NC_037357.1,NC_032679.1,20186481,10026942,10026943,a,ac,1
NC_037357.1,NC_032679.1,20190063,10030526,10030527,g,ga,1
NC_037357.1,NC_032679.1,20204100,10044566,10044567,G,GA,1
NC_037357.1,NC_032679.1,20223437,10063909,10063910,A,AG,1
NC_037357.1,NC_032679.1,20223528,10064003,10064004,G,GT,1
NC_037357.1,NC_032679.1,20224528,10064996,10064997,C,CT,1
NC_037357.1,NC_032679.1,20224755,10065226,10065227,G,GA,1
NC_037357.1,NC_032679.1,20224903,10065376,10065377,A,AT,1
NC_037357.1,NC_032679.1,20224913,10065387,10065388,A,AT,1
NC_037357.1,NC_032679.1,20224916,10065391,10065392,T,TA,1
NC_037357.1,NC_032679.1,20225374,10065846,10065847,A,AG,1
NC_037357.1,NC_032679.1,20225377,10065850,10065851,C,CT,1
NC_037357.1,NC_032679.1,20225685,10066160,10066162,G,GAC,2
NC_037357.1,NC_032679.1,20226376,10066847,10066848,A,AC,1
NC_037357.1,NC_032679.1,20226455,10066928,10066929,a,ac,1
NC_037357.1,NC_032679.1,20227073,10067539,10067540,T,TC,1
NC_037357.1,NC_032679.1,20227221,10067687,10067688,A,AC,1
NC_037357.1,NC_032679.1,20227322,10067789,10067790,G,GC,1
NC_037357.1,NC_032679.1,20227376,10067844,10067845,G,GT,1
NC_037357.1,NC_032679.1,20228194,10068658,10068659,A,AG,1
NC_037357.1,NC_032679.1,20228651,10069111,10069112,G,GC,1
NC_037357.1,NC_032679.1,20229225,10069683,10069684,a,at,1
NC_037357.1,NC_032679.1,20229777,10070226,10070227,A,AC,1
NC_037357.1,NC_032679.1,20230890,10071327,10071328,a,at,1
NC_037357.1,NC_032679.1,20230930,10071368,10071369,G,GA,1
NC_037357.1,NC_032679.1,20230963,10071402,10071403,T,TY,1
NC_037357.1,NC_032679.1,20232972,10073399,10073400,t,ta,1
NC_037357.1,NC_032679.1,20233065,10073492,10073493,t,ta,1
NC_037357.1,NC_032679.1,20233099,10073527,10073528,g,ga,1
NC_037357.1,NC_032679.1,20233177,10073606,10073607,g,ga,1
NC_037357.1,NC_032679.1,20233208,10073638,10073639,g,ga,1
NC_037357.1,NC_032679.1,20233988,10074416,10074417,T,TG,1
NC_037357.1,NC_032679.1,20234122,10074551,10074553,t,ttc,2
NC_037357.1,NC_032679.1,20234733,10075152,10075153,G,GT,1
NC_037357.1,NC_032679.1,20234834,10075253,10075254,t,tg,1
NC_037357.1,NC_032679.1,20235409,10075831,10075832,t,tc,1
NC_037357.1,NC_032679.1,20235418,10075841,10075842,a,ac,1
NC_037357.1,NC_032679.1,20235617,10076042,10076044,G,GTT,2
NC_037357.1,NC_032679.1,20237365,10077929,10077930,C,CT,1
NC_037357.1,NC_032679.1,20244733,10085236,10085237,c,ca,1
NC_037357.1,NC_032679.1,20246344,10086836,10086837,T,TC,1
NC_037357.1,NC_032679.1,20246738,10087223,10087224,a,at,1
NC_037357.1,NC_032679.1,20256152,10096599,10096601,A,AAR,2
NC_037357.1,NC_032679.1,20256246,10096695,10096696,A,AG,1
NC_037357.1,NC_032679.1,20256261,10096711,10096712,T,TG,1
NC_037357.1,NC_032679.1,20256525,10096977,10096978,G,GA,1
NC_037357.1,NC_032679.1,20256541,10096994,10096995,T,TG,1
NC_037357.1,NC_032679.1,20257188,10097640,10097641,c,ct,1
NC_037357.1,NC_032679.1,20313959,10154426,10154427,T,TA,1
NC_037357.1,NC_032679.1,20314025,10154493,10154494,G,GA,1
NC_037357.1,NC_032679.1,20317787,10158265,10158267,a,aag,2
NC_037357.1,NC_032679.1,20319856,10160328,10160329,a,at,1
NC_037357.1,NC_032679.1,20319888,10160360,10160361,g,ga,1
NC_037357.1,NC_032679.1,20320203,10160677,10160678,t,tg,1
NC_037357.1,NC_032679.1,20320674,10161146,10161147,t,tc,1
NC_037357.1,NC_032679.1,20320736,10161210,10161211,t,tc,1
NC_037357.1,NC_032679.1,20320784,10161258,10161259,g,gc,1
NC_037357.1,NC_032679.1,20320842,10161317,10161319,A,AAG,2
NC_037357.1,NC_032679.1,20321016,10161496,10161499,C,CCAT,3
NC_037357.1,NC_032679.1,20321292,10161778,10161780,G,GGA,2
NC_037357.1,NC_032679.1,20321297,10161785,10161786,T,TG,1
NC_037357.1,NC_032679.1,20321311,10161800,10161801,C,CA,1
NC_037357.1,NC_032679.1,20321319,10161809,10161811,T,TAA,2
NC_037357.1,NC_032679.1,20321364,10161855,10161856,c,ca,1
NC_037357.1,NC_032679.1,20322363,10162868,10162869,C,CA,1
NC_037357.1,NC_032679.1,20322383,10162889,10162890,C,CT,1
NC_037357.1,NC_032679.1,20322425,10162932,10162933,T,TA,1
NC_037357.1,NC_032679.1,20323620,10164128,10164129,c,ct,1
NC_037357.1,NC_032679.1,20323797,10164309,10164310,t,tc,1
NC_037357.1,NC_032679.1,20323911,10164423,10164424,c,ct,1
NC_037357.1,NC_032679.1,20323960,10164473,10164474,t,tg,1
NC_037357.1,NC_032679.1,20324144,10164658,10164659,c,ct,1
NC_037357.1,NC_032679.1,20324412,10164928,10164930,g,ggt,2
NC_037357.1,NC_032679.1,20324450,10164968,10164969,a,at,1
NC_037357.1,NC_032679.1,20324837,10165346,10165347,t,tc,1
NC_037357.1,NC_032679.1,20324865,10165377,10165378,g,gt,1
NC_037357.1,NC_032679.1,20324983,10165497,10165498,g,gt,1
NC_037357.1,NC_032679.1,20325158,10165675,10165676,c,ct,1
NC_037357.1,NC_032679.1,20325194,10165711,10165712,g,ga,1
NC_037357.1,NC_032679.1,20325256,10165774,10165775,t,tc,1
NC_037357.1,NC_032679.1,20325334,10165852,10165853,c,ct,1
NC_037357.1,NC_032679.1,20325543,10166058,10166059,a,at,1
NC_037357.1,NC_032679.1,20326773,10167289,10167290,t,ta,1
NC_037357.1,NC_032679.1,20326785,10167302,10167303,g,gt,1
NC_037357.1,NC_032679.1,20330496,10171015,10171016,A,AC,1
NC_037357.1,NC_032679.1,20330577,10171095,10171096,a,at,1
NC_037357.1,NC_032679.1,20332490,10173003,10173004,C,CT,1
NC_037357.1,NC_032679.1,20336715,10177232,10177233,a,at,1
NC_037357.1,NC_032679.1,20339054,10179565,10179566,t,tg,1
NC_037357.1,NC_032679.1,20342659,10183135,10183136,C,CA,1
NC_037357.1,NC_032679.1,20342682,10183158,10183159,G,GC,1
NC_037357.1,NC_032679.1,20342690,10183167,10183168,G,GT,1
NC_037357.1,NC_032679.1,20343752,10184227,10184228,C,CT,1
NC_037357.1,NC_032679.1,20343757,10184233,10184234,G,GC,1
NC_037357.1,NC_032679.1,20345339,10185826,10185827,A,AT,1
NC_037357.1,NC_032679.1,20427289,10267082,10267083,t,tc,1
NC_037357.1,NC_032679.1,20456844,10295618,10295619,t,tg,1
NC_037357.1,NC_032679.1,20457102,10295881,10295882,C,CT,1
NC_037357.1,NC_032679.1,20457309,10296088,10296089,A,AT,1
NC_037357.1,NC_032679.1,20457318,10296098,10296099,A,AT,1
NC_037357.1,NC_032679.1,20457983,10296767,10296769,G,GAT,2
NC_037357.1,NC_032679.1,20458008,10296794,10296795,A,AG,1
NC_037357.1,NC_032679.1,20458139,10296927,10296928,a,ac,1
NC_037357.1,NC_032679.1,20458198,10296986,10296987,t,tg,1
NC_037357.1,NC_032679.1,20458290,10297080,10297081,c,ct,1
NC_037357.1,NC_032679.1,20458716,10297503,10297504,C,CA,1
NC_037357.1,NC_032679.1,20458770,10297557,10297558,A,AT,1
NC_037357.1,NC_032679.1,20459043,10297832,10297833,a,ag,1
NC_037357.1,NC_032679.1,20459077,10297867,10297868,a,ag,1
NC_037357.1,NC_032679.1,20459118,10297909,10297910,g,ga,1
NC_037357.1,NC_032679.1,20459145,10297937,10297938,c,ct,1
NC_037357.1,NC_032679.1,20459369,10298163,10298164,t,tc,1
NC_037357.1,NC_032679.1,20459718,10298514,10298515,T,TC,1
NC_037357.1,NC_032679.1,20459861,10298658,10298659,C,CT,1
NC_037357.1,NC_032679.1,20460007,10298806,10298807,A,AG,1
NC_037357.1,NC_032679.1,20460042,10298841,10298843,T,TTC,2
NC_037357.1,NC_032679.1,20460048,10298849,10298851,C,CAA,2
NC_037357.1,NC_032679.1,20460064,10298867,10298868,G,GA,1
NC_037357.1,NC_032679.1,20460266,10299070,10299071,T,TG,1
NC_037357.1,NC_032679.1,20460339,10299144,10299145,C,CA,1
NC_037357.1,NC_032679.1,20461131,10299939,10299940,a,at,1
NC_037357.1,NC_032679.1,20461145,10299954,10299955,a,at,1
NC_037357.1,NC_032679.1,20461166,10299976,10299977,t,tg,1
NC_037357.1,NC_032679.1,20461419,10300229,10300231,A,AAT,2
NC_037357.1,NC_032679.1,20461450,10300262,10300263,A,AC,1
NC_037357.1,NC_032679.1,20461880,10300693,10300694,T,TC,1
NC_037357.1,NC_032679.1,20461890,10300704,10300705,G,GC,1
NC_037357.1,NC_032679.1,20462151,10300968,10300969,C,CT,1
NC_037357.1,NC_032679.1,20462455,10301275,10301276,C,CT,1
NC_037357.1,NC_032679.1,20462565,10301385,10301386,A,AT,1
NC_037357.1,NC_032679.1,20463054,10301879,10301880,A,AG,1
NC_037357.1,NC_032679.1,20463058,10301884,10301885,T,TA,1
NC_037357.1,NC_032679.1,20463479,10302307,10302308,C,CT,1
NC_037357.1,NC_032679.1,20463593,10302422,10302423,A,AG,1
NC_037357.1,NC_032679.1,20464426,10303252,10303254,T,TTC,2
NC_037357.1,NC_032679.1,20465709,10304543,10304545,C,CCT,2
NC_037357.1,NC_032679.1,20466096,10304935,10304936,A,AT,1
NC_037357.1,NC_032679.1,20466574,10305416,10305417,A,AT,1
NC_037357.1,NC_032679.1,20468397,10307249,10307250,t,tg,1
NC_037357.1,NC_032679.1,20470720,10309555,10309557,c,caa,2
NC_037357.1,NC_032679.1,20470784,10309621,10309622,A,AC,1
NC_037357.1,NC_032679.1,20470982,10309822,10309823,T,TC,1
NC_037357.1,NC_032679.1,20471692,10310531,10310532,t,tc,1
NC_037357.1,NC_032679.1,20471724,10310564,10310565,g,gc,1
NC_037357.1,NC_032679.1,20471775,10310615,10310616,t,tc,1
NC_037357.1,NC_032679.1,20472049,10310889,10310890,a,ac,1
NC_037357.1,NC_032679.1,20472057,10310898,10310899,c,ca,1
NC_037357.1,NC_032679.1,20472425,10311263,10311264,T,TC,1
NC_037357.1,NC_032679.1,20472618,10311454,10311455,g,ga,1
NC_037357.1,NC_032679.1,20472664,10311501,10311502,a,ag,1
NC_037357.1,NC_032679.1,20473374,10312220,10312221,t,tc,1
NC_037357.1,NC_032679.1,20473380,10312227,10312228,c,ct,1
NC_037357.1,NC_032679.1,20473387,10312235,10312236,a,ac,1
NC_037357.1,NC_032679.1,20473426,10312275,10312276,a,at,1
NC_037357.1,NC_032679.1,20474174,10313020,10313021,c,ct,1
NC_037357.1,NC_032679.1,20474206,10313053,10313054,a,ac,1
NC_037357.1,NC_032679.1,20474237,10313085,10313086,t,tc,1
NC_037357.1,NC_032679.1,20474283,10313132,10313133,t,tc,1
NC_037357.1,NC_032679.1,20474319,10313169,10313170,a,at,1
NC_037357.1,NC_032679.1,20474337,10313188,10313189,a,at,1
NC_037357.1,NC_032679.1,20474350,10313202,10313203,t,ta,1
NC_037357.1,NC_032679.1,20474633,10313487,10313488,g,gc,1
NC_037357.1,NC_032679.1,20474667,10313521,10313522,A,AG,1
NC_037357.1,NC_032679.1,20474684,10313539,10313540,G,GT,1
NC_037357.1,NC_032679.1,20474863,10313720,10313721,A,AG,1
NC_037357.1,NC_032679.1,20475001,10313858,10313859,T,TG,1
NC_037357.1,NC_032679.1,20475146,10314006,10314008,t,tta,2
NC_037357.1,NC_032679.1,20475167,10314029,10314030,c,ca,1
NC_037357.1,NC_032679.1,20476202,10315067,10315068,t,ta,1
NC_037357.1,NC_032679.1,20476233,10315099,10315101,a,aat,2
NC_037357.1,NC_032679.1,20476269,10315137,10315138,t,tg,1
NC_037357.1,NC_032679.1,20476503,10315371,10315372,c,cg,1
NC_037357.1,NC_032679.1,20476716,10315584,10315585,a,ag,1
NC_037357.1,NC_032679.1,20476736,10315605,10315606,a,at,1
NC_037357.1,NC_032679.1,20476887,10315755,10315756,T,TC,1
NC_037357.1,NC_032679.1,20477288,10316152,10316154,t,ttc,2
NC_037357.1,NC_032679.1,20477341,10316206,10316207,a,ag,1
NC_037357.1,NC_032679.1,20484091,10323392,10323393,g,ga,1
NC_037357.1,NC_032679.1,20484163,10323465,10323466,t,tg,1
NC_037357.1,NC_032679.1,20494378,10333665,10333667,C,CCG,2
NC_037357.1,NC_032679.1,20497865,10337142,10337143,A,AT,1
NC_037357.1,NC_032679.1,20499713,10338991,10338992,T,TA,1
NC_037357.1,NC_032679.1,20501110,10340366,10340367,a,at,1
NC_037357.1,NC_032679.1,20502645,10341891,10341892,a,at,1
NC_037357.1,NC_032679.1,20502846,10342087,10342089,T,TGA,2
NC_037357.1,NC_032679.1,20502861,10342104,10342106,T,TGA,2
NC_037357.1,NC_032679.1,20516159,10355403,10355404,c,ct,1
NC_037357.1,NC_032679.1,20516388,10355634,10355635,T,TC,1
NC_037357.1,NC_032679.1,20516401,10355648,10355649,c,ct,1
NC_037357.1,NC_032679.1,20516578,10355826,10355828,G,GTA,2
NC_037357.1,NC_032679.1,20517175,10356427,10356428,a,ag,1
NC_037357.1,NC_032679.1,20517273,10356527,10356528,C,CT,1
NC_037357.1,NC_032679.1,20518379,10357636,10357637,A,AG,1
NC_037357.1,NC_032679.1,20518457,10357715,10357716,a,ag,1
NC_037357.1,NC_032679.1,20518462,10357721,10357722,a,at,1
NC_037357.1,NC_032679.1,20518803,10358064,10358065,C,CA,1
NC_037357.1,NC_032679.1,20518846,10358108,10358109,T,TG,1
NC_037357.1,NC_032679.1,20519088,10358350,10358351,A,AT,1
NC_037357.1,NC_032679.1,20519668,10358935,10358936,T,TG,1
NC_037357.1,NC_032679.1,20519796,10359063,10359064,A,AG,1
NC_037357.1,NC_032679.1,20519876,10359143,10359144,T,TA,1
NC_037357.1,NC_032679.1,20520355,10359624,10359625,A,AG,1
NC_037357.1,NC_032679.1,20520820,10360093,10360094,T,TA,1
NC_037357.1,NC_032679.1,20520841,10360114,10360115,A,AC,1
NC_037357.1,NC_032679.1,20521145,10360417,10360419,a,aat,2
NC_037357.1,NC_032679.1,20521255,10360525,10360526,T,TG,1
NC_037357.1,NC_032679.1,20521470,10360740,10360741,c,ct,1
NC_037357.1,NC_032679.1,20521872,10361140,10361142,T,TTC,2
NC_037357.1,NC_032679.1,20522497,10361759,10361760,c,ca,1
NC_037357.1,NC_032679.1,20526100,10365361,10365362,t,ta,1
NC_037357.1,NC_032679.1,20526500,10365761,10365762,a,at,1
NC_037357.1,NC_032679.1,20526707,10365969,10365970,T,TA,1
NC_037357.1,NC_032679.1,20527402,10366665,10366666,C,CT,1
NC_037357.1,NC_032679.1,20542161,10384341,10384343,g,gga,2
NC_037357.1,NC_032679.1,20542729,10384915,10384916,T,TC,1
NC_037357.1,NC_032679.1,20543070,10385260,10385262,a,aag,2
NC_037357.1,NC_032679.1,20543199,10385392,10385393,G,GA,1
NC_037357.1,NC_032679.1,20543296,10385491,10385492,G,GC,1
NC_037357.1,NC_032679.1,20543645,10385842,10385843,T,TC,1
NC_037357.1,NC_032679.1,20543651,10385849,10385850,C,CT,1
NC_037357.1,NC_032679.1,20544742,10386941,10386942,T,TG,1
NC_037357.1,NC_032679.1,20545622,10387827,10387828,c,ca,1
NC_037357.1,NC_032679.1,20545636,10387842,10387843,a,ag,1
NC_037357.1,NC_032679.1,20546178,10388382,10388384,t,tta,2
NC_037357.1,NC_032679.1,20546186,10388392,10388393,g,ga,1
NC_037357.1,NC_032679.1,20546213,10388420,10388421,g,ga,1
NC_037357.1,NC_032679.1,20546536,10388743,10388744,A,AG,1
NC_037357.1,NC_032679.1,20546815,10389023,10389024,g,gc,1
NC_037357.1,NC_032679.1,20547015,10389224,10389225,t,tc,1
NC_037357.1,NC_032679.1,20547411,10389620,10389621,T,TG,1
NC_037357.1,NC_032679.1,20547681,10389895,10389896,T,TG,1
NC_037357.1,NC_032679.1,20547785,10390001,10390002,C,CT,1
NC_037357.1,NC_032679.1,20557599,10399815,10399816,A,AT,1
NC_037357.1,NC_032679.1,20587461,10429680,10429681,G,GC,1
NC_037357.1,NC_032679.1,20598561,10440780,10440781,A,AG,1
NC_037357.1,NC_032679.1,20614206,10456386,10456387,G,GA,1
NC_037357.1,NC_032679.1,20614299,10456480,10456481,A,AG,1
NC_037357.1,NC_032679.1,20614404,10456586,10456587,A,AG,1
NC_037357.1,NC_032679.1,20614556,10456739,10456740,A,AC,1
NC_037357.1,NC_032679.1,20614560,10456744,10456745,T,TA,1
NC_037357.1,NC_032679.1,20614565,10456750,10456751,G,GA,1
NC_037357.1,NC_032679.1,20615620,10457804,10457805,G,GA,1
NC_037357.1,NC_032679.1,20615784,10457965,10457966,G,GA,1
NC_037357.1,NC_032679.1,20616491,10458671,10458672,a,at,1
NC_037357.1,NC_032679.1,20616526,10458707,10458708,a,at,1
NC_037357.1,NC_032679.1,20616834,10459015,10459016,g,gt,1
NC_037357.1,NC_032679.1,20616942,10459125,10459126,c,ct,1
NC_037357.1,NC_032679.1,20618032,10460217,10460218,A,AG,1
NC_037357.1,NC_032679.1,20619256,10461440,10461442,c,cct,2
NC_037357.1,NC_032679.1,20620902,10463086,10463087,t,tg,1
NC_037357.1,NC_032679.1,20622157,10464339,10464340,t,tc,1
NC_037357.1,NC_032679.1,20622169,10464351,10464352,c,ca,1
NC_037357.1,NC_032679.1,20622286,10464465,10464466,g,gc,1
NC_037357.1,NC_032679.1,20623573,10465721,10465722,g,gt,1
NC_037357.1,NC_032679.1,20623624,10465773,10465774,g,ga,1
NC_037357.1,NC_032679.1,20623703,10465852,10465853,t,tc,1
NC_037357.1,NC_032679.1,20623717,10465867,10465868,g,ga,1
NC_037357.1,NC_032679.1,20624431,10466585,10466586,t,tc,1
NC_037357.1,NC_032679.1,20624443,10466598,10466599,c,ca,1
NC_037357.1,NC_032679.1,20624896,10467051,10467052,c,ct,1
NC_037357.1,NC_032679.1,20625037,10467193,10467194,c,ct,1
NC_037357.1,NC_032679.1,20625140,10467297,10467298,a,at,1
NC_037357.1,NC_032679.1,20638662,10480813,10480814,a,ac,1
NC_037357.1,NC_032679.1,20639712,10481861,10481862,C,CG,1
NC_037357.1,NC_032679.1,20640247,10482397,10482398,A,AC,1
NC_037357.1,NC_032679.1,20655374,10497529,10497530,A,AG,1
NC_037357.1,NC_032679.1,20655660,10497816,10497817,c,ct,1
NC_037357.1,NC_032679.1,20657853,10500005,10500006,T,TA,1
NC_037357.1,NC_032679.1,20658166,10500320,10500321,t,tc,1
NC_037357.1,NC_032679.1,20658920,10501075,10501076,T,TC,1
NC_037357.1,NC_032679.1,20658922,10501078,10501079,G,GA,1
NC_037357.1,NC_032679.1,20660518,10502680,10502681,C,CA,1
NC_037357.1,NC_032679.1,20726844,10569011,10569012,T,TG,1
NC_037357.1,NC_032679.1,20729120,10571287,10571288,A,AT,1
NC_037357.1,NC_032679.1,20733110,10575281,10575282,a,ac,1
NC_037357.1,NC_032679.1,20733884,10576062,10576063,a,at,1
NC_037357.1,NC_032679.1,20734560,10576745,10576746,t,tc,1
NC_037357.1,NC_032679.1,20735073,10577264,10577265,g,ga,1
NC_037357.1,NC_032679.1,20735174,10577367,10577368,a,ac,1
NC_037357.1,NC_032679.1,20735577,10577772,10577773,c,ct,1
NC_037357.1,NC_032679.1,20736139,10578332,10578333,A,AT,1
NC_037357.1,NC_032679.1,20736265,10578459,10578460,a,at,1
NC_037357.1,NC_032679.1,20738046,10580249,10580250,G,GR,1
NC_037357.1,NC_032679.1,20790661,10632867,10632868,G,GT,1
NC_037357.1,NC_032679.1,20791328,10633535,10633536,T,TG,1
NC_037357.1,NC_032679.1,20791379,10633587,10633589,A,AAG,2
NC_037357.1,NC_032679.1,20791582,10633793,10633794,T,TC,1
NC_037357.1,NC_032679.1,20792049,10634258,10634259,A,AC,1
NC_037357.1,NC_032679.1,20792061,10634271,10634272,A,AG,1
NC_037357.1,NC_032679.1,20792275,10634485,10634486,T,TA,1
NC_037357.1,NC_032679.1,20792874,10635081,10635082,C,CT,1
NC_037357.1,NC_032679.1,20793136,10635345,10635346,A,AC,1
NC_037357.1,NC_032679.1,20793211,10635421,10635422,C,CA,1
NC_037357.1,NC_032679.1,20793773,10635983,10635984,G,GA,1
NC_037357.1,NC_032679.1,20794263,10636479,10636481,A,ATG,2
NC_037357.1,NC_032679.1,20794549,10636768,10636770,G,GGT,2
NC_037357.1,NC_032679.1,20794595,10636816,10636817,G,GC,1
NC_037357.1,NC_032679.1,20794725,10636945,10636946,T,TG,1
NC_037357.1,NC_032679.1,20794974,10637196,10637198,g,gga,2
NC_037357.1,NC_032679.1,20794981,10637205,10637206,t,tg,1
NC_037357.1,NC_032679.1,20795018,10637243,10637244,a,ag,1
NC_037357.1,NC_032679.1,20795290,10637514,10637516,G,GGC,2
NC_037357.1,NC_032679.1,20795365,10637592,10637593,g,gc,1
NC_037357.1,NC_032679.1,20795772,10638001,10638003,T,TTC,2
NC_037357.1,NC_032679.1,20795778,10638009,10638010,A,AC,1
NC_037357.1,NC_032679.1,20796262,10638494,10638495,A,AG,1
NC_037357.1,NC_032679.1,20797993,10640228,10640229,c,ca,1
NC_037357.1,NC_032679.1,20799908,10641954,10641955,t,tg,1
NC_037357.1,NC_032679.1,20799957,10642004,10642005,a,at,1
NC_037357.1,NC_032679.1,20800223,10642272,10642273,c,ct,1
NC_037357.1,NC_032679.1,20800290,10642340,10642341,a,at,1
NC_037357.1,NC_032679.1,20800429,10642479,10642480,c,ct,1
NC_037357.1,NC_032679.1,20800443,10642494,10642495,c,ct,1
NC_037357.1,NC_032679.1,20800760,10642814,10642816,g,ggc,2
NC_037357.1,NC_032679.1,20800880,10642937,10642938,A,AG,1
NC_037357.1,NC_032679.1,20800957,10643015,10643016,T,TG,1
NC_037357.1,NC_032679.1,20800966,10643025,10643026,T,TA,1
NC_037357.1,NC_032679.1,20800973,10643033,10643034,A,AC,1
NC_037357.1,NC_032679.1,20800988,10643049,10643050,A,AC,1
NC_037357.1,NC_032679.1,20801007,10643069,10643070,T,TG,1
NC_037357.1,NC_032679.1,20801481,10643548,10643549,G,GC,1
NC_037357.1,NC_032679.1,20801618,10643685,10643686,G,GC,1
NC_037357.1,NC_032679.1,20801775,10643844,10643845,T,TG,1
NC_037357.1,NC_032679.1,20801977,10644049,10644050,T,TG,1
NC_037357.1,NC_032679.1,20802014,10644086,10644087,G,GT,1
NC_037357.1,NC_032679.1,20802026,10644099,10644100,A,AT,1
NC_037357.1,NC_032679.1,20802289,10644361,10644362,A,AG,1
NC_037357.1,NC_032679.1,20802323,10644395,10644396,C,CT,1
NC_037357.1,NC_032679.1,20802340,10644413,10644414,T,TA,1
NC_037357.1,NC_032679.1,20803003,10645078,10645079,C,CT,1
NC_037357.1,NC_032679.1,20803042,10645118,10645119,A,AG,1
NC_037357.1,NC_032679.1,20803195,10645270,10645271,T,TA,1
NC_037357.1,NC_032679.1,20803453,10645529,10645530,T,TG,1
NC_037357.1,NC_032679.1,20804550,10646635,10646636,a,ac,1
NC_037357.1,NC_032679.1,20804778,10646866,10646868,T,TAA,2
NC_037357.1,NC_032679.1,20805370,10647469,10647470,T,TA,1
NC_037357.1,NC_032679.1,20805724,10647828,10647831,c,caaa,3
NC_037357.1,NC_032679.1,20806045,10648155,10648156,t,ta,1
NC_037357.1,NC_032679.1,20806052,10648163,10648164,t,tc,1
NC_037357.1,NC_032679.1,20806596,10648709,10648710,t,ta,1
NC_037357.1,NC_032679.1,20806677,10648791,10648792,g,gc,1
NC_037357.1,NC_032679.1,20806841,10648957,10648958,c,ca,1
NC_037357.1,NC_032679.1,20806852,10648969,10648970,g,gt,1
NC_037357.1,NC_032679.1,20807238,10649356,10649357,a,at,1
NC_037357.1,NC_032679.1,20807276,10649395,10649396,c,ct,1
NC_037357.1,NC_032679.1,20807292,10649412,10649413,c,ct,1
NC_037357.1,NC_032679.1,20807323,10649444,10649445,c,ct,1
NC_037357.1,NC_032679.1,20807392,10649514,10649515,g,gt,1
NC_037357.1,NC_032679.1,20807435,10649558,10649559,c,ct,1
NC_037357.1,NC_032679.1,20807475,10649599,10649600,t,ta,1
NC_037357.1,NC_032679.1,20807605,10649731,10649732,a,at,1
NC_037357.1,NC_032679.1,20807616,10649743,10649746,c,ccat,3
NC_037357.1,NC_032679.1,20807627,10649757,10649758,a,at,1
NC_037357.1,NC_032679.1,20807636,10649767,10649768,g,gt,1
NC_037357.1,NC_032679.1,20807867,10650001,10650002,c,ca,1
NC_037357.1,NC_032679.1,20807973,10650105,10650107,c,cca,2
NC_037357.1,NC_032679.1,20808133,10650266,10650267,g,gt,1
NC_037357.1,NC_032679.1,20808145,10650279,10650280,g,ga,1
NC_037357.1,NC_032679.1,20808311,10650447,10650448,c,ct,1
NC_037357.1,NC_032679.1,20809114,10651249,10651250,g,gc,1
NC_037357.1,NC_032679.1,20809502,10651638,10651640,a,aac,2
NC_037357.1,NC_032679.1,20809622,10651759,10651760,a,ag,1
NC_037357.1,NC_032679.1,20809650,10651788,10651789,t,tg,1
NC_037357.1,NC_032679.1,20809690,10651829,10651830,a,at,1
NC_037357.1,NC_032679.1,20810699,10652857,10652858,T,TA,1
NC_037357.1,NC_032679.1,20810931,10653091,10653092,T,TG,1
NC_037357.1,NC_032679.1,20811252,10653413,10653414,A,AG,1
NC_037357.1,NC_032679.1,20811257,10653419,10653420,C,CT,1
NC_037357.1,NC_032679.1,20811452,10653616,10653617,C,CA,1
NC_037357.1,NC_032679.1,20811551,10653716,10653717,A,AG,1
NC_037357.1,NC_032679.1,20811556,10653722,10653723,T,TA,1
NC_037357.1,NC_032679.1,20811949,10654114,10654115,G,GT,1
NC_037357.1,NC_032679.1,20811979,10654145,10654147,G,GTC,2
NC_037357.1,NC_032679.1,20812074,10654242,10654243,A,AC,1
NC_037357.1,NC_032679.1,20812161,10654331,10654332,C,CG,1
NC_037357.1,NC_032679.1,20812296,10654466,10654467,G,GT,1
NC_037357.1,NC_032679.1,20812538,10654709,10654710,g,gc,1
NC_037357.1,NC_032679.1,20812709,10654881,10654882,G,GA,1
NC_037357.1,NC_032679.1,20812744,10654918,10654919,A,AC,1
NC_037357.1,NC_032679.1,20812768,10654943,10654944,G,GT,1
NC_037357.1,NC_032679.1,20812891,10655068,10655069,A,AT,1
NC_037357.1,NC_032679.1,20812973,10655150,10655151,C,CA,1
NC_037357.1,NC_032679.1,20813036,10655213,10655214,C,CT,1
NC_037357.1,NC_032679.1,20813158,10655337,10655338,G,GA,1
NC_037357.1,NC_032679.1,20813186,10655366,10655369,g,ggaa,3
NC_037357.1,NC_032679.1,20813201,10655384,10655385,T,TC,1
NC_037357.1,NC_032679.1,20813266,10655452,10655453,t,tc,1
NC_037357.1,NC_032679.1,20813319,10655507,10655508,G,GT,1
NC_037357.1,NC_032679.1,20813740,10655928,10655929,C,CT,1
NC_037357.1,NC_032679.1,20814321,10656507,10656508,A,AG,1
NC_037357.1,NC_032679.1,20814415,10656604,10656605,a,at,1
NC_037357.1,NC_032679.1,20814446,10656637,10656638,t,ta,1
NC_037357.1,NC_032679.1,20834536,10676736,10676737,T,TC,1
NC_037357.1,NC_032679.1,20836932,10679108,10679109,g,ga,1
NC_037357.1,NC_032679.1,20837113,10679291,10679292,a,ac,1
NC_037357.1,NC_032679.1,20837130,10679309,10679310,c,ca,1
NC_037357.1,NC_032679.1,20837186,10679366,10679367,t,tg,1
NC_037357.1,NC_032679.1,20837828,10680009,10680010,T,TC,1
NC_037357.1,NC_032679.1,20838113,10680293,10680294,c,ca,1
NC_037357.1,NC_032679.1,20838760,10680940,10680941,T,TA,1
NC_037357.1,NC_032679.1,20839833,10682010,10682011,c,ca,1
NC_037357.1,NC_032679.1,20870973,10715580,10715581,C,CM,1
NC_037357.1,NC_032679.1,20897138,10741747,10741785,T,TCGANNNNNNNNNNNNNNNNNNNNNNNNATGCGTCTCCC,38
NC_037357.1,NC_032679.1,20899724,10744374,10744376,T,TTC,2
NC_037357.1,NC_032679.1,20899730,10744382,10744383,G,GT,1
NC_037357.1,NC_032679.1,20899884,10744536,10744537,A,AT,1
NC_037357.1,NC_032679.1,20899983,10744635,10744636,T,TC,1
NC_037357.1,NC_032679.1,20900212,10744859,10744860,T,TA,1
NC_037357.1,NC_032679.1,20900508,10745153,10745154,t,tc,1
NC_037357.1,NC_032679.1,20901333,10745970,10745971,C,CT,1
NC_037357.1,NC_032679.1,20904401,10748992,10748994,A,AAG,2
NC_037357.1,NC_032679.1,20904498,10749089,10749090,A,AT,1
NC_037357.1,NC_032679.1,20904690,10749277,10749278,C,CT,1
NC_037357.1,NC_032679.1,20904729,10749316,10749317,T,TC,1
NC_037357.1,NC_032679.1,20916099,10760685,10760686,G,GA,1
NC_037357.1,NC_032679.1,20917037,10761614,10761615,g,ga,1
NC_037357.1,NC_032679.1,20917377,10761951,10761952,t,tc,1
NC_037357.1,NC_032679.1,20918076,10762652,10762653,a,ag,1
NC_037357.1,NC_032679.1,20918116,10762693,10762694,t,tg,1
NC_037357.1,NC_032679.1,20918216,10762793,10762794,c,ct,1
NC_037357.1,NC_032679.1,20918330,10762906,10762907,t,tg,1
NC_037357.1,NC_032679.1,20918336,10762913,10762914,t,tg,1
NC_037357.1,NC_032679.1,20918481,10763057,10763058,a,ag,1
NC_037357.1,NC_032679.1,20918686,10763260,10763261,g,gc,1
NC_037357.1,NC_032679.1,20919919,10764486,10764487,T,TG,1
NC_037357.1,NC_032679.1,20920174,10764740,10764741,C,CT,1
NC_037357.1,NC_032679.1,20920288,10764855,10764856,C,CT,1
NC_037357.1,NC_032679.1,20920306,10764874,10764875,A,AT,1
NC_037357.1,NC_032679.1,20920671,10765243,10765244,g,ga,1
NC_037357.1,NC_032679.1,20920685,10765258,10765259,t,tc,1
NC_037357.1,NC_032679.1,20920691,10765265,10765266,a,ag,1
NC_037357.1,NC_032679.1,20920861,10765438,10765439,G,GT,1
NC_037357.1,NC_032679.1,20921000,10765577,10765578,C,CT,1
NC_037357.1,NC_032679.1,20921361,10765934,10765935,a,at,1
NC_037357.1,NC_032679.1,20922152,10766717,10766718,C,CA,1
NC_037357.1,NC_032679.1,20922159,10766725,10766726,G,GT,1
NC_037357.1,NC_032679.1,20922166,10766733,10766734,A,AG,1
NC_037357.1,NC_032679.1,20922353,10766919,10766920,T,TG,1
NC_037357.1,NC_032679.1,20922399,10766966,10766967,T,TG,1
NC_037357.1,NC_032679.1,20923432,10768011,10768012,T,TA,1
NC_037357.1,NC_032679.1,20923440,10768020,10768022,A,ATG,2
NC_037357.1,NC_032679.1,20923579,10768161,10768162,G,GT,1
NC_037357.1,NC_032679.1,20923599,10768182,10768183,C,CT,1
NC_037357.1,NC_032679.1,20923605,10768189,10768190,G,GT,1
NC_037357.1,NC_032679.1,20925116,10769701,10769702,t,tc,1
NC_037357.1,NC_032679.1,20927014,10771591,10771592,A,AG,1
NC_037357.1,NC_032679.1,20927087,10771664,10771665,G,GT,1
NC_037357.1,NC_032679.1,20927327,10771901,10771902,a,at,1
NC_037357.1,NC_032679.1,20927446,10772021,10772023,t,tNN,2
NC_037357.1,NC_032679.1,20927780,10772358,10772359,t,ta,1
NC_037357.1,NC_032679.1,20928015,10772593,10772594,g,ga,1
NC_037357.1,NC_032679.1,20928217,10772794,10772795,t,tg,1
NC_037357.1,NC_032679.1,20929904,10774482,10774484,c,ctg,2
NC_037357.1,NC_032679.1,20934190,10778731,10778732,G,GT,1
NC_037357.1,NC_032679.1,20935508,10780045,10780046,t,ta,1
NC_037357.1,NC_032679.1,20935533,10780071,10780072,t,tc,1
NC_037357.1,NC_032679.1,20935951,10780490,10780492,g,gtt,2
NC_037357.1,NC_032679.1,20936292,10780830,10780831,a,at,1
NC_037357.1,NC_032679.1,20936327,10780865,10780866,a,at,1
NC_037357.1,NC_032679.1,20936346,10780885,10780886,g,gt,1
NC_037357.1,NC_032679.1,20936391,10780931,10780932,g,gt,1
NC_037357.1,NC_032679.1,20936404,10780945,10780946,g,gt,1
NC_037357.1,NC_032679.1,20936505,10781051,10781052,a,ac,1
NC_037357.1,NC_032679.1,20936571,10781118,10781119,c,ct,1
NC_037357.1,NC_032679.1,20936594,10781142,10781143,a,ac,1
NC_037357.1,NC_032679.1,20936745,10781294,10781295,c,ct,1
NC_037357.1,NC_032679.1,20936821,10781371,10781372,g,gt,1
NC_037357.1,NC_032679.1,20938145,10782694,10782695,g,ga,1
NC_037357.1,NC_032679.1,20938251,10782801,10782802,g,ga,1
NC_037357.1,NC_032679.1,20938395,10782946,10782947,a,at,1
NC_037357.1,NC_032679.1,20941666,10786219,10786220,t,ta,1
NC_037357.1,NC_032679.1,20967164,10811226,10811228,T,TTG,2
NC_037357.1,NC_032679.1,20967807,10811870,10811871,G,GT,1
NC_037357.1,NC_032679.1,20967833,10811897,10811898,T,TC,1
NC_037357.1,NC_032679.1,20967899,10811964,10811967,C,CCAA,3
NC_037357.1,NC_032679.1,20967919,10811987,10811988,a,ag,1
NC_037357.1,NC_032679.1,20967923,10811992,10811993,a,at,1
NC_037357.1,NC_032679.1,20987135,10843926,10843927,t,ta,1
NC_037357.1,NC_032679.1,20987236,10844028,10844029,t,ta,1
NC_037357.1,NC_032679.1,20988297,10845086,10845087,A,AC,1
NC_037357.1,NC_032679.1,20990984,10847777,10847779,t,tta,2
NC_037357.1,NC_032679.1,21025496,10882301,10882302,G,GC,1
NC_037357.1,NC_032679.1,21026374,10883177,10883178,T,TN,1
NC_037357.1,NC_032679.1,21028105,10884909,10884910,C,CA,1
NC_037357.1,NC_032679.1,21093957,10961130,10961132,A,AAC,2
NC_037357.1,NC_032679.1,21096541,10963715,10963716,T,TA,1
NC_037357.1,NC_032679.1,21097906,10965080,10965082,c,ccg,2
NC_037357.1,NC_032679.1,21119601,10986775,10986776,t,tg,1
NC_037357.1,NC_032679.1,21126869,10994038,10994039,C,CG,1
NC_037357.1,NC_032679.1,21127475,10994647,10994648,t,tg,1
NC_037357.1,NC_032679.1,21127591,10994762,10994763,t,tg,1
NC_037357.1,NC_032679.1,21128500,10995672,10995673,C,CA,1
NC_037357.1,NC_032679.1,21128505,10995678,10995679,T,TG,1
NC_037357.1,NC_032679.1,21128722,10995895,10995896,A,AG,1
NC_037357.1,NC_032679.1,21128928,10996102,10996103,A,AC,1
NC_037357.1,NC_032679.1,21128933,10996108,10996109,T,TA,1
NC_037357.1,NC_032679.1,21129214,10996388,10996389,T,TA,1
NC_037357.1,NC_032679.1,21131752,10998922,10998923,G,GT,1
NC_037357.1,NC_032679.1,21132193,10999355,10999356,G,GC,1
NC_037357.1,NC_032679.1,21132507,10999668,10999669,G,GA,1
NC_037357.1,NC_032679.1,21133121,11000284,11000285,c,ca,1
NC_037357.1,NC_032679.1,21135276,11002441,11002442,A,AT,1
NC_037357.1,NC_032679.1,21139193,11006760,11006761,A,AG,1
NC_037357.1,NC_032679.1,21139200,11006768,11006769,T,TA,1
NC_037357.1,NC_032679.1,21140587,11008162,11008163,A,AT,1
NC_037357.1,NC_032679.1,21141550,11009122,11009123,T,TC,1
NC_037357.1,NC_032679.1,21141573,11009146,11009148,a,aat,2
NC_037357.1,NC_032679.1,21141745,11009321,11009322,G,GA,1
NC_037357.1,NC_032679.1,21143006,11010577,11010578,G,GC,1
NC_037357.1,NC_032679.1,21143177,11010749,11010750,T,TG,1
NC_037357.1,NC_032679.1,21143491,11011062,11011063,G,GC,1
NC_037357.1,NC_032679.1,21143747,11011327,11011328,A,AC,1
NC_037357.1,NC_032679.1,21143763,11011344,11011345,A,AC,1
NC_037357.1,NC_032679.1,21144458,11012042,11012043,A,AC,1
NC_037357.1,NC_032679.1,21144477,11012062,11012063,G,GC,1
NC_037357.1,NC_032679.1,21144905,11012488,11012489,T,TG,1
NC_037357.1,NC_032679.1,21152622,11020193,11020194,T,TA,1
NC_037357.1,NC_032679.1,21152720,11020287,11020289,G,GAT,2
NC_037357.1,NC_032679.1,21159573,11027140,11027141,A,AC,1
NC_037357.1,NC_032679.1,21160469,11028041,11028042,G,GA,1
NC_037357.1,NC_032679.1,21162064,11029636,11029637,A,AT,1
NC_037357.1,NC_032679.1,21162539,11030114,11030115,A,AT,1
NC_037357.1,NC_032679.1,21183447,11051037,11051039,a,aac,2
NC_037357.1,NC_032679.1,21192156,11059757,11059758,t,tc,1
NC_037357.1,NC_032679.1,21196103,11063692,11063693,g,ga,1
NC_037357.1,NC_032679.1,21196431,11064019,11064020,t,tc,1
NC_037357.1,NC_032679.1,21198932,11066481,11066482,A,AT,1
NC_037357.1,NC_032679.1,21214238,11081776,11081777,A,AC,1
NC_037357.1,NC_032679.1,21214995,11082535,11082536,T,TG,1
NC_037357.1,NC_032679.1,21215001,11082542,11082543,C,CA,1
NC_037357.1,NC_032679.1,21215006,11082548,11082550,G,GCC,2
NC_037357.1,NC_032679.1,21215011,11082555,11082557,A,AAG,2
NC_037357.1,NC_032679.1,21215223,11082773,11082775,A,AGT,2
NC_037357.1,NC_032679.1,21215294,11082847,11082848,T,TC,1
NC_037357.1,NC_032679.1,21215622,11083172,11083173,A,AT,1
NC_037357.1,NC_032679.1,21215977,11083526,11083527,t,tc,1
NC_037357.1,NC_032679.1,21216064,11083613,11083615,a,aag,2
NC_037357.1,NC_032679.1,21216325,11083880,11083881,T,TC,1
NC_037357.1,NC_032679.1,21216747,11084304,11084305,T,TC,1
NC_037357.1,NC_032679.1,21216783,11084341,11084342,T,TC,1
NC_037357.1,NC_032679.1,21216887,11084447,11084448,A,AC,1
NC_037357.1,NC_032679.1,21216942,11084501,11084503,A,AGC,2
NC_037357.1,NC_032679.1,21217124,11084688,11084689,A,AC,1
NC_037357.1,NC_032679.1,21217278,11084842,11084843,T,TA,1
NC_037357.1,NC_032679.1,21217377,11084941,11084942,A,AG,1
NC_037357.1,NC_032679.1,21218217,11085781,11085783,c,ccg,2
NC_037357.1,NC_032679.1,21218257,11085823,11085824,A,AG,1
NC_037357.1,NC_032679.1,21218784,11086348,11086349,A,AG,1
NC_037357.1,NC_032679.1,21218951,11086513,11086514,A,AT,1
NC_037357.1,NC_032679.1,21219332,11086894,11086895,G,GA,1
NC_037357.1,NC_032679.1,21219345,11086908,11086909,A,AT,1
NC_037357.1,NC_032679.1,21221418,11088965,11088966,C,CA,1
NC_037357.1,NC_032679.1,21243385,11110928,11110929,T,TC,1
NC_037357.1,NC_032679.1,21245814,11113356,11113357,T,TG,1
NC_037357.1,NC_032679.1,21245926,11113468,11113469,t,tc,1
NC_037357.1,NC_032679.1,21246378,11113925,11113926,t,ta,1
NC_037357.1,NC_032679.1,21246870,11114415,11114416,c,ct,1
NC_037357.1,NC_032679.1,21247053,11114596,11114597,g,gc,1
NC_037357.1,NC_032679.1,21247483,11115028,11115029,g,ga,1
NC_037357.1,NC_032679.1,21247636,11115179,11115180,g,ga,1
NC_037357.1,NC_032679.1,21247929,11115467,11115469,a,att,2
NC_037357.1,NC_032679.1,21250645,11118150,11118151,A,AG,1
NC_037357.1,NC_032679.1,21251142,11118652,11118653,c,ct,1
NC_037357.1,NC_032679.1,21251802,11119313,11119314,T,TA,1
NC_037357.1,NC_032679.1,21265951,11135979,11135981,c,cca,2
NC_037357.1,NC_032679.1,21267345,11137381,11137382,g,ga,1
NC_037357.1,NC_032679.1,21268113,11138149,11138151,T,TTG,2
NC_037357.1,NC_032679.1,21269515,11139553,11139554,c,ca,1
NC_037357.1,NC_032679.1,21269879,11139915,11139916,c,ca,1
NC_037357.1,NC_032679.1,21269910,11139947,11139948,g,gc,1
NC_037357.1,NC_032679.1,21270385,11140415,11140416,a,ag,1
NC_037357.1,NC_032679.1,21270506,11140534,11140535,t,ta,1
NC_037357.1,NC_032679.1,21270529,11140558,11140559,t,ta,1
NC_037357.1,NC_032679.1,21270549,11140579,11140580,c,ca,1
NC_037357.1,NC_032679.1,21270612,11140642,11140643,g,ga,1
NC_037357.1,NC_032679.1,21270628,11140659,11140661,c,cca,2
NC_037357.1,NC_032679.1,21270735,11140771,11140772,g,gc,1
NC_037357.1,NC_032679.1,21270827,11140864,11140865,t,tg,1
NC_037357.1,NC_032679.1,21270845,11140883,11140884,g,ga,1
NC_037357.1,NC_032679.1,21331230,11201391,11201392,t,ta,1
NC_037357.1,NC_032679.1,21331999,11202156,11202157,c,ca,1
NC_037357.1,NC_032679.1,21332143,11202298,11202299,a,ac,1
NC_037357.1,NC_032679.1,21332375,11202531,11202532,t,tc,1
NC_037357.1,NC_032679.1,21332801,11202952,11202953,a,ac,1
NC_037357.1,NC_032679.1,21332816,11202968,11202969,c,ca,1
NC_037357.1,NC_032679.1,21332824,11202977,11202978,a,ag,1
NC_037357.1,NC_032679.1,21332856,11203010,11203011,c,ca,1
NC_037357.1,NC_032679.1,21355167,11225277,11225278,c,ca,1
NC_037357.1,NC_032679.1,21480884,11360565,11360566,a,at,1
NC_037357.1,NC_032679.1,21480890,11360572,11360573,t,tg,1
NC_037357.1,NC_032679.1,21481060,11360743,11360744,a,ag,1
NC_037357.1,NC_032679.1,21481096,11360780,11360781,c,ca,1
NC_037357.1,NC_032679.1,21481142,11360827,11360828,a,ag,1
NC_037357.1,NC_032679.1,21481232,11360917,11360918,t,ta,1
NC_037357.1,NC_032679.1,21481351,11361036,11361037,t,ta,1
NC_037357.1,NC_032679.1,21481402,11361087,11361088,c,ca,1
NC_037357.1,NC_032679.1,21481586,11361268,11361269,c,ca,1
NC_037357.1,NC_032679.1,21481618,11361301,11361302,g,ga,1
NC_037357.1,NC_032679.1,21481708,11361392,11361393,c,ca,1
NC_037357.1,NC_032679.1,21481824,11361508,11361509,t,ta,1
NC_037357.1,NC_032679.1,21481957,11361641,11361642,t,tg,1
NC_037357.1,NC_032679.1,21483363,11363030,11363031,G,GA,1
NC_037357.1,NC_032679.1,21485744,11365389,11365391,t,tta,2
NC_037357.1,NC_032679.1,21493764,11373410,11373411,g,ga,1
NC_037357.1,NC_032679.1,21493821,11373467,11373468,g,ga,1
NC_037357.1,NC_032679.1,21495111,11374730,11374731,t,tg,1
NC_037357.1,NC_032679.1,21497098,11376682,11376683,g,ga,1
NC_037357.1,NC_032679.1,21499118,11378697,11378699,c,cct,2
NC_037357.1,NC_032679.1,21501059,11380639,11380640,A,AG,1
NC_037357.1,NC_032679.1,21541311,11421324,11421325,g,ga,1
NC_037357.1,NC_032679.1,21541831,11421850,11421851,G,GA,1
NC_037357.1,NC_032679.1,21541841,11421861,11421862,G,GT,1
NC_037357.1,NC_032679.1,21561482,11441501,11441502,a,ag,1
NC_037357.1,NC_032679.1,21561873,11441893,11441894,t,tg,1
NC_037357.1,NC_032679.1,21562475,11442493,11442494,c,ct,1
NC_037357.1,NC_032679.1,21593012,11479187,11479188,C,CT,1
NC_037357.1,NC_032679.1,21617272,11503441,11503442,t,ta,1
NC_037357.1,NC_032679.1,21618421,11504587,11504588,G,GA,1
NC_037357.1,NC_032679.1,21618984,11505144,11505145,T,TA,1
NC_037357.1,NC_032679.1,21619987,11506139,11506140,t,tg,1
NC_037357.1,NC_032679.1,21620208,11506354,11506355,a,ac,1
NC_037357.1,NC_032679.1,21620507,11506648,11506649,C,CA,1
NC_037357.1,NC_032679.1,21622490,11508634,11508635,a,ac,1
NC_037357.1,NC_032679.1,21662304,11548459,11548461,T,TTA,2
NC_037357.1,NC_032679.1,21664203,11550363,11550364,C,CG,1
NC_037357.1,NC_032679.1,21664241,11550403,11550404,g,ga,1
NC_037357.1,NC_032679.1,21672987,11559162,11559163,g,ga,1
NC_037357.1,NC_032679.1,21672990,11559166,11559167,c,ct,1
NC_037357.1,NC_032679.1,21673020,11559197,11559198,a,ac,1
NC_037357.1,NC_032679.1,21673045,11559225,11559227,t,taa,2
NC_037357.1,NC_032679.1,21675712,11561894,11561897,A,AACC,3
NC_037357.1,NC_032679.1,21675722,11561907,11561908,A,AC,1
NC_037357.1,NC_032679.1,21675789,11561976,11561978,T,TTA,2
NC_037357.1,NC_032679.1,21679462,11565718,11565719,C,CT,1
NC_037357.1,NC_032679.1,21679464,11565721,11565722,T,TC,1
NC_037357.1,NC_032679.1,21679470,11565728,11565729,C,CT,1
NC_037357.1,NC_032679.1,21679497,11565756,11565757,T,TC,1
NC_037357.1,NC_032679.1,21687311,11573533,11573535,G,GGT,2
NC_037357.1,NC_032679.1,21687423,11573647,11573648,G,GT,1
NC_037357.1,NC_032679.1,21687668,11573893,11573894,C,CA,1
NC_037357.1,NC_032679.1,21687802,11574023,11574024,C,CT,1
NC_037357.1,NC_032679.1,21688039,11574259,11574260,G,GT,1
NC_037357.1,NC_032679.1,21688462,11574682,11574683,C,CA,1
NC_037357.1,NC_032679.1,21688565,11574785,11574786,A,AG,1
NC_037357.1,NC_032679.1,21689226,11575444,11575446,G,GTA,2
NC_037357.1,NC_032679.1,21689484,11575704,11575705,a,ag,1
NC_037357.1,NC_032679.1,21689493,11575714,11575715,c,ca,1
NC_037357.1,NC_032679.1,21690668,11576895,11576896,t,ta,1
NC_037357.1,NC_032679.1,21691767,11578762,11578763,G,GC,1
NC_037357.1,NC_032679.1,21715307,11602296,11602297,T,TC,1
NC_037357.1,NC_032679.1,21716036,11603024,11603025,C,CA,1
NC_037357.1,NC_032679.1,21720790,11607718,11607719,C,CA,1
NC_037357.1,NC_032679.1,21722261,11609192,11609193,A,AT,1
NC_037357.1,NC_032679.1,21722381,11609312,11609317,t,tataaa,5
NC_037357.1,NC_032679.1,21722460,11609397,11609398,T,TA,1
NC_037357.1,NC_032679.1,21722513,11609451,11609452,a,ac,1
NC_037357.1,NC_032679.1,21722545,11609484,11609486,t,tcc,2
NC_037357.1,NC_032679.1,21722581,11609522,11609523,g,gc,1
NC_037357.1,NC_032679.1,21722729,11609671,11609672,g,gc,1
NC_037357.1,NC_032679.1,21722736,11609679,11609680,t,tg,1
NC_037357.1,NC_032679.1,21722774,11609720,11609721,a,at,1
NC_037357.1,NC_032679.1,21723611,11610562,11610563,t,tg,1
NC_037357.1,NC_032679.1,21723703,11610656,11610657,t,tc,1
NC_037357.1,NC_032679.1,21723760,11610714,11610715,t,tg,1
NC_037357.1,NC_032679.1,21723870,11610824,11610826,A,AAG,2
NC_037357.1,NC_032679.1,21723947,11610903,11610904,C,CT,1
NC_037357.1,NC_032679.1,21723953,11610910,11610911,C,CT,1
NC_037357.1,NC_032679.1,21724200,11611161,11611163,g,gaa,2
NC_037357.1,NC_032679.1,21724308,11611273,11611274,T,TA,1
NC_037357.1,NC_032679.1,21724312,11611278,11611279,T,TA,1
NC_037357.1,NC_032679.1,21730601,11617574,11617576,a,aNN,2
NC_037357.1,NC_032679.1,21730682,11617657,11617658,g,gc,1
NC_037357.1,NC_032679.1,21732242,11619215,11619216,a,at,1
NC_037357.1,NC_032679.1,21734107,11621076,11621078,t,ttc,2
NC_037357.1,NC_032679.1,21734120,11621091,11621092,c,ct,1
NC_037357.1,NC_032679.1,21734142,11621114,11621115,t,tg,1
NC_037357.1,NC_032679.1,21734577,11621548,11621549,a,at,1
NC_037357.1,NC_032679.1,21734822,11621793,11621794,t,tg,1
NC_037357.1,NC_032679.1,21734850,11621822,11621823,t,tc,1
NC_037357.1,NC_032679.1,21735046,11622017,11622018,a,at,1
NC_037357.1,NC_032679.1,21735354,11622322,11622323,t,tg,1
NC_037357.1,NC_032679.1,21735895,11622862,11622863,g,gt,1
NC_037357.1,NC_032679.1,21736029,11622996,11622997,T,TC,1
NC_037357.1,NC_032679.1,21736041,11623009,11623010,T,TG,1
NC_037357.1,NC_032679.1,21736164,11623131,11623132,g,ga,1
NC_037357.1,NC_032679.1,21736309,11623275,11623276,t,tg,1
NC_037357.1,NC_032679.1,21736507,11623473,11623474,t,tg,1
NC_037357.1,NC_032679.1,21760634,11647599,11647600,T,TG,1
NC_037357.1,NC_032679.1,21760727,11647692,11647693,T,TC,1
NC_037357.1,NC_032679.1,21760746,11647710,11647711,A,AC,1
NC_037357.1,NC_032679.1,21761291,11648259,11648260,G,GA,1
NC_037357.1,NC_032679.1,21761602,11648567,11648568,A,AG,1
NC_037357.1,NC_032679.1,21761709,11648675,11648676,T,TA,1
NC_037357.1,NC_032679.1,21770655,11657620,11657621,c,ct,1
NC_037357.1,NC_032679.1,21790228,11679996,11679997,A,AM,1
NC_037357.1,NC_032679.1,21793204,11682970,11682971,C,CA,1
NC_037357.1,NC_032679.1,21794061,11683825,11683826,A,AG,1
NC_037357.1,NC_032679.1,21796574,11686343,11686344,a,at,1
NC_037357.1,NC_032679.1,21796949,11686718,11686719,a,at,1
NC_037357.1,NC_032679.1,21798427,11688197,11688198,t,tc,1
NC_037357.1,NC_032679.1,21798432,11688203,11688204,g,gt,1
NC_037357.1,NC_032679.1,21798542,11688314,11688315,c,ct,1
NC_037357.1,NC_032679.1,21798671,11688445,11688446,t,tW,1
NC_037357.1,NC_032679.1,21799170,11688943,11688944,g,gt,1
NC_037357.1,NC_032679.1,21799187,11688961,11688962,t,tg,1
NC_037357.1,NC_032679.1,21799230,11689005,11689006,a,at,1
NC_037357.1,NC_032679.1,21799542,11689318,11689319,t,ta,1
NC_037357.1,NC_032679.1,21799784,11689561,11689562,t,tg,1
NC_037357.1,NC_032679.1,21799928,11689705,11689707,g,gga,2
NC_037357.1,NC_032679.1,21800607,11690387,11690388,a,at,1
NC_037357.1,NC_032679.1,21801144,11690924,11690925,t,tc,1
NC_037357.1,NC_032679.1,21801190,11690971,11690972,c,ca,1
NC_037357.1,NC_032679.1,21801265,11691047,11691048,a,at,1
NC_037357.1,NC_032679.1,21801279,11691062,11691064,t,ttg,2
NC_037357.1,NC_032679.1,21801445,11691230,11691231,t,tg,1
NC_037357.1,NC_032679.1,21801546,11691331,11691332,t,tc,1
NC_037357.1,NC_032679.1,21801621,11691408,11691409,a,at,1
NC_037357.1,NC_032679.1,21801692,11691480,11691481,g,gt,1
NC_037357.1,NC_032679.1,21801727,11691516,11691517,a,ac,1
NC_037357.1,NC_032679.1,21801762,11691551,11691552,c,ct,1
NC_037357.1,NC_032679.1,21801859,11691648,11691649,c,ct,1
NC_037357.1,NC_032679.1,21836107,11725888,11725889,t,tN,1
NC_037357.1,NC_032679.1,21837311,11727093,11727095,t,ttc,2
NC_037357.1,NC_032679.1,21837470,11727255,11727256,g,gt,1
NC_037357.1,NC_032679.1,21837516,11727302,11727303,a,ag,1
NC_037357.1,NC_032679.1,21837545,11727331,11727332,g,gc,1
NC_037357.1,NC_032679.1,21837946,11727733,11727734,g,gt,1
NC_037357.1,NC_032679.1,21877989,11767762,11767763,a,ag,1
NC_037357.1,NC_032679.1,21880466,11792828,11792829,a,at,1
NC_037357.1,NC_032679.1,21880687,11793047,11793048,t,tc,1
NC_037357.1,NC_032679.1,21880742,11793103,11793104,g,gc,1
NC_037357.1,NC_032679.1,21880758,11793120,11793121,g,ga,1
NC_037357.1,NC_032679.1,21880795,11793158,11793159,t,tg,1
NC_037357.1,NC_032679.1,21881131,11793489,11793490,a,ac,1
NC_037357.1,NC_032679.1,21881319,11793676,11793677,A,AG,1
NC_037357.1,NC_032679.1,21881369,11793728,11793729,A,AG,1
NC_037357.1,NC_032679.1,21882004,11794364,11794365,T,TG,1
NC_037357.1,NC_032679.1,21882250,11794610,11794611,A,AG,1
NC_037357.1,NC_032679.1,21882927,11795280,11795281,C,CA,1
NC_037357.1,NC_032679.1,21883665,11796012,11796013,g,ga,1
NC_037357.1,NC_032679.1,21883693,11796041,11796043,t,tga,2
NC_037357.1,NC_032679.1,21884197,11796543,11796544,C,CA,1
NC_037357.1,NC_032679.1,21884407,11796752,11796753,A,AT,1
NC_037357.1,NC_032679.1,21884491,11796836,11796837,t,ta,1
NC_037357.1,NC_032679.1,21885403,11797744,11797745,a,aN,1
NC_037357.1,NC_032679.1,21885781,11798116,11798117,c,ct,1
NC_037357.1,NC_032679.1,21885994,11798327,11798328,c,ct,1
NC_037357.1,NC_032679.1,21886038,11798372,11798373,a,at,1
NC_037357.1,NC_032679.1,21887117,11799442,11799443,a,ac,1
NC_037357.1,NC_032679.1,21887164,11799490,11799491,g,ga,1
NC_037357.1,NC_032679.1,21887254,11799579,11799580,g,ga,1
NC_037357.1,NC_032679.1,21887261,11799587,11799588,t,ta,1
NC_037357.1,NC_032679.1,21887368,11799693,11799694,g,ga,1
NC_037357.1,NC_032679.1,21887438,11799764,11799765,a,at,1
NC_037357.1,NC_032679.1,21887475,11799802,11799803,c,ca,1
NC_037357.1,NC_032679.1,21887480,11799808,11799809,t,ta,1
NC_037357.1,NC_032679.1,21887503,11799832,11799833,a,ag,1
NC_037357.1,NC_032679.1,21887872,11800189,11800190,a,at,1
NC_037357.1,NC_032679.1,21888417,11800730,11800731,t,ta,1
NC_037357.1,NC_032679.1,21890033,11802345,11802346,a,ac,1
NC_037357.1,NC_032679.1,21890268,11802579,11802580,g,ga,1
NC_037357.1,NC_032679.1,21890928,11803238,11803239,c,ca,1
NC_037357.1,NC_032679.1,21891097,11803407,11803408,a,ag,1
NC_037357.1,NC_032679.1,21891240,11803548,11803549,c,ca,1
NC_037357.1,NC_032679.1,21891302,11803611,11803612,c,ca,1
NC_037357.1,NC_032679.1,21891359,11803669,11803670,a,at,1
NC_037357.1,NC_032679.1,21891543,11803851,11803852,t,ta,1
NC_037357.1,NC_032679.1,21891576,11803885,11803886,g,gc,1
NC_037357.1,NC_032679.1,21891687,11803995,11803996,t,ta,1
NC_037357.1,NC_032679.1,21891736,11804045,11804046,c,ca,1
NC_037357.1,NC_032679.1,21893192,11805078,11805079,g,gt,1
NC_037357.1,NC_032679.1,21893213,11805099,11805100,A,AT,1
NC_037357.1,NC_032679.1,21894411,11806288,11806289,a,ac,1
NC_037357.1,NC_032679.1,21894433,11806311,11806312,c,ca,1
NC_037357.1,NC_032679.1,21896208,11808085,11808086,T,TG,1
NC_037357.1,NC_032679.1,21901009,11812880,11812881,G,GC,1
NC_037357.1,NC_032679.1,21902311,11814182,11814183,a,at,1
NC_037357.1,NC_032679.1,21904193,11816069,11816070,A,AC,1
NC_037357.1,NC_032679.1,21908370,11820237,11820238,A,AC,1
NC_037357.1,NC_032679.1,21908847,11820713,11820714,T,TG,1
NC_037357.1,NC_032679.1,21912147,11824010,11824011,t,tc,1
NC_037357.1,NC_032679.1,21912170,11824034,11824035,g,ga,1
NC_037357.1,NC_032679.1,21913052,11824917,11824918,c,ca,1
NC_037357.1,NC_032679.1,21914048,11825907,11825908,T,TC,1
NC_037357.1,NC_032679.1,21917925,11829786,11829787,A,AC,1
NC_037357.1,NC_032679.1,21918068,11829930,11829931,G,GT,1
NC_037357.1,NC_032679.1,21919115,11830977,11830978,T,TG,1
NC_037357.1,NC_032679.1,21944996,11857592,11857593,T,TG,1
NC_037357.1,NC_032679.1,21968364,11881169,11881170,C,CT,1
NC_037357.1,NC_032679.1,21968664,11881469,11881470,g,ga,1
NC_037357.1,NC_032679.1,21970113,11882912,11882913,t,tc,1
NC_037357.1,NC_032679.1,21970713,11883498,11883499,a,at,1
NC_037357.1,NC_032679.1,21972224,11884992,11884993,C,CT,1
NC_037357.1,NC_032679.1,21972560,11885332,11885333,t,tc,1
NC_037357.1,NC_032679.1,22011813,11924810,11924811,A,AT,1
NC_037357.1,NC_032679.1,22012849,11925839,11925840,t,ta,1
NC_037357.1,NC_032679.1,22013005,11925995,11925996,c,ct,1
NC_037357.1,NC_032679.1,22013079,11926071,11926072,a,ag,1
NC_037357.1,NC_032679.1,22013198,11926188,11926189,t,tg,1
NC_037357.1,NC_032679.1,22013260,11926246,11926247,A,AG,1
NC_037357.1,NC_032679.1,22013471,11926456,11926457,T,TC,1
NC_037357.1,NC_032679.1,22013696,11926677,11926678,A,AG,1
NC_037357.1,NC_032679.1,22013900,11926883,11926884,G,GA,1
NC_037357.1,NC_032679.1,22014250,11927229,11927230,T,TC,1
NC_037357.1,NC_032679.1,22015089,11928068,11928069,c,ca,1
NC_037357.1,NC_032679.1,22015142,11928121,11928122,g,gc,1
NC_037357.1,NC_032679.1,22026614,11939580,11939593,t,taANNNNNNNNNNN,13
NC_037357.1,NC_032679.1,22077904,11990874,11990875,t,tc,1
NC_037357.1,NC_032679.1,22077922,11990893,11990894,c,ca,1
NC_037357.1,NC_032679.1,22083334,11996308,11996309,a,ac,1
NC_037357.1,NC_032679.1,22083352,11996327,11996328,c,ct,1
NC_037357.1,NC_032679.1,22083728,11996706,11996707,a,ag,1
NC_037357.1,NC_032679.1,22083736,11996715,11996716,a,at,1
NC_037357.1,NC_032679.1,22083799,11996779,11996780,t,tc,1
NC_037357.1,NC_032679.1,22085883,11998856,11998857,T,TC,1
NC_037357.1,NC_032679.1,22085934,11998907,11998908,T,TA,1
NC_037357.1,NC_032679.1,22085947,11998921,11998922,G,GT,1
NC_037357.1,NC_032679.1,22086265,11999239,11999240,G,GA,1
NC_037357.1,NC_032679.1,22087109,12000087,12000088,A,AC,1
NC_037357.1,NC_032679.1,22087258,12000238,12000239,g,ga,1
NC_037357.1,NC_032679.1,22087279,12000260,12000261,t,ta,1
NC_037357.1,NC_032679.1,22087376,12000358,12000359,t,tg,1
NC_037357.1,NC_032679.1,22087416,12000399,12000400,g,ga,1
NC_037357.1,NC_032679.1,22087594,12000576,12000577,c,ca,1
NC_037357.1,NC_032679.1,22087610,12000593,12000594,t,ta,1
NC_037357.1,NC_032679.1,22087629,12000613,12000614,t,ta,1
NC_037357.1,NC_032679.1,22087639,12000624,12000625,t,ta,1
NC_037357.1,NC_032679.1,22087836,12000821,12000822,T,TC,1
NC_037357.1,NC_032679.1,22087845,12000831,12000832,G,GA,1
NC_037357.1,NC_032679.1,22088869,12001859,12001861,a,aNN,2
NC_037357.1,NC_032679.1,22091495,12004488,12004489,T,TG,1
NC_037357.1,NC_032679.1,22122761,12035660,12035661,C,CA,1
NC_037357.1,NC_032679.1,22125778,12038674,12038675,C,CT,1
NC_037357.1,NC_032679.1,22126050,12038950,12038951,C,CA,1
NC_037357.1,NC_032679.1,22126272,12039172,12039173,T,TG,1
NC_037357.1,NC_032679.1,22137065,12049964,12050017,c,cttctgTACAAGCTTCATATGTCANNNNNNNNNNNNNNNNNNNNNNNNNNNNNN,53
NC_037357.1,NC_032679.1,22141889,12054843,12054844,C,CA,1
NC_037357.1,NC_032679.1,22142959,12055912,12055913,T,TC,1
NC_037357.1,NC_032679.1,22144008,12056954,12056955,g,gt,1
NC_037357.1,NC_032679.1,22144086,12057032,12057033,a,ac,1
NC_037357.1,NC_032679.1,22144160,12057106,12057108,c,ctg,2
NC_037357.1,NC_032679.1,22144626,12057573,12057574,a,ac,1
NC_037357.1,NC_032679.1,22144650,12057598,12057600,c,ctg,2
NC_037357.1,NC_032679.1,22145420,12058364,12058365,T,TG,1
NC_037357.1,NC_032679.1,22145540,12058483,12058485,T,TTC,2
NC_037357.1,NC_032679.1,22145550,12058495,12058496,C,CT,1
NC_037357.1,NC_032679.1,22145855,12058802,12058803,C,CG,1
NC_037357.1,NC_032679.1,22146581,12059528,12059529,G,GT,1
NC_037357.1,NC_032679.1,22147373,12060305,12060306,A,AG,1
NC_037357.1,NC_032679.1,22147415,12060348,12060349,T,TA,1
NC_037357.1,NC_032679.1,22147633,12060557,12060558,G,GT,1
NC_037357.1,NC_032679.1,22149688,12062612,12062613,t,tg,1
NC_037357.1,NC_032679.1,22156040,12068943,12068944,a,ag,1
NC_037357.1,NC_032679.1,22158606,12071669,12071671,a,aac,2
NC_037357.1,NC_032679.1,22158876,12071941,12071942,A,AT,1
NC_037357.1,NC_032679.1,22158891,12071957,12071958,A,AC,1
NC_037357.1,NC_032679.1,22158910,12071977,12071978,T,TG,1
NC_037357.1,NC_032679.1,22173710,12086760,12086761,G,GT,1
NC_037357.1,NC_032679.1,22174009,12087064,12087065,C,CT,1
NC_037357.1,NC_032679.1,22174019,12087075,12087076,A,AG,1
NC_037357.1,NC_032679.1,22174280,12087335,12087336,A,AT,1
NC_037357.1,NC_032679.1,22174358,12087415,12087416,C,CA,1
NC_037357.1,NC_032679.1,22181406,12094458,12094459,T,TC,1
NC_037357.1,NC_032679.1,22181526,12094579,12094580,A,AC,1
NC_037357.1,NC_032679.1,22181691,12094745,12094746,t,ta,1
NC_037357.1,NC_032679.1,22181834,12094888,12094889,T,TC,1
NC_037357.1,NC_032679.1,22181839,12094894,12094895,A,AT,1
NC_037357.1,NC_032679.1,22181968,12095024,12095025,g,gt,1
NC_037357.1,NC_032679.1,22182076,12095134,12095137,T,TTTA,3
NC_037357.1,NC_032679.1,22182713,12095778,12095779,C,CT,1
NC_037357.1,NC_032679.1,22182725,12095791,12095792,G,GT,1
NC_037357.1,NC_032679.1,22182757,12095824,12095825,C,CT,1
NC_037357.1,NC_032679.1,22182956,12096025,12096026,A,AC,1
NC_037357.1,NC_032679.1,22188526,12101590,12101591,G,GS,1
NC_037357.1,NC_032679.1,22207712,12120777,12120778,t,tg,1
NC_037357.1,NC_032679.1,22208364,12121420,12121421,a,at,1
NC_037357.1,NC_032679.1,22208646,12121703,12121704,t,tc,1
NC_037357.1,NC_032679.1,22208660,12121718,12121719,t,tg,1
NC_037357.1,NC_032679.1,22209834,12122884,12122885,C,CT,1
NC_037357.1,NC_032679.1,22210717,12123748,12123749,G,GT,1
NC_037357.1,NC_032679.1,22221077,12134091,12134092,T,TA,1
NC_037357.1,NC_032679.1,22221109,12134124,12134125,T,TC,1
NC_037357.1,NC_032679.1,22221618,12134633,12134634,T,TG,1
NC_037357.1,NC_032679.1,22221822,12134837,12134838,A,AG,1
NC_037357.1,NC_032679.1,22221836,12134852,12134853,T,TC,1
NC_037357.1,NC_032679.1,22221881,12134898,12134899,C,CA,1
NC_037357.1,NC_032679.1,22221976,12134995,12134996,A,AG,1
NC_037357.1,NC_032679.1,22221986,12135006,12135007,G,GA,1
NC_037357.1,NC_032679.1,22222530,12135548,12135549,A,AT,1
NC_037357.1,NC_032679.1,22223258,12136265,12136266,A,AG,1
NC_037357.1,NC_032679.1,22224547,12137550,12137551,a,at,1
NC_037357.1,NC_032679.1,22225381,12138378,12138379,A,AG,1
NC_037357.1,NC_032679.1,22225755,12138743,12138744,g,ga,1
NC_037357.1,NC_032679.1,22260160,12172778,12172779,t,tg,1
NC_037357.1,NC_032679.1,22278850,12209711,12209713,a,aNN,2
NC_037357.1,NC_032679.1,22291553,12222417,12222418,c,ct,1
NC_037357.1,NC_032679.1,22292083,12222948,12222949,C,CT,1
NC_037357.1,NC_032679.1,22344136,12275004,12275005,A,AC,1
NC_037357.1,NC_032679.1,22355672,12286537,12286538,C,CA,1
NC_037357.1,NC_032679.1,22356111,12286977,12286978,g,ga,1
NC_037357.1,NC_032679.1,22356127,12286993,12286994,c,ca,1
NC_037357.1,NC_032679.1,22356235,12287100,12287101,t,tc,1
NC_037357.1,NC_032679.1,22358910,12289750,12289751,T,TG,1
NC_037357.1,NC_032679.1,22360041,12290874,12290875,C,CT,1
NC_037357.1,NC_032679.1,22360203,12291037,12291038,c,ct,1
NC_037357.1,NC_032679.1,22360710,12291533,12291534,C,CA,1
NC_037357.1,NC_032679.1,22361569,12292383,12292384,T,TC,1
NC_037357.1,NC_032679.1,22361670,12292485,12292486,G,GC,1
NC_037357.1,NC_032679.1,22362055,12292870,12292871,C,CA,1
NC_037357.1,NC_032679.1,22363218,12294019,12294021,G,GGA,2
NC_037357.1,NC_032679.1,22363899,12294679,12294680,T,TG,1
NC_037357.1,NC_032679.1,22365123,12295903,12295904,g,ga,1
NC_037357.1,NC_032679.1,22365141,12295922,12295923,t,ta,1
NC_037357.1,NC_032679.1,22403914,12334694,12334695,a,ac,1
NC_037357.1,NC_032679.1,22404304,12335084,12335085,a,ag,1
NC_037357.1,NC_032679.1,22404686,12335466,12335467,c,ca,1
NC_037357.1,NC_032679.1,22404901,12335683,12335684,t,tg,1
NC_037357.1,NC_032679.1,22405006,12335787,12335788,t,ta,1
NC_037357.1,NC_032679.1,22405219,12335996,12335997,c,ca,1
NC_037357.1,NC_032679.1,22405382,12336157,12336158,t,ta,1
NC_037357.1,NC_032679.1,22405471,12336247,12336248,g,gc,1
NC_037357.1,NC_032679.1,22405493,12336270,12336271,a,ag,1
NC_037357.1,NC_032679.1,22405499,12336277,12336278,g,ga,1
NC_037357.1,NC_032679.1,22458834,12389717,12389718,G,GA,1
NC_037357.1,NC_032679.1,22460189,12391059,12391060,C,CT,1
NC_037357.1,NC_032679.1,22460334,12391201,12391202,A,AG,1
NC_037357.1,NC_032679.1,22462676,12393541,12393543,g,ggc,2
NC_037357.1,NC_032679.1,22464945,12395810,12395812,t,tgc,2
NC_037357.1,NC_032679.1,22468692,12399555,12399556,g,ga,1
NC_037357.1,NC_032679.1,22469778,12400645,12400646,g,ga,1
NC_037357.1,NC_032679.1,22469965,12400832,12400833,a,ag,1
NC_037357.1,NC_032679.1,22470006,12400874,12400875,c,ca,1
NC_037357.1,NC_032679.1,22470735,12401604,12401605,t,tg,1
NC_037357.1,NC_032679.1,22471965,12402838,12402839,A,AG,1
NC_037357.1,NC_032679.1,22495995,12426754,12426755,t,tg,1
NC_037357.1,NC_032679.1,22530557,12461407,12461408,g,ga,1
NC_037357.1,NC_032679.1,22530597,12461448,12461449,g,gc,1
NC_037357.1,NC_032679.1,22554572,12486918,12486919,a,ac,1
NC_037357.1,NC_032679.1,22567213,12499553,12499554,a,ag,1
NC_037357.1,NC_032679.1,22568093,12500422,12500423,T,TC,1
NC_037357.1,NC_032679.1,22568804,12501125,12501126,T,TC,1
NC_037357.1,NC_032679.1,22568937,12501257,12501259,C,CCT,2
NC_037357.1,NC_032679.1,22569133,12501456,12501457,G,GC,1
NC_037357.1,NC_032679.1,22569426,12501747,12501748,G,GT,1
NC_037357.1,NC_032679.1,22569580,12501897,12501899,T,TCC,2
NC_037357.1,NC_032679.1,22570088,12502402,12502403,A,AC,1
NC_037357.1,NC_032679.1,22571188,12503486,12503487,c,ct,1
NC_037357.1,NC_032679.1,22571303,12503601,12503602,a,at,1
NC_037357.1,NC_032679.1,22571389,12503689,12503690,t,tc,1
NC_037357.1,NC_032679.1,22572632,12504929,12504930,G,GC,1
NC_037357.1,NC_032679.1,22600808,12533064,12533065,a,ac,1
NC_037357.1,NC_032679.1,22601190,12533445,12533446,A,AG,1
NC_037357.1,NC_032679.1,22606860,12539114,12539115,A,AG,1
NC_037357.1,NC_032679.1,22606920,12539176,12539177,C,CG,1
NC_037357.1,NC_032679.1,22607069,12539326,12539327,T,TA,1
NC_037357.1,NC_032679.1,22608489,12540745,12540746,g,ga,1
NC_037357.1,NC_032679.1,22608837,12541094,12541095,T,TG,1
NC_037357.1,NC_032679.1,22608928,12541185,12541187,t,ttc,2
NC_037357.1,NC_032679.1,22609429,12541685,12541686,G,GT,1
NC_037357.1,NC_032679.1,22611073,12543315,12543316,A,AT,1
NC_037357.1,NC_032679.1,22611489,12543727,12543728,t,tc,1
NC_037357.1,NC_032679.1,22612028,12544262,12544263,A,AG,1
NC_037357.1,NC_032679.1,22614093,12546759,12546760,a,ac,1
NC_037357.1,NC_032679.1,22614176,12546841,12546842,a,ag,1
NC_037357.1,NC_032679.1,22614214,12546880,12546881,t,tg,1
NC_037357.1,NC_032679.1,22614413,12547081,12547082,a,at,1
NC_037357.1,NC_032679.1,22614680,12547349,12547350,g,gt,1
NC_037357.1,NC_032679.1,22614810,12547478,12547479,t,tg,1
NC_037357.1,NC_032679.1,22615822,12548476,12548477,a,at,1
NC_037357.1,NC_032679.1,22616359,12549007,12549008,A,AC,1
NC_037357.1,NC_032679.1,22616617,12549264,12549265,a,ag,1
NC_037357.1,NC_032679.1,22617662,12550302,12550303,g,ga,1
NC_037357.1,NC_032679.1,22619049,12551690,12551691,c,ca,1
NC_037357.1,NC_032679.1,22619171,12551812,12551813,c,ca,1
NC_037357.1,NC_032679.1,22619492,12552128,12552129,g,gc,1
NC_037357.1,NC_032679.1,22620505,12553144,12553145,t,tc,1
NC_037357.1,NC_032679.1,22620577,12553217,12553218,c,ca,1
NC_037357.1,NC_032679.1,22621716,12554355,12554356,c,ca,1
NC_037357.1,NC_032679.1,22621758,12554399,12554400,g,ga,1
NC_037357.1,NC_032679.1,22622076,12554714,12554715,T,TG,1
NC_037357.1,NC_032679.1,22622175,12554813,12554815,T,TTC,2
NC_037357.1,NC_032679.1,22622354,12554994,12554995,t,tg,1
NC_037357.1,NC_032679.1,22622359,12555000,12555001,t,tg,1
NC_037357.1,NC_032679.1,22622378,12555020,12555021,a,ag,1
NC_037357.1,NC_032679.1,22622403,12555044,12555045,a,ag,1
NC_037357.1,NC_032679.1,22622453,12555095,12555096,t,tg,1
NC_037357.1,NC_032679.1,22622535,12555177,12555178,c,ca,1
NC_037357.1,NC_032679.1,22622562,12555205,12555207,G,GAT,2
NC_037357.1,NC_032679.1,22622577,12555222,12555223,c,ct,1
NC_037357.1,NC_032679.1,22622624,12555270,12555271,T,TA,1
NC_037357.1,NC_032679.1,22622929,12555579,12555580,A,AT,1
NC_037357.1,NC_032679.1,22622955,12555606,12555607,G,GT,1
NC_037357.1,NC_032679.1,22622985,12555636,12555637,t,tg,1
NC_037357.1,NC_032679.1,22623022,12555675,12555676,G,GA,1
NC_037357.1,NC_032679.1,22625355,12557972,12557973,A,AT,1
NC_037357.1,NC_032679.1,22625660,12558275,12558276,T,TG,1
NC_037357.1,NC_032679.1,22625750,12558368,12558369,G,GC,1
NC_037357.1,NC_032679.1,22626093,12558708,12558709,T,TG,1
NC_037357.1,NC_032679.1,22645108,12577710,12577711,A,AT,1
NC_037357.1,NC_032679.1,22645963,12578566,12578567,G,GA,1
NC_037357.1,NC_032679.1,22646562,12579161,12579162,c,ct,1
NC_037357.1,NC_032679.1,22646877,12579472,12579473,a,ag,1
NC_037357.1,NC_032679.1,22651980,12584577,12584578,t,tg,1
NC_037357.1,NC_032679.1,22653019,12585612,12585613,G,GC,1
NC_037357.1,NC_032679.1,22653780,12586371,12586372,t,ta,1
NC_037357.1,NC_032679.1,22653793,12586385,12586386,a,ac,1
NC_037357.1,NC_032679.1,22654387,12586979,12586980,c,cA,1
NC_037357.1,NC_032679.1,22655905,12588498,12588499,a,at,1
NC_037357.1,NC_032679.1,22676886,12609475,12609476,T,TC,1
NC_037357.1,NC_032679.1,22676980,12609570,12609571,t,ta,1
NC_037357.1,NC_032679.1,22676987,12609578,12609579,T,TA,1
NC_037357.1,NC_032679.1,22677032,12609623,12609624,C,CA,1
NC_037357.1,NC_032679.1,22681013,12613590,12613591,t,ta,1
NC_037357.1,NC_032679.1,22681170,12613747,12613749,G,GGA,2
NC_037357.1,NC_032679.1,22681306,12613885,12613886,T,TG,1
NC_037357.1,NC_032679.1,22681359,12613938,12613939,G,GA,1
NC_037357.1,NC_032679.1,22681404,12613984,12613985,C,CT,1
NC_037357.1,NC_032679.1,22681413,12613994,12613996,A,AGG,2
NC_037357.1,NC_032679.1,22684398,12616965,12616967,c,cca,2
NC_037357.1,NC_032679.1,22685301,12617872,12617873,c,ct,1
NC_037357.1,NC_032679.1,22695919,12628488,12628489,G,GC,1
NC_037357.1,NC_032679.1,22723353,12658258,12658259,C,CT,1
NC_037357.1,NC_032679.1,22772373,12707208,12707209,A,AG,1
NC_037357.1,NC_032679.1,22772813,12707642,12707643,t,tg,1
NC_037357.1,NC_032679.1,22774085,12708911,12708912,t,tg,1
NC_037357.1,NC_032679.1,22774186,12709013,12709014,t,tc,1
NC_037357.1,NC_032679.1,22774219,12709047,12709048,t,tg,1
NC_037357.1,NC_032679.1,22774427,12709254,12709255,t,tg,1
NC_037357.1,NC_032679.1,22774631,12709457,12709458,G,GA,1
NC_037357.1,NC_032679.1,22775282,12710107,12710108,A,AC,1
NC_037357.1,NC_032679.1,22775295,12710121,12710122,C,CT,1
NC_037357.1,NC_032679.1,22775305,12710132,12710133,G,GA,1
NC_037357.1,NC_032679.1,22775689,12710516,12710517,G,GA,1
NC_037357.1,NC_032679.1,22971810,12981719,12981720,T,TG,1
NC_037357.1,NC_032679.1,22972758,12982663,12982664,g,ga,1
NC_037357.1,NC_032679.1,22972805,12982709,12982710,a,ac,1
NC_037357.1,NC_032679.1,22973729,12983630,12983631,T,TC,1
NC_037357.1,NC_032679.1,22974152,12984081,12984082,t,tc,1
NC_037357.1,NC_032679.1,22988873,12998804,12998805,T,TC,1
NC_037357.1,NC_032679.1,22989450,12999378,12999380,t,ttc,2
NC_037357.1,NC_032679.1,22989783,12999709,12999710,t,tc,1
NC_037357.1,NC_032679.1,22989842,12999769,12999771,t,ttc,2
NC_037357.1,NC_032679.1,22990067,12999994,12999995,g,ga,1
NC_037357.1,NC_032679.1,22990925,13000852,13000853,C,CA,1
NC_037357.1,NC_032679.1,22990972,13000901,13000902,g,ga,1
NC_037357.1,NC_032679.1,22991023,13000952,13000953,t,tc,1
NC_037357.1,NC_032679.1,22991263,13001191,13001192,A,AT,1
NC_037357.1,NC_032679.1,22991337,13001266,13001267,A,AT,1
NC_037357.1,NC_032679.1,22991360,13001290,13001291,C,CA,1
NC_037357.1,NC_032679.1,22992222,13002146,13002147,T,TC,1
NC_037357.1,NC_032679.1,22992255,13002179,13002180,C,CA,1
NC_037357.1,NC_032679.1,22992619,13002545,13002546,A,AG,1
NC_037357.1,NC_032679.1,22993864,13003783,13003784,A,AG,1
NC_037357.1,NC_032679.1,23076115,13085986,13085988,g,gga,2
NC_037357.1,NC_032679.1,23078070,13087945,13087946,a,ac,1
NC_037357.1,NC_032679.1,23079055,13088932,13088933,T,TA,1
NC_037357.1,NC_032679.1,23079976,13089850,13089851,T,TC,1
NC_037357.1,NC_032679.1,23080222,13090091,13090092,t,tc,1
NC_037357.1,NC_032679.1,23080491,13090360,13090361,c,ca,1
NC_037357.1,NC_032679.1,23080577,13090445,13090446,a,ac,1
NC_037357.1,NC_032679.1,23081714,13091575,13091576,T,TC,1
NC_037357.1,NC_032679.1,23083666,13093522,13093523,g,ga,1
NC_037357.1,NC_032679.1,23083893,13093748,13093749,g,gt,1
NC_037357.1,NC_032679.1,23083912,13093768,13093769,t,tg,1
NC_037357.1,NC_032679.1,23084220,13094077,13094078,T,TC,1
NC_037357.1,NC_032679.1,23084283,13094138,13094139,C,CT,1
NC_037357.1,NC_032679.1,23084467,13094321,13094322,A,AC,1
NC_037357.1,NC_032679.1,23087831,13097685,13097686,G,GA,1
NC_037357.1,NC_032679.1,23089599,13099444,13099445,a,at,1
NC_037357.1,NC_032679.1,23089725,13099570,13099571,g,gA,1
NC_037357.1,NC_032679.1,23089860,13099706,13099707,A,AG,1
NC_037357.1,NC_032679.1,23120921,13130726,13130727,c,ca,1
NC_037357.1,NC_032679.1,23136650,13146455,13146456,A,AC,1
NC_037357.1,NC_032679.1,23139938,13149738,13149740,A,AAG,2
NC_037357.1,NC_032679.1,23139950,13149752,13149753,C,CT,1
NC_037357.1,NC_032679.1,23147110,13156893,13156894,c,ct,1
NC_037357.1,NC_032679.1,23147466,13157246,13157247,g,gt,1
NC_037357.1,NC_032679.1,23148285,13158064,13158065,g,gc,1
NC_037357.1,NC_032679.1,23148422,13158202,13158203,G,GT,1
NC_037357.1,NC_032679.1,23148783,13158558,13158559,A,AT,1
NC_037357.1,NC_032679.1,23149502,13159276,13159277,C,CT,1
NC_037357.1,NC_032679.1,23196651,13206441,13206442,C,CA,1
NC_037357.1,NC_032679.1,23196684,13206475,13206476,A,AC,1
NC_037357.1,NC_032679.1,23196713,13206504,13206505,G,GA,1
NC_037357.1,NC_032679.1,23874387,13360748,13360749,a,at,1
NC_037357.1,NC_032679.1,23874494,13360856,13360857,G,GA,1
NC_037357.1,NC_032679.1,23874629,13360993,13360994,t,tc,1
NC_037357.1,NC_032679.1,23874796,13361163,13361164,c,ct,1
NC_037357.1,NC_032679.1,23874815,13361183,13361184,A,AT,1
NC_037357.1,NC_032679.1,23876473,13362842,13362843,A,AG,1
NC_037357.1,NC_032679.1,23876475,13362845,13362846,C,CT,1
NC_037357.1,NC_032679.1,23876488,13362859,13362860,T,TG,1
NC_037357.1,NC_032679.1,23876696,13363067,13363068,A,AC,1
NC_037357.1,NC_032679.1,23878315,13364672,13364673,c,ct,1
NC_037357.1,NC_032679.1,23878456,13364815,13364816,g,gt,1
NC_037357.1,NC_032679.1,23879697,13366045,13366046,c,ca,1
NC_037357.1,NC_032679.1,23880244,13366587,13366588,c,ct,1
NC_037357.1,NC_032679.1,23880280,13366621,13366622,t,tg,1
NC_037357.1,NC_032679.1,23880283,13366625,13366626,g,gt,1
NC_037357.1,NC_032679.1,23881865,13368171,13368172,g,ga,1
NC_037357.1,NC_032679.1,23882149,13368456,13368457,c,ca,1
NC_037357.1,NC_032679.1,23882347,13368657,13368658,a,ag,1
NC_037357.1,NC_032679.1,23882409,13368719,13368720,t,tg,1
NC_037357.1,NC_032679.1,23882482,13368792,13368793,a,ag,1
NC_037357.1,NC_032679.1,23882510,13368821,13368822,a,at,1
NC_037357.1,NC_032679.1,23882549,13368861,13368862,t,ta,1
NC_037357.1,NC_032679.1,23882567,13368880,13368881,t,tc,1
NC_037357.1,NC_032679.1,23882574,13368888,13368889,c,ca,1
NC_037357.1,NC_032679.1,23882609,13368924,13368925,c,ca,1
NC_037357.1,NC_032679.1,23882625,13368941,13368942,g,gc,1
NC_037357.1,NC_032679.1,23883936,13370107,13370108,t,ta,1
NC_037357.1,NC_032679.1,23884286,13370456,13370457,A,AG,1
NC_037357.1,NC_032679.1,23884313,13370484,13370486,C,CCA,2
NC_037357.1,NC_032679.1,23886962,13373138,13373139,g,ga,1
NC_037357.1,NC_032679.1,23887642,13373819,13373820,a,at,1
NC_037357.1,NC_032679.1,23894638,13380832,13380834,a,att,2
NC_037357.1,NC_032679.1,23894655,13380851,13380852,C,CT,1
NC_037357.1,NC_032679.1,23894825,13381023,13381024,T,TG,1
NC_037357.1,NC_032679.1,23894857,13381056,13381057,G,GC,1
NC_037357.1,NC_032679.1,23895243,13381439,13381440,T,TA,1
NC_037357.1,NC_032679.1,23896296,13382487,13382488,C,CT,1
NC_037357.1,NC_032679.1,23919596,13405784,13405785,G,GA,1
NC_037357.1,NC_032679.1,23919872,13406059,13406060,c,ct,1
NC_037357.1,NC_032679.1,23924058,13410219,13410220,A,AG,1
NC_037357.1,NC_032679.1,23924576,13410744,13410745,a,at,1
NC_037357.1,NC_032679.1,23924584,13410753,13410754,a,at,1
NC_037357.1,NC_032679.1,23924593,13410763,13410764,t,tc,1
NC_037357.1,NC_032679.1,23924649,13410819,13410820,T,TC,1
NC_037357.1,NC_032679.1,23925029,13411199,13411201,g,ggc,2
NC_037357.1,NC_032679.1,23925053,13411225,13411226,a,ac,1
NC_037357.1,NC_032679.1,23925092,13411265,13411266,c,ca,1
NC_037357.1,NC_032679.1,23925107,13411281,13411282,G,GT,1
NC_037357.1,NC_032679.1,23925127,13411302,13411303,T,TC,1
NC_037357.1,NC_032679.1,23925178,13411355,13411356,a,at,1
NC_037357.1,NC_032679.1,23926247,13412426,13412427,A,AT,1
NC_037357.1,NC_032679.1,23926590,13412771,13412772,A,AT,1
NC_037357.1,NC_032679.1,23926671,13412854,13412855,T,TC,1
NC_037357.1,NC_032679.1,23926737,13412921,13412922,a,at,1
NC_037357.1,NC_032679.1,23926797,13412982,13412983,a,at,1
NC_037357.1,NC_032679.1,23926835,13413020,13413021,A,AC,1
NC_037357.1,NC_032679.1,23927244,13413431,13413432,A,AG,1
NC_037357.1,NC_032679.1,23927390,13413573,13413574,T,TA,1
NC_037357.1,NC_032679.1,23927541,13413727,13413728,t,ta,1
NC_037357.1,NC_032679.1,23928523,13414710,13414712,g,gtc,2
NC_037357.1,NC_032679.1,23928572,13414761,13414762,a,ag,1
NC_037357.1,NC_032679.1,23928900,13415094,13415095,a,ac,1
NC_037357.1,NC_032679.1,23929144,13415339,13415340,a,ac,1
NC_037357.1,NC_032679.1,23929325,13415518,13415520,c,cat,2
NC_037357.1,NC_032679.1,23929388,13415583,13415584,t,tc,1
NC_037357.1,NC_032679.1,23929445,13415640,13415641,a,ag,1
NC_037357.1,NC_032679.1,23929488,13415684,13415685,a,ac,1
NC_037357.1,NC_032679.1,23929647,13415842,13415843,g,gc,1
NC_037357.1,NC_032679.1,23931503,13417702,13417703,g,ga,1
NC_037357.1,NC_032679.1,23933632,13419827,13419828,A,AC,1
NC_037357.1,NC_032679.1,23933983,13420173,13420174,A,AC,1
NC_037357.1,NC_032679.1,23934515,13420706,13420707,c,ca,1
NC_037357.1,NC_032679.1,23938769,13424947,13424948,G,GT,1
NC_037357.1,NC_032679.1,23939941,13426119,13426120,T,TA,1
NC_037357.1,NC_032679.1,23941876,13428053,13428054,c,ca,1
NC_037357.1,NC_032679.1,23941909,13428087,13428088,a,at,1
NC_037357.1,NC_032679.1,23942338,13428516,13428517,a,at,1
NC_037357.1,NC_032679.1,23942368,13428547,13428548,g,gt,1
NC_037357.1,NC_032679.1,23942844,13429021,13429022,c,ct,1
NC_037357.1,NC_032679.1,23943509,13429686,13429687,t,ta,1
NC_037357.1,NC_032679.1,23944017,13430193,13430194,c,ca,1
NC_037357.1,NC_032679.1,23944073,13430250,13430251,c,ct,1
NC_037357.1,NC_032679.1,23945646,13431817,13431819,T,TNN,2
NC_037357.1,NC_032679.1,23946595,13432760,13432761,t,tc,1
NC_037357.1,NC_032679.1,23946721,13432886,13432887,a,ag,1
NC_037357.1,NC_032679.1,23947439,13433601,13433602,a,ag,1
NC_037357.1,NC_032679.1,23948008,13434170,13434171,A,AG,1
NC_037357.1,NC_032679.1,23948545,13434698,13434699,c,ct,1
NC_037357.1,NC_032679.1,23948643,13434794,13434795,c,ct,1
NC_037357.1,NC_032679.1,23948984,13435131,13435132,a,at,1
NC_037357.1,NC_032679.1,23949247,13435391,13435392,c,ca,1
NC_037357.1,NC_032679.1,23949422,13435569,13435570,g,gt,1
NC_037357.1,NC_032679.1,23950110,13436249,13436250,c,ca,1
NC_037357.1,NC_032679.1,23950263,13436399,13436400,C,CT,1
NC_037357.1,NC_032679.1,23950354,13436489,13436490,c,ct,1
NC_037357.1,NC_032679.1,23950390,13436525,13436526,g,gt,1
NC_037357.1,NC_032679.1,23950776,13436908,13436909,t,ta,1
NC_037357.1,NC_032679.1,23950790,13436922,13436923,a,ag,1
NC_037357.1,NC_032679.1,23950811,13436943,13436944,t,tc,1
NC_037357.1,NC_032679.1,23951539,13437658,13437659,t,tg,1
NC_037357.1,NC_032679.1,23951568,13437687,13437688,t,ta,1
NC_037357.1,NC_032679.1,23951589,13437709,13437710,c,ct,1
NC_037357.1,NC_032679.1,23951991,13438111,13438112,g,gt,1
NC_037357.1,NC_032679.1,23952099,13438218,13438219,a,ag,1
NC_037357.1,NC_032679.1,23953232,13439346,13439347,c,ct,1
NC_037357.1,NC_032679.1,23954204,13440315,13440316,a,at,1
NC_037357.1,NC_032679.1,23954478,13440587,13440588,c,ct,1
NC_037357.1,NC_032679.1,23956186,13442292,13442296,t,tataN,4
NC_037357.1,NC_032679.1,23958660,13444758,13444759,c,ct,1
NC_037357.1,NC_032679.1,23959598,13445703,13445705,t,ttg,2
NC_037357.1,NC_032679.1,23959677,13445784,13445785,g,ga,1
NC_037357.1,NC_032679.1,23959696,13445804,13445805,G,GA,1
NC_037357.1,NC_032679.1,23960712,13446820,13446821,T,TA,1
NC_037357.1,NC_032679.1,23960740,13446849,13446850,A,AG,1
NC_037357.1,NC_032679.1,23960811,13446920,13446921,A,AT,1
NC_037357.1,NC_032679.1,23961092,13447202,13447203,g,gc,1
NC_037357.1,NC_032679.1,23961256,13447369,13447370,c,ct,1
NC_037357.1,NC_032679.1,23961427,13447541,13447542,A,AT,1
NC_037357.1,NC_032679.1,23961736,13447850,13447851,A,AT,1
NC_037357.1,NC_032679.1,23962879,13448987,13448988,T,TG,1
NC_037357.1,NC_032679.1,23969701,13455414,13455415,A,AG,1
NC_037357.1,NC_032679.1,24018272,13559560,13559561,a,ac,1
NC_037357.1,NC_032679.1,24018375,13559663,13559664,g,ga,1
NC_037357.1,NC_032679.1,24019521,13560811,13560813,G,GTA,2
NC_037357.1,NC_032679.1,24020021,13561312,13561313,t,tc,1
NC_037357.1,NC_032679.1,24020159,13561451,13561452,a,ac,1
NC_037357.1,NC_032679.1,24020949,13562244,13562245,a,ag,1
NC_037357.1,NC_032679.1,24035582,13576882,13576883,C,CT,1
NC_037357.1,NC_032679.1,24035892,13577193,13577194,C,CT,1
NC_037357.1,NC_032679.1,24036084,13577384,13577386,C,CCA,2
NC_037357.1,NC_032679.1,24036848,13578149,13578150,c,ca,1
NC_037357.1,NC_032679.1,24036884,13578186,13578187,a,at,1
NC_037357.1,NC_032679.1,24039207,13580509,13580510,A,AT,1
NC_037357.1,NC_032679.1,24042954,13584254,13584255,T,TG,1
NC_037357.1,NC_032679.1,24042968,13584269,13584270,T,TC,1
NC_037357.1,NC_032679.1,24043280,13584582,13584583,T,TC,1
NC_037357.1,NC_032679.1,24043631,13584935,13584937,A,AAC,2
NC_037357.1,NC_032679.1,24044391,13585687,13585688,A,AC,1
NC_037357.1,NC_032679.1,24047469,13588913,13588914,g,ga,1
NC_037357.1,NC_032679.1,24077705,13619165,13619166,A,AC,1
NC_037357.1,NC_032679.1,24078024,13619487,13619489,A,AAT,2
NC_037357.1,NC_032679.1,24078597,13620062,13620063,c,ca,1
NC_037357.1,NC_032679.1,24078617,13620083,13620084,c,ca,1
NC_037357.1,NC_032679.1,24078652,13620120,13620121,g,ga,1
NC_037357.1,NC_032679.1,24078707,13620176,13620177,a,ag,1
NC_037357.1,NC_032679.1,24078742,13620212,13620213,g,gc,1
NC_037357.1,NC_032679.1,24078754,13620225,13620226,c,ca,1
NC_037357.1,NC_032679.1,24078759,13620231,13620232,c,ct,1
NC_037357.1,NC_032679.1,24078910,13620383,13620385,t,tta,2
NC_037357.1,NC_032679.1,24079839,13621316,13621317,a,at,1
NC_037357.1,NC_032679.1,24080744,13622220,13622221,A,AC,1
NC_037357.1,NC_032679.1,24080935,13622415,13622416,A,AG,1
NC_037357.1,NC_032679.1,24082560,13624040,13624041,C,CT,1
NC_037357.1,NC_032679.1,24084267,13625757,13625758,A,AT,1
NC_037357.1,NC_032679.1,24084574,13626065,13626067,T,TTC,2
NC_037357.1,NC_032679.1,24085568,13627061,13627063,C,CCG,2
NC_037357.1,NC_032679.1,24085717,13627212,13627213,C,CG,1
NC_037357.1,NC_032679.1,24110674,13652135,13652136,G,GA,1
NC_037357.1,NC_032679.1,24116050,13657511,13657512,A,AC,1
NC_037357.1,NC_032679.1,24117523,13658980,13658981,C,CA,1
NC_037357.1,NC_032679.1,24118212,13659666,13659667,T,TG,1
NC_037357.1,NC_032679.1,24119209,13660654,13660655,t,tc,1
NC_037357.1,NC_032679.1,24119271,13660716,13660717,c,ct,1
NC_037357.1,NC_032679.1,24119281,13660727,13660728,g,ga,1
NC_037357.1,NC_032679.1,24119399,13660843,13660844,C,CA,1
NC_037357.1,NC_032679.1,24121375,13662574,13662575,A,AT,1
NC_037357.1,NC_032679.1,24121379,13662579,13662580,C,CA,1
NC_037357.1,NC_032679.1,24121563,13662763,13662764,g,gt,1
NC_037357.1,NC_032679.1,24121837,13663034,13663035,G,GT,1
NC_037357.1,NC_032679.1,24132342,13674388,13674389,t,tc,1
NC_037357.1,NC_032679.1,24132418,13674465,13674466,a,ag,1
NC_037357.1,NC_032679.1,24168200,13710244,13710245,C,CT,1
NC_037357.1,NC_032679.1,24169049,13711092,13711093,A,AC,1
NC_037357.1,NC_032679.1,24172058,13714077,13714078,c,ct,1
NC_037357.1,NC_032679.1,24173589,13715595,13715596,A,AT,1
NC_037357.1,NC_032679.1,24177860,13719857,13719858,A,AT,1
NC_037357.1,NC_032679.1,24178109,13720106,13720107,a,at,1
NC_037357.1,NC_032679.1,24178853,13720850,13720852,C,CCA,2
NC_037357.1,NC_032679.1,24182123,13724111,13724113,A,AAT,2
NC_037357.1,NC_032679.1,24183313,13725283,13725284,A,AC,1
NC_037357.1,NC_032679.1,24183321,13725292,13725293,A,AC,1
NC_037357.1,NC_032679.1,24183474,13725445,13725446,C,CT,1
NC_037357.1,NC_032679.1,24183735,13725706,13725707,G,GC,1
NC_037357.1,NC_032679.1,24185458,13727425,13727426,A,AC,1
NC_037357.1,NC_032679.1,24198437,13739964,13739965,T,TC,1
NC_037357.1,NC_032679.1,24198482,13740011,13740012,G,GT,1
NC_037357.1,NC_032679.1,24243196,13783108,13783109,C,CT,1
NC_037357.1,NC_032679.1,24243794,13783706,13783708,g,gca,2
NC_037357.1,NC_032679.1,24243870,13783784,13783785,G,GC,1
NC_037357.1,NC_032679.1,24256830,13796693,13796694,T,TC,1
NC_037357.1,NC_032679.1,24256882,13796746,13796747,A,AG,1
NC_037357.1,NC_032679.1,24256923,13796787,13796788,A,AC,1
NC_037357.1,NC_032679.1,24258038,13797895,13797896,A,AG,1
NC_037357.1,NC_032679.1,24262338,13802190,13802191,C,CA,1
NC_037357.1,NC_032679.1,24284321,13825716,13825717,T,TC,1
NC_037357.1,NC_032679.1,24285448,13826839,13826841,T,TTG,2
NC_037357.1,NC_032679.1,24286832,13828227,13828228,G,GA,1
NC_037357.1,NC_032679.1,24288403,13829797,13829798,G,GC,1
NC_037357.1,NC_032679.1,24289151,13830542,13830543,t,tc,1
NC_037357.1,NC_032679.1,24295921,13837317,13837318,g,gc,1
NC_037357.1,NC_032679.1,24297188,13838585,13838586,T,TA,1
NC_037357.1,NC_032679.1,24352484,13895449,13895450,t,ta,1
NC_037357.1,NC_032679.1,24355777,13898745,13898746,T,TA,1
NC_037357.1,NC_032679.1,24358155,13901116,13901117,a,ag,1
NC_037357.1,NC_032679.1,24358229,13901191,13901192,t,tc,1
NC_037357.1,NC_032679.1,24358238,13901201,13901202,a,ac,1
NC_037357.1,NC_032679.1,24358274,13901238,13901239,t,tc,1
NC_037357.1,NC_032679.1,24358423,13901387,13901388,g,gC,1
NC_037357.1,NC_032679.1,24358602,13901572,13901573,T,TC,1
NC_037357.1,NC_032679.1,24358663,13901633,13901634,a,at,1
NC_037357.1,NC_032679.1,24359339,13902312,13902313,G,GA,1
NC_037357.1,NC_032679.1,24359343,13902317,13902318,G,GA,1
NC_037357.1,NC_032679.1,24359591,13902567,13902568,c,ca,1
NC_037357.1,NC_032679.1,24359625,13902602,13902603,G,GA,1
NC_037357.1,NC_032679.1,24360694,13903668,13903669,a,ac,1
NC_037357.1,NC_032679.1,24360703,13903678,13903679,t,tg,1
NC_037357.1,NC_032679.1,24360718,13903694,13903696,g,gga,2
NC_037357.1,NC_032679.1,24360754,13903732,13903734,g,gga,2
NC_037357.1,NC_032679.1,24365238,13908201,13908202,c,ca,1
NC_037357.1,NC_032679.1,24366390,13909351,13909352,G,GA,1
NC_037357.1,NC_032679.1,24366487,13909450,13909451,G,GT,1
NC_037357.1,NC_032679.1,24367061,13910022,13910023,G,GC,1
NC_037357.1,NC_032679.1,24367998,13910957,13910958,T,TG,1
NC_037357.1,NC_032679.1,24368765,13911726,13911727,a,aT,1
NC_037357.1,NC_032679.1,24369483,13912444,13912445,t,ta,1
NC_037357.1,NC_032679.1,24369546,13912508,13912509,T,TA,1
NC_037357.1,NC_032679.1,24371628,13914584,13914585,g,ga,1
NC_037357.1,NC_032679.1,24371656,13914613,13914614,g,ga,1
NC_037357.1,NC_032679.1,24372873,13915830,13915831,T,TA,1
NC_037357.1,NC_032679.1,24372895,13915853,13915855,A,AAG,2
NC_037357.1,NC_032679.1,24372921,13915881,13915882,T,TA,1
NC_037357.1,NC_032679.1,24373132,13916094,13916095,C,CA,1
NC_037357.1,NC_032679.1,24373242,13916205,13916206,C,CT,1
NC_037357.1,NC_032679.1,24373994,13916958,13916959,A,AC,1
NC_037357.1,NC_032679.1,24374053,13917017,13917018,A,AG,1
NC_037357.1,NC_032679.1,24374061,13917026,13917027,T,TG,1
NC_037357.1,NC_032679.1,24374903,13917864,13917865,a,ac,1
NC_037357.1,NC_032679.1,24383102,13926058,13926059,g,ga,1
NC_037357.1,NC_032679.1,24383161,13926118,13926121,c,caga,3
NC_037357.1,NC_032679.1,24384253,13927196,13927197,t,ta,1
NC_037357.1,NC_032679.1,24384290,13927234,13927235,a,ac,1
NC_037357.1,NC_032679.1,24384554,13927498,13927499,t,tc,1
NC_037357.1,NC_032679.1,24384614,13927558,13927559,g,ga,1
NC_037357.1,NC_032679.1,24385149,13928091,13928094,t,taaa,3
NC_037357.1,NC_032679.1,24385163,13928108,13928109,a,aW,1
NC_037357.1,NC_032679.1,24385806,13928749,13928751,T,TCA,2
NC_037357.1,NC_032679.1,24385817,13928762,13928763,T,TG,1
NC_037357.1,NC_032679.1,24385825,13928771,13928772,G,GA,1
NC_037357.1,NC_032679.1,24385921,13928868,13928869,A,AT,1
NC_037357.1,NC_032679.1,24386024,13928970,13928971,A,AT,1
NC_037357.1,NC_032679.1,24386243,13929189,13929190,C,CA,1
NC_037357.1,NC_032679.1,24386335,13929281,13929282,a,at,1
NC_037357.1,NC_032679.1,24386508,13929455,13929456,G,GA,1
NC_037357.1,NC_032679.1,24386561,13929509,13929511,A,AAT,2
NC_037357.1,NC_032679.1,24387277,13930225,13930227,a,aat,2
NC_037357.1,NC_032679.1,24388771,13931709,13931710,T,TC,1
NC_037357.1,NC_032679.1,24389072,13932010,13932011,t,tc,1
NC_037357.1,NC_032679.1,24390162,13933090,13933091,T,TA,1
NC_037357.1,NC_032679.1,24390584,13933515,13933516,T,TA,1
NC_037357.1,NC_032679.1,24390597,13933529,13933530,G,GT,1
NC_037357.1,NC_032679.1,24391475,13934402,13934403,t,tg,1
NC_037357.1,NC_032679.1,24391584,13934513,13934515,t,taa,2
NC_037357.1,NC_032679.1,24391771,13934701,13934702,G,GT,1
NC_037357.1,NC_032679.1,24391781,13934712,13934713,A,AT,1
NC_037357.1,NC_032679.1,24391981,13934912,13934913,A,AT,1
NC_037357.1,NC_032679.1,24392106,13935038,13935039,A,AG,1
NC_037357.1,NC_032679.1,24394322,13937250,13937251,T,TA,1
NC_037357.1,NC_032679.1,24394635,13937562,13937563,t,tc,1
NC_037357.1,NC_032679.1,24395207,13938134,13938135,A,AG,1
NC_037357.1,NC_032679.1,24399317,13942237,13942238,A,AG,1
NC_037357.1,NC_032679.1,24400865,13943796,13943797,a,ag,1
NC_037357.1,NC_032679.1,24400907,13943839,13943840,g,ga,1
NC_037357.1,NC_032679.1,24401046,13943976,13943977,a,ag,1
NC_037357.1,NC_032679.1,24401120,13944051,13944052,a,ag,1
NC_037357.1,NC_032679.1,24401216,13944148,13944149,g,ga,1
NC_037357.1,NC_032679.1,24402099,13945038,13945039,g,ga,1
NC_037357.1,NC_032679.1,24402425,13945367,13945368,a,ag,1
NC_037357.1,NC_032679.1,24402554,13945499,13945500,a,ag,1
NC_037357.1,NC_032679.1,24429961,13969945,13969946,a,at,1
NC_037357.1,NC_032679.1,24441264,13981260,13981261,A,AC,1
NC_037357.1,NC_032679.1,24442206,13982203,13982204,c,ct,1
NC_037357.1,NC_032679.1,24445904,13985869,13985870,g,gc,1
NC_037357.1,NC_032679.1,24526522,14067867,14067868,T,TA,1
NC_037357.1,NC_032679.1,24526565,14067910,14067911,A,AT,1
NC_037357.1,NC_032679.1,24527936,14069285,14069286,A,AT,1
NC_037357.1,NC_032679.1,24528361,14069710,14069711,G,GA,1
NC_037357.1,NC_032679.1,24528412,14069763,14069764,T,TC,1
NC_037357.1,NC_032679.1,24528568,14069920,14069921,T,TA,1
NC_037357.1,NC_032679.1,24528845,14070200,14070201,T,TA,1
NC_037357.1,NC_032679.1,24529216,14070565,14070566,t,tc,1
NC_037357.1,NC_032679.1,24530163,14071512,14071513,C,CT,1
NC_037357.1,NC_032679.1,24530273,14071622,14071623,T,TC,1
NC_037357.1,NC_032679.1,24531252,14072602,14072603,G,GT,1
NC_037357.1,NC_032679.1,24531301,14072652,14072653,G,GT,1
NC_037357.1,NC_032679.1,24531417,14072769,14072770,a,at,1
NC_037357.1,NC_032679.1,24531863,14073211,14073212,T,TC,1
NC_037357.1,NC_032679.1,24531875,14073224,14073225,C,CT,1
NC_037357.1,NC_032679.1,24531922,14073271,14073272,G,GT,1
NC_037357.1,NC_032679.1,24534302,14075625,14075626,G,GA,1
NC_037357.1,NC_032679.1,24534798,14076116,14076117,a,ag,1
NC_037357.1,NC_032679.1,24534802,14076121,14076122,g,gc,1
NC_037357.1,NC_032679.1,24534815,14076135,14076136,g,ga,1
NC_037357.1,NC_032679.1,24535069,14076387,14076388,t,tg,1
NC_037357.1,NC_032679.1,24535335,14076651,14076652,c,ct,1
NC_037357.1,NC_032679.1,24535400,14076716,14076717,t,tc,1
NC_037357.1,NC_032679.1,24535957,14077268,14077269,t,tg,1
NC_037357.1,NC_032679.1,24536111,14077422,14077423,g,gc,1
NC_037357.1,NC_032679.1,24536666,14077971,14077972,c,ct,1
NC_037357.1,NC_032679.1,24536866,14078168,14078169,c,ct,1
NC_037357.1,NC_032679.1,24536945,14078246,14078247,a,ag,1
NC_037357.1,NC_032679.1,24537011,14078311,14078313,a,aat,2
NC_037357.1,NC_032679.1,24537040,14078342,14078343,g,gt,1
NC_037357.1,NC_032679.1,24538140,14079434,14079435,t,tc,1
NC_037357.1,NC_032679.1,24542081,14083361,14083362,g,ga,1
NC_037357.1,NC_032679.1,24542109,14083390,14083391,g,ga,1
NC_037357.1,NC_032679.1,24543341,14084619,14084622,a,aaag,3
NC_037357.1,NC_032679.1,24545045,14086326,14086327,a,ac,1
NC_037357.1,NC_032679.1,24547842,14089071,14089072,t,tc,1
NC_037357.1,NC_032679.1,24548862,14090088,14090089,a,ac,1
NC_037357.1,NC_032679.1,24549317,14090544,14090545,T,TG,1
NC_037357.1,NC_032679.1,24550030,14091256,14091257,a,at,1
NC_037357.1,NC_032679.1,24550061,14091287,14091288,g,ga,1
NC_037357.1,NC_032679.1,24550776,14091998,14091999,t,ta,1
NC_037357.1,NC_032679.1,24550898,14092119,14092120,c,ct,1
NC_037357.1,NC_032679.1,24551054,14092275,14092276,T,TC,1
NC_037357.1,NC_032679.1,24554833,14096047,14096048,A,AT,1
NC_037357.1,NC_032679.1,24558844,14100053,14100054,c,ct,1
NC_037357.1,NC_032679.1,24613613,14154836,14154837,A,AT,1
NC_037357.1,NC_032679.1,24734779,14362732,14362733,G,GA,1
NC_037357.1,NC_032679.1,24743360,14371300,14371301,G,GC,1
NC_037357.1,NC_032679.1,24748839,14376773,14376774,A,AT,1
NC_037357.1,NC_032679.1,24749677,14377610,14377611,c,ca,1
NC_037357.1,NC_032679.1,24755386,14383607,14383608,C,CA,1
NC_037357.1,NC_032679.1,24766053,14394268,14394269,c,ct,1
NC_037357.1,NC_032679.1,24766453,14394663,14394664,c,ct,1
NC_037357.1,NC_032679.1,24767867,14396076,14396077,t,tc,1
NC_037357.1,NC_032679.1,24774595,14402797,14402798,C,CT,1
NC_037357.1,NC_032679.1,24776320,14404527,14404528,t,tc,1
NC_037357.1,NC_032679.1,24779921,14408117,14408118,t,ta,1
NC_037357.1,NC_032679.1,24780367,14408562,14408563,g,gt,1
NC_037357.1,NC_032679.1,24785130,14413303,14413304,C,CA,1
NC_037357.1,NC_032679.1,24785138,14413312,14413313,G,GA,1
NC_037357.1,NC_032679.1,24788335,14416503,14416504,C,CT,1
NC_037357.1,NC_032679.1,24788497,14416665,14416666,a,at,1
NC_037357.1,NC_032679.1,24788521,14416690,14416691,g,ga,1
NC_037357.1,NC_032679.1,24788963,14417124,14417125,T,TA,1
NC_037357.1,NC_032679.1,24789890,14418043,14418044,G,GA,1
NC_037357.1,NC_032679.1,24790141,14418290,14418291,c,ca,1
NC_037357.1,NC_032679.1,24790171,14418321,14418322,t,tc,1
NC_037357.1,NC_032679.1,24790836,14418978,14418979,A,AT,1
NC_037357.1,NC_032679.1,24792107,14420243,14420244,C,CA,1
NC_037357.1,NC_032679.1,24795993,14424128,14424129,C,CT,1
NC_037357.1,NC_032679.1,24797590,14425725,14425727,a,aag,2
NC_037357.1,NC_032679.1,24799459,14427591,14427592,a,ag,1
NC_037357.1,NC_032679.1,24799775,14427901,14427902,C,CG,1
NC_037357.1,NC_032679.1,24800828,14428954,14428956,c,cct,2
NC_037357.1,NC_032679.1,24800859,14428985,14428986,g,gt,1
NC_037357.1,NC_032679.1,24800950,14429076,14429077,a,at,1
NC_037357.1,NC_032679.1,24800986,14429113,14429114,c,ct,1
NC_037357.1,NC_032679.1,24801114,14429242,14429243,t,tc,1
NC_037357.1,NC_032679.1,24801173,14429302,14429303,a,at,1
NC_037357.1,NC_032679.1,24801178,14429308,14429309,c,ct,1
NC_037357.1,NC_032679.1,24801228,14429358,14429359,T,TG,1
NC_037357.1,NC_032679.1,24801294,14429423,14429424,t,tg,1
NC_037357.1,NC_032679.1,24801312,14429442,14429443,c,ct,1
NC_037357.1,NC_032679.1,24801772,14429894,14429895,a,at,1
NC_037357.1,NC_032679.1,24802101,14430216,14430217,a,ag,1
NC_037357.1,NC_032679.1,24802567,14430677,14430678,g,ga,1
NC_037357.1,NC_032679.1,24803331,14431434,14431435,c,ct,1
NC_037357.1,NC_032679.1,24803508,14431609,14431610,a,ag,1
NC_037357.1,NC_032679.1,24803537,14431639,14431640,c,ca,1
NC_037357.1,NC_032679.1,24804897,14432984,14432985,g,ga,1
NC_037357.1,NC_032679.1,24806063,14434150,14434151,c,ca,1
NC_037357.1,NC_032679.1,24806882,14434968,14434969,c,ca,1
NC_037357.1,NC_032679.1,24806981,14435069,14435070,c,ca,1
NC_037357.1,NC_032679.1,24811310,14439391,14439392,T,TC,1
NC_037357.1,NC_032679.1,24811434,14439514,14439515,a,at,1
NC_037357.1,NC_032679.1,24811476,14439557,14439558,t,tg,1
NC_037357.1,NC_032679.1,24811663,14439743,14439744,A,AG,1
NC_037357.1,NC_032679.1,24812852,14440938,14440940,T,TTA,2
NC_037357.1,NC_032679.1,24812864,14440952,14440953,t,ta,1
NC_037357.1,NC_032679.1,24812888,14440977,14440978,c,ca,1
NC_037357.1,NC_032679.1,24813016,14441109,14441110,g,gt,1
NC_037357.1,NC_032679.1,24816606,14444683,14444684,C,CA,1
NC_037357.1,NC_032679.1,24816875,14444950,14444951,A,AG,1
NC_037357.1,NC_032679.1,24818699,14446775,14446776,T,TG,1
NC_037357.1,NC_032679.1,24820197,14448270,14448271,t,tc,1
NC_037357.1,NC_032679.1,24820310,14448382,14448383,T,TG,1
NC_037357.1,NC_032679.1,24820314,14448387,14448388,T,TA,1
NC_037357.1,NC_032679.1,24820485,14448557,14448558,T,TA,1
NC_037357.1,NC_032679.1,24820526,14448601,14448602,t,tc,1
NC_037357.1,NC_032679.1,24820548,14448625,14448626,C,CT,1
NC_037357.1,NC_032679.1,24821896,14449978,14449979,C,CT,1
NC_037357.1,NC_032679.1,24822513,14450595,14450596,C,CA,1
NC_037357.1,NC_032679.1,24822533,14450616,14450617,G,GC,1
NC_037357.1,NC_032679.1,24823119,14451203,14451204,t,tc,1
NC_037357.1,NC_032679.1,24823463,14451547,14451548,a,ac,1
NC_037357.1,NC_032679.1,24823477,14451562,14451563,g,ga,1
NC_037357.1,NC_032679.1,24823619,14451704,14451705,a,at,1
NC_037357.1,NC_032679.1,24824112,14452197,14452199,g,gga,2
NC_037357.1,NC_032679.1,24824725,14452810,14452811,t,tg,1
NC_037357.1,NC_032679.1,24832261,14460353,14460354,t,ta,1
NC_037357.1,NC_032679.1,24843707,14471803,14471805,t,ttc,2
NC_037357.1,NC_032679.1,24843968,14472065,14472066,c,ca,1
NC_037357.1,NC_032679.1,24845933,14474031,14474032,A,AT,1
NC_037357.1,NC_032679.1,24846119,14474220,14474221,A,AG,1
NC_037357.1,NC_032679.1,24846226,14474327,14474329,t,tta,2
NC_037357.1,NC_032679.1,24848330,14476430,14476432,t,tta,2
NC_037357.1,NC_032679.1,24848401,14476501,14476503,G,GGA,2
NC_037357.1,NC_032679.1,24848440,14476542,14476543,A,AG,1
NC_037357.1,NC_032679.1,24848457,14476560,14476561,T,TA,1
NC_037357.1,NC_032679.1,24849422,14477522,14477523,C,CT,1
NC_037357.1,NC_032679.1,24849690,14477792,14477793,t,ta,1
NC_037357.1,NC_032679.1,24849708,14477811,14477812,c,ca,1
NC_037357.1,NC_032679.1,24851023,14479114,14479115,a,ac,1
NC_037357.1,NC_032679.1,24851812,14479903,14479904,G,GT,1
NC_037357.1,NC_032679.1,24864894,14492960,14492961,T,TA,1
NC_037357.1,NC_032679.1,24865226,14493292,14493293,t,tc,1
NC_037357.1,NC_032679.1,24865987,14494051,14494053,t,tta,2
NC_037357.1,NC_032679.1,24866212,14494273,14494274,T,TC,1
NC_037357.1,NC_032679.1,24866253,14494315,14494316,a,ag,1
NC_037357.1,NC_032679.1,24866767,14494826,14494827,A,AC,1
NC_037357.1,NC_032679.1,24867208,14495270,14495271,a,ac,1
NC_037357.1,NC_032679.1,24868693,14496960,14496961,a,at,1
NC_037357.1,NC_032679.1,24868798,14497064,14497065,g,ga,1
NC_037357.1,NC_032679.1,24868803,14497070,14497071,t,tg,1
NC_037357.1,NC_032679.1,24868845,14497113,14497115,T,TTC,2
NC_037357.1,NC_032679.1,24868992,14497261,14497262,t,tc,1
NC_037357.1,NC_032679.1,24869072,14497340,14497341,c,ca,1
NC_037357.1,NC_032679.1,24870405,14498667,14498668,T,TA,1
NC_037357.1,NC_032679.1,24871262,14499523,14499524,T,TG,1
NC_037357.1,NC_032679.1,24871265,14499527,14499528,G,GA,1
NC_037357.1,NC_032679.1,24903959,14532224,14532226,g,gcc,2
NC_037357.1,NC_032679.1,24921398,14549667,14549668,C,CY,1
NC_037357.1,NC_032679.1,24937757,14566033,14566035,a,aat,2
NC_037357.1,NC_032679.1,24937775,14566053,14566055,a,aag,2
NC_037357.1,NC_032679.1,24939638,14567927,14567928,t,tg,1
NC_037357.1,NC_032679.1,24941180,14569466,14569467,t,tc,1
NC_037357.1,NC_032679.1,24945885,14574172,14574173,t,tc,1
NC_037357.1,NC_032679.1,24945930,14574219,14574220,c,ca,1
NC_037357.1,NC_032679.1,24955596,14583886,14583887,a,at,1
NC_037357.1,NC_032679.1,24990459,14629129,14629130,G,GC,1
NC_037357.1,NC_032679.1,24995253,14633926,14633927,C,CA,1
NC_037357.1,NC_032679.1,24995914,14634587,14634588,G,GR,1
NC_037357.1,NC_032679.1,24995996,14634669,14634670,C,CA,1
NC_037357.1,NC_032679.1,25055416,14694072,14694073,C,CT,1
NC_037357.1,NC_032679.1,25076683,14715332,14715333,T,TA,1
NC_037357.1,NC_032679.1,25077075,14715722,14715724,g,ggt,2
NC_037357.1,NC_032679.1,25077286,14715932,14715933,T,TC,1
NC_037357.1,NC_032679.1,25077555,14716199,14716200,A,AG,1
NC_037357.1,NC_032679.1,25077949,14716593,14716594,T,TA,1
NC_037357.1,NC_032679.1,25081112,14719742,14719743,g,gt,1
NC_037357.1,NC_032679.1,25081117,14719748,14719749,t,tc,1
NC_037357.1,NC_032679.1,25081682,14720312,14720313,c,ct,1
NC_037357.1,NC_032679.1,25083815,14722418,14722419,c,ct,1
NC_037357.1,NC_032679.1,25083862,14722466,14722467,c,ct,1
NC_037357.1,NC_032679.1,25084061,14722662,14722663,g,gt,1
NC_037357.1,NC_032679.1,25087921,14726510,14726512,A,AAG,2
NC_037357.1,NC_032679.1,25088491,14727080,14727081,A,AT,1
NC_037357.1,NC_032679.1,25089148,14727729,14727730,C,CA,1
NC_037357.1,NC_032679.1,25089716,14728296,14728297,C,CT,1
NC_037357.1,NC_032679.1,25090353,14728924,14728925,t,tg,1
NC_037357.1,NC_032679.1,25093922,14732483,14732484,C,CA,1
NC_037357.1,NC_032679.1,25094146,14732706,14732707,c,ca,1
NC_037357.1,NC_032679.1,25094274,14732834,14732835,a,ac,1
NC_037357.1,NC_032679.1,25094873,14733426,14733427,g,gt,1
NC_037357.1,NC_032679.1,25094938,14733491,14733492,g,ga,1
NC_037357.1,NC_032679.1,25097289,14735842,14735843,a,ag,1
NC_037357.1,NC_032679.1,25097305,14735859,14735860,g,ga,1
NC_037357.1,NC_032679.1,25097326,14735881,14735882,g,ga,1
NC_037357.1,NC_032679.1,25097372,14735928,14735930,t,taa,2
NC_037357.1,NC_032679.1,25097683,14736241,14736242,g,gc,1
NC_037357.1,NC_032679.1,25097694,14736253,14736254,g,ga,1
NC_037357.1,NC_032679.1,25097970,14736529,14736530,g,gt,1
NC_037357.1,NC_032679.1,25100541,14739101,14739102,T,TA,1
NC_037357.1,NC_032679.1,25101096,14739655,14739656,c,ct,1
NC_037357.1,NC_032679.1,25101312,14739871,14739872,T,TM,1
NC_037357.1,NC_032679.1,25103757,14742318,14742319,t,ta,1
NC_037357.1,NC_032679.1,25207768,14781979,14781980,g,ga,1
NC_037357.1,NC_032679.1,25207779,14781991,14781992,t,ta,1
NC_037357.1,NC_032679.1,25208350,14782555,14782556,t,ta,1
NC_037357.1,NC_032679.1,25208387,14782593,14782594,g,ga,1
NC_037357.1,NC_032679.1,25208877,14783077,14783078,a,ac,1
NC_037357.1,NC_032679.1,25208896,14783097,14783098,c,ca,1
NC_037357.1,NC_032679.1,25208910,14783112,14783113,c,ca,1
NC_037357.1,NC_032679.1,25209383,14783584,14783586,a,aat,2
NC_037357.1,NC_032679.1,25209604,14783805,14783807,g,gga,2
NC_037357.1,NC_032679.1,25209742,14783947,14783948,t,ta,1
NC_037357.1,NC_032679.1,25209764,14783970,14783971,a,at,1
NC_037357.1,NC_032679.1,25209983,14784192,14784193,c,ca,1
NC_037357.1,NC_032679.1,25210372,14784582,14784583,t,tc,1
NC_037357.1,NC_032679.1,25210545,14784758,14784759,g,ga,1
NC_037357.1,NC_032679.1,25210621,14784834,14784835,t,ta,1
NC_037357.1,NC_032679.1,25211319,14785540,14785541,a,ag,1
NC_037357.1,NC_032679.1,25211335,14785557,14785558,t,ta,1
NC_037357.1,NC_032679.1,25211348,14785571,14785572,a,at,1
NC_037357.1,NC_032679.1,25211406,14785629,14785630,t,ta,1
NC_037357.1,NC_032679.1,25212801,14787018,14787020,T,TCA,2
NC_037357.1,NC_032679.1,25212851,14787068,14787069,A,AT,1
NC_037357.1,NC_032679.1,25212917,14787136,14787137,C,CA,1
NC_037357.1,NC_032679.1,25213621,14787836,14787837,G,GT,1
NC_037357.1,NC_032679.1,25218358,14792554,14792555,C,CA,1
NC_037357.1,NC_032679.1,25594046,14852162,14852163,G,GA,1
NC_037357.1,NC_032679.1,25610731,14868834,14868835,T,TG,1
NC_037357.1,NC_032679.1,25612758,14870840,14870841,T,TG,1
NC_037357.1,NC_032679.1,25613362,14871438,14871439,g,ga,1
NC_037357.1,NC_032679.1,25616273,14874348,14874349,c,ct,1
NC_037357.1,NC_032679.1,25626196,14884159,14884160,a,aN,1
NC_037357.1,NC_032679.1,25638946,14896970,14896971,C,CT,1
NC_037357.1,NC_032679.1,25642502,14900530,14900531,G,GA,1
NC_037357.1,NC_032679.1,25642995,14901023,14901024,A,AT,1
NC_037357.1,NC_032679.1,25643390,14901417,14901418,a,ac,1
NC_037357.1,NC_032679.1,25643475,14901503,14901504,g,gc,1
NC_037357.1,NC_032679.1,25643554,14901583,14901584,a,ag,1
NC_037357.1,NC_032679.1,25644163,14902194,14902196,T,TTA,2
NC_037357.1,NC_032679.1,25644423,14902457,14902458,C,CA,1
NC_037357.1,NC_032679.1,25644439,14902474,14902475,T,TC,1
NC_037357.1,NC_032679.1,25644757,14902796,14902797,g,gt,1
NC_037357.1,NC_032679.1,25649875,14907913,14907914,t,tg,1
NC_037357.1,NC_032679.1,25650498,14908530,14908531,a,at,1
NC_037357.1,NC_032679.1,25650527,14908560,14908561,g,ga,1
NC_037357.1,NC_032679.1,25650537,14908571,14908572,g,gc,1
NC_037357.1,NC_032679.1,25650557,14908592,14908593,c,ca,1
NC_037357.1,NC_032679.1,25650672,14908708,14908709,t,tc,1
NC_037357.1,NC_032679.1,25650691,14908728,14908729,t,tc,1
NC_037357.1,NC_032679.1,25650707,14908745,14908746,g,ga,1
NC_037357.1,NC_032679.1,25650721,14908760,14908761,t,tg,1
NC_037357.1,NC_032679.1,25650731,14908771,14908772,t,tg,1
NC_037357.1,NC_032679.1,25650755,14908796,14908797,a,at,1
NC_037357.1,NC_032679.1,25651566,14909606,14909607,C,CT,1
NC_037357.1,NC_032679.1,25653194,14911233,14911234,G,GA,1
NC_037357.1,NC_032679.1,25654307,14912344,14912346,a,aat,2
NC_037357.1,NC_032679.1,25714665,14972704,14972705,a,at,1
NC_037357.1,NC_032679.1,25715928,14973961,14973962,T,TG,1
NC_037357.1,NC_032679.1,25740884,14998886,14998887,g,gt,1
NC_037357.1,NC_032679.1,25741013,14999014,14999015,a,at,1
NC_037357.1,NC_032679.1,25741198,14999198,14999199,t,ta,1
NC_037357.1,NC_032679.1,25742113,15000106,15000107,g,gt,1
NC_037357.1,NC_032679.1,25742131,15000125,15000126,t,ta,1
NC_037357.1,NC_032679.1,25742415,15000407,15000408,c,ct,1
NC_037357.1,NC_032679.1,25742586,15000579,15000580,g,gt,1
NC_037357.1,NC_032679.1,25742812,15000805,15000806,A,AG,1
NC_037357.1,NC_032679.1,25746497,15004489,15004490,c,ct,1
NC_037357.1,NC_032679.1,25746797,15004787,15004788,t,tg,1
NC_037357.1,NC_032679.1,25748512,15006490,15006491,T,TG,1
NC_037357.1,NC_032679.1,25749394,15007342,15007343,t,ta,1
NC_037357.1,NC_032679.1,25749407,15007356,15007357,t,ta,1
NC_037357.1,NC_032679.1,25750275,15008223,15008224,a,ac,1
NC_037357.1,NC_032679.1,25750475,15008422,15008423,g,ga,1
NC_037357.1,NC_032679.1,25750662,15008610,15008611,t,tg,1
NC_037357.1,NC_032679.1,25750674,15008623,15008624,g,gt,1
NC_037357.1,NC_032679.1,25750719,15008670,15008671,G,GA,1
NC_037357.1,NC_032679.1,25751434,15009368,15009369,t,tc,1
NC_037357.1,NC_032679.1,25751644,15009575,15009576,C,CG,1
NC_037357.1,NC_032679.1,25751896,15009828,15009830,a,aag,2
NC_037357.1,NC_032679.1,25754517,15012451,15012452,T,TG,1
NC_037357.1,NC_032679.1,25755241,15013163,15013164,A,AT,1
NC_037357.1,NC_032679.1,25755250,15013173,15013174,G,GT,1
NC_037357.1,NC_032679.1,25755552,15013473,15013474,T,TA,1
NC_037357.1,NC_032679.1,25755936,15013853,15013854,G,GC,1
NC_037357.1,NC_032679.1,25756482,15014399,15014400,T,TC,1
NC_037357.1,NC_032679.1,25756849,15014763,15014765,C,CCT,2
NC_037357.1,NC_032679.1,25768455,15026357,15026358,g,gt,1
NC_037357.1,NC_032679.1,25769288,15027184,15027185,A,AG,1
NC_037357.1,NC_032679.1,25770869,15028767,15028768,T,TA,1
NC_037357.1,NC_032679.1,25771715,15029615,15029616,c,ct,1
NC_037357.1,NC_032679.1,25782918,15040820,15040821,T,TA,1
NC_037357.1,NC_032679.1,25797226,15055210,15055211,t,tg,1
NC_037357.1,NC_032679.1,25800050,15058036,15058037,a,at,1
NC_037357.1,NC_032679.1,25802533,15060515,15060516,a,ag,1
NC_037357.1,NC_032679.1,25802695,15060677,15060678,G,GT,1
NC_037357.1,NC_032679.1,25803183,15061165,15061166,a,at,1
NC_037357.1,NC_032679.1,25803766,15061752,15061753,t,tg,1
NC_037357.1,NC_032679.1,25804651,15062631,15062632,a,ag,1
NC_037357.1,NC_032679.1,25806173,15064147,15064148,t,tg,1
NC_037357.1,NC_032679.1,25806482,15064454,15064455,c,ct,1
NC_037357.1,NC_032679.1,25806687,15064657,15064658,c,ca,1
NC_037357.1,NC_032679.1,25806696,15064667,15064668,a,ag,1
NC_037357.1,NC_032679.1,25806752,15064724,15064725,A,AC,1
NC_037357.1,NC_032679.1,25806959,15064928,15064929,g,ga,1
NC_037357.1,NC_032679.1,25807487,15065460,15065461,C,CT,1
NC_037357.1,NC_032679.1,25807548,15065522,15065523,g,gt,1
NC_037357.1,NC_032679.1,25807874,15065847,15065848,g,ga,1
NC_037357.1,NC_032679.1,25808020,15065993,15065994,c,ca,1
NC_037357.1,NC_032679.1,25808046,15066020,15066021,t,ta,1
NC_037357.1,NC_032679.1,25808062,15066037,15066038,c,ca,1
NC_037357.1,NC_032679.1,25808371,15066342,15066343,G,GC,1
NC_037357.1,NC_032679.1,25808665,15066635,15066636,C,CA,1
NC_037357.1,NC_032679.1,25809499,15067473,15067474,C,CA,1
NC_037357.1,NC_032679.1,25809504,15067479,15067480,T,TA,1
NC_037357.1,NC_032679.1,25812668,15069604,15069605,t,tc,1
NC_037357.1,NC_032679.1,25831445,15088950,15088951,G,GA,1
NC_037357.1,NC_032679.1,25831467,15088973,15088974,T,TC,1
NC_037357.1,NC_032679.1,25833590,15091086,15091087,G,GT,1
NC_037357.1,NC_032679.1,25833746,15091242,15091243,T,TC,1
NC_037357.1,NC_032679.1,25834321,15091815,15091816,T,TG,1
NC_037357.1,NC_032679.1,25841332,15099243,15099244,t,ta,1
NC_037357.1,NC_032679.1,25841409,15099324,15099326,g,gat,2
NC_037357.1,NC_032679.1,25841438,15099356,15099357,A,AT,1
NC_037357.1,NC_032679.1,25841518,15099439,15099440,a,at,1
NC_037357.1,NC_032679.1,25842180,15100097,15100098,C,CT,1
NC_037357.1,NC_032679.1,25842387,15100303,15100304,C,CT,1
NC_037357.1,NC_032679.1,25842393,15100310,15100311,T,TA,1
NC_037357.1,NC_032679.1,25843483,15101396,15101397,t,ta,1
NC_037357.1,NC_032679.1,25843892,15101805,15101806,a,at,1
NC_037357.1,NC_032679.1,25844680,15102587,15102588,t,tg,1
NC_037357.1,NC_032679.1,25844906,15102814,15102815,g,gt,1
NC_037357.1,NC_032679.1,25845584,15103492,15103493,A,AT,1
NC_037357.1,NC_032679.1,25845812,15103722,15103723,g,gc,1
NC_037357.1,NC_032679.1,25846262,15104170,15104172,A,AAT,2
NC_037357.1,NC_032679.1,25846270,15104180,15104181,A,AT,1
NC_037357.1,NC_032679.1,25846323,15104235,15104236,A,AG,1
NC_037357.1,NC_032679.1,25846730,15104642,15104643,A,AT,1
NC_037357.1,NC_032679.1,25846817,15104729,15104730,C,CA,1
NC_037357.1,NC_032679.1,25847618,15105537,15105538,t,ta,1
NC_037357.1,NC_032679.1,25847658,15105576,15105577,G,GT,1
NC_037357.1,NC_032679.1,25847755,15105676,15105678,t,ttg,2
NC_037357.1,NC_032679.1,25849632,15107324,15107325,A,AC,1
NC_037357.1,NC_032679.1,25850342,15108036,15108037,A,AG,1
NC_037357.1,NC_032679.1,25902299,15160002,15160003,c,ca,1
NC_037357.1,NC_032679.1,25902327,15160030,15160031,T,TA,1
NC_037357.1,NC_032679.1,25902761,15160467,15160468,a,ag,1
NC_037357.1,NC_032679.1,25903296,15161001,15161002,A,AC,1
NC_037357.1,NC_032679.1,25904010,15161720,15161721,a,at,1
NC_037357.1,NC_032679.1,25904037,15161748,15161749,a,at,1
NC_037357.1,NC_032679.1,25904090,15161801,15161802,c,ca,1
NC_037357.1,NC_032679.1,25904125,15161837,15161838,t,ta,1
NC_037357.1,NC_032679.1,25904179,15161891,15161892,c,ca,1
NC_037357.1,NC_032679.1,25904206,15161917,15161918,c,ca,1
NC_037357.1,NC_032679.1,25904415,15162127,15162128,t,ta,1
NC_037357.1,NC_032679.1,25904500,15162213,15162214,a,ag,1
NC_037357.1,NC_032679.1,25904729,15162441,15162442,a,at,1
NC_037357.1,NC_032679.1,25904738,15162451,15162452,c,ct,1
NC_037357.1,NC_032679.1,25905151,15162867,15162868,T,TC,1
NC_037357.1,NC_032679.1,25905296,15163014,15163015,t,ta,1
NC_037357.1,NC_032679.1,25905377,15163096,15163097,t,ta,1
NC_037357.1,NC_032679.1,25905381,15163101,15163102,c,ca,1
NC_037357.1,NC_032679.1,25905611,15163334,15163335,a,ag,1
NC_037357.1,NC_032679.1,25905629,15163353,15163354,c,ca,1
NC_037357.1,NC_032679.1,25905993,15163720,15163721,t,tg,1
NC_037357.1,NC_032679.1,25906011,15163739,15163740,c,ca,1
NC_037357.1,NC_032679.1,25906276,15164003,15164004,g,ga,1
NC_037357.1,NC_032679.1,25906305,15164033,15164035,c,ctg,2
NC_037357.1,NC_032679.1,25906442,15164172,15164173,t,tg,1
NC_037357.1,NC_032679.1,25906489,15164220,15164221,c,ct,1
NC_037357.1,NC_032679.1,25906692,15164424,15164425,a,ac,1
NC_037357.1,NC_032679.1,25906817,15164551,15164552,c,ca,1
NC_037357.1,NC_032679.1,25907290,15165025,15165026,g,ga,1
NC_037357.1,NC_032679.1,25907570,15165304,15165305,a,at,1
NC_037357.1,NC_032679.1,25907695,15165430,15165431,c,ca,1
NC_037357.1,NC_032679.1,25907705,15165441,15165442,c,ca,1
NC_037357.1,NC_032679.1,25907970,15165708,15165710,t,taa,2
NC_037357.1,NC_032679.1,25908070,15165810,15165811,g,ga,1
NC_037357.1,NC_032679.1,25908083,15165824,15165825,a,at,1
NC_037357.1,NC_032679.1,25908375,15166115,15166116,a,ag,1
NC_037357.1,NC_032679.1,25908431,15166172,15166173,t,ta,1
NC_037357.1,NC_032679.1,25908480,15166222,15166223,g,ga,1
NC_037357.1,NC_032679.1,25908723,15166469,15166470,a,at,1
NC_037357.1,NC_032679.1,25908833,15166579,15166580,g,ga,1
NC_037357.1,NC_032679.1,25908925,15166673,15166674,g,ga,1
NC_037357.1,NC_032679.1,25909045,15166796,15166797,g,ga,1
NC_037357.1,NC_032679.1,25909170,15166923,15166924,g,ga,1
NC_037357.1,NC_032679.1,25909469,15167221,15167222,A,AT,1
NC_037357.1,NC_032679.1,25910220,15167976,15167977,A,AG,1
NC_037357.1,NC_032679.1,25910384,15168141,15168142,A,AT,1
NC_037357.1,NC_032679.1,25912620,15170383,15170384,c,ca,1
NC_037357.1,NC_032679.1,25914455,15172219,15172220,C,CY,1
NC_037357.1,NC_032679.1,25944296,15202799,15202800,C,CA,1
NC_037357.1,NC_032679.1,26294162,15289344,15289345,t,ta,1
NC_037357.1,NC_032679.1,26294713,15289899,15289900,C,CA,1
NC_037357.1,NC_032679.1,26294869,15290053,15290054,C,CA,1
NC_037357.1,NC_032679.1,26294903,15290089,15290090,a,ag,1
NC_037357.1,NC_032679.1,26294952,15290140,15290141,g,ga,1
NC_037357.1,NC_032679.1,26296100,15291288,15291290,T,TCC,2
NC_037357.1,NC_032679.1,26296129,15291319,15291320,t,tc,1
NC_037357.1,NC_032679.1,26296469,15291656,15291657,a,ag,1
NC_037357.1,NC_032679.1,26296746,15291929,15291930,t,tg,1
NC_037357.1,NC_032679.1,26296815,15291998,15291999,a,ag,1
NC_037357.1,NC_032679.1,26296830,15292014,15292015,a,ac,1
NC_037357.1,NC_032679.1,26296833,15292018,15292019,g,ga,1
NC_037357.1,NC_032679.1,26296881,15292068,15292069,c,ca,1
NC_037357.1,NC_032679.1,26318151,15313281,15313282,a,at,1
NC_037357.1,NC_032679.1,26318390,15313519,15313520,G,GA,1
NC_037357.1,NC_032679.1,26318954,15314082,15314083,T,TC,1
NC_037357.1,NC_032679.1,26319066,15314195,15314196,A,AT,1
NC_037357.1,NC_032679.1,26319087,15314217,15314218,T,TG,1
NC_037357.1,NC_032679.1,26320020,15315149,15315150,a,at,1
NC_037357.1,NC_032679.1,26322780,15317871,15317872,C,CA,1
NC_037357.1,NC_032679.1,26323382,15318468,15318469,A,AT,1
NC_037357.1,NC_032679.1,26339451,15334537,15334538,c,ct,1
NC_037357.1,NC_032679.1,26344202,15339294,15339295,c,ca,1
NC_037357.1,NC_032679.1,26389295,15384252,15384253,a,at,1
NC_037357.1,NC_032679.1,26416486,15411443,15411445,t,tNN,2
NC_037357.1,NC_032679.1,26451349,15446263,15446264,T,TC,1
NC_037357.1,NC_032679.1,26512182,15507095,15507096,C,CA,1
NC_037357.1,NC_032679.1,26512941,15507849,15507850,a,ac,1
NC_037357.1,NC_032679.1,26513173,15508081,15508082,a,at,1
NC_037357.1,NC_032679.1,26513196,15508105,15508106,G,GC,1
NC_037357.1,NC_032679.1,26514457,15509367,15509368,c,ca,1
NC_037357.1,NC_032679.1,26548098,15543683,15543684,T,TC,1
NC_037357.1,NC_032679.1,26548295,15543878,15543879,T,TA,1
NC_037357.1,NC_032679.1,26549677,15545238,15545239,T,TA,1
NC_037357.1,NC_032679.1,26625608,15621175,15621176,t,tg,1
NC_037357.1,NC_032679.1,26625837,15621406,15621407,g,ga,1
NC_037357.1,NC_032679.1,26626079,15621649,15621650,g,gt,1
NC_037357.1,NC_032679.1,26626603,15622174,15622176,t,taa,2
NC_037357.1,NC_032679.1,26627161,15622728,15622729,g,gt,1
NC_037357.1,NC_032679.1,26629866,15625433,15625434,A,AT,1
NC_037357.1,NC_032679.1,26630953,15626525,15626526,T,TG,1
NC_037357.1,NC_032679.1,26631260,15626832,15626834,G,GGT,2
NC_037357.1,NC_032679.1,26631264,15626838,15626839,T,TG,1
NC_037357.1,NC_032679.1,26631735,15627311,15627312,A,AT,1
NC_037357.1,NC_032679.1,26631977,15627551,15627552,t,tg,1
NC_037357.1,NC_032679.1,26645478,15641050,15641052,T,TTG,2
NC_037357.1,NC_032679.1,26651567,15646997,15646998,T,TC,1
NC_037357.1,NC_032679.1,26673672,15669098,15669099,t,tc,1
NC_037357.1,NC_032679.1,26673846,15669273,15669274,t,tc,1
NC_037357.1,NC_032679.1,26674006,15669433,15669434,a,ac,1
NC_037357.1,NC_032679.1,26674617,15670040,15670041,T,TA,1
NC_037357.1,NC_032679.1,26674874,15670295,15670296,c,ca,1
NC_037357.1,NC_032679.1,26675275,15670698,15670699,T,TC,1
NC_037357.1,NC_032679.1,26675816,15671240,15671241,t,ta,1
NC_037357.1,NC_032679.1,26683111,15678529,15678530,T,TC,1
NC_037357.1,NC_032679.1,26683855,15679272,15679273,T,TC,1
NC_037357.1,NC_032679.1,26683861,15679279,15679280,T,TG,1
NC_037357.1,NC_032679.1,26697852,15693273,15693274,t,ta,1
NC_037357.1,NC_032679.1,26699453,15693628,15693629,G,GT,1
NC_037357.1,NC_032679.1,26720051,15714221,15714222,A,AC,1
NC_037357.1,NC_032679.1,26764697,15758868,15758869,C,CN,1
NC_037357.1,NC_032679.1,26767381,15761557,15761558,G,GA,1
NC_037357.1,NC_032679.1,26768397,15762580,15762581,T,TC,1
NC_037357.1,NC_032679.1,26768407,15762591,15762592,T,TA,1
NC_037357.1,NC_032679.1,26768786,15762976,15762977,A,AG,1
NC_037357.1,NC_032679.1,26768789,15762980,15762981,T,TG,1
NC_037357.1,NC_032679.1,26768862,15763054,15763055,T,TA,1
NC_037357.1,NC_032679.1,26768864,15763057,15763058,G,GC,1
NC_037357.1,NC_032679.1,26768958,15763154,15763155,T,TG,1
NC_037357.1,NC_032679.1,26771149,15765338,15765340,A,AAG,2
NC_037357.1,NC_032679.1,26771154,15765345,15765346,C,CT,1
NC_037357.1,NC_032679.1,26771658,15765847,15765848,T,TC,1
NC_037357.1,NC_032679.1,26771730,15765920,15765921,T,TC,1
NC_037357.1,NC_032679.1,26771811,15766002,15766003,c,ca,1
NC_037357.1,NC_032679.1,26771991,15766184,15766185,c,ct,1
NC_037357.1,NC_032679.1,26772274,15766469,15766470,c,ct,1
NC_037357.1,NC_032679.1,26772400,15766594,15766595,c,ct,1
NC_037357.1,NC_032679.1,26772504,15766698,15766699,t,tc,1
NC_037357.1,NC_032679.1,26772538,15766733,15766734,g,gc,1
NC_037357.1,NC_032679.1,26772555,15766751,15766752,t,tc,1
NC_037357.1,NC_032679.1,26815546,15806140,15806141,a,at,1
NC_037357.1,NC_032679.1,26815556,15806151,15806152,A,AT,1
NC_037357.1,NC_032679.1,26816271,15806872,15806873,G,GY,1
NC_037357.1,NC_032679.1,26816279,15806881,15806882,A,AT,1
NC_037357.1,NC_032679.1,26816403,15807005,15807006,G,GA,1
NC_037357.1,NC_032679.1,26816606,15807208,15807209,G,GA,1
NC_037357.1,NC_032679.1,26818621,15808545,15808546,g,gt,1
NC_037357.1,NC_032679.1,26818650,15808575,15808576,g,gc,1
NC_037357.1,NC_032679.1,26818777,15808700,15808701,c,ct,1
NC_037357.1,NC_032679.1,26818903,15808825,15808826,t,tc,1
NC_037357.1,NC_032679.1,26818958,15808881,15808882,c,ca,1
NC_037357.1,NC_032679.1,26819233,15809150,15809151,t,tg,1
NC_037357.1,NC_032679.1,26819314,15809230,15809231,a,at,1
NC_037357.1,NC_032679.1,26819326,15809243,15809244,c,ct,1
NC_037357.1,NC_032679.1,26819430,15809348,15809349,T,TC,1
NC_037357.1,NC_032679.1,26819584,15809501,15809502,a,at,1
NC_037357.1,NC_032679.1,26820076,15809992,15809994,a,aat,2
NC_037357.1,NC_032679.1,26820083,15810001,15810002,a,at,1
NC_037357.1,NC_032679.1,26821043,15810950,15810951,C,CT,1
NC_037357.1,NC_032679.1,26822242,15812132,15812133,C,CT,1
NC_037357.1,NC_032679.1,26822918,15812803,15812804,c,cg,1
NC_037357.1,NC_032679.1,26824784,15814669,15814670,c,ct,1
NC_037357.1,NC_032679.1,26832533,15822420,15822422,t,tNN,2
NC_037357.1,NC_032679.1,26840611,15830500,15830502,g,gta,2
NC_037357.1,NC_032679.1,26862281,15852389,15852390,t,ta,1
NC_037357.1,NC_032679.1,26868151,15858263,15858264,C,CT,1
NC_037357.1,NC_032679.1,26868264,15858377,15858378,T,TG,1
NC_037357.1,NC_032679.1,26868479,15858595,15858597,T,TTC,2
NC_037357.1,NC_032679.1,26868655,15858772,15858773,T,TA,1
NC_037357.1,NC_032679.1,26869756,15859876,15859877,G,GC,1
NC_037357.1,NC_032679.1,26870382,15860502,15860504,A,AAT,2
NC_037357.1,NC_032679.1,27642529,16283177,16283178,a,aN,1
NC_037357.1,NC_032679.1,27658996,16300029,16300030,t,tc,1
NC_037357.1,NC_032679.1,27659047,16300081,16300082,a,at,1
NC_037357.1,NC_032679.1,27662376,16303382,16303383,G,GA,1
NC_037357.1,NC_032679.1,27662498,16303504,16303505,T,TC,1
NC_037357.1,NC_032679.1,27664282,16305288,16305289,T,TC,1
NC_037357.1,NC_032679.1,27664491,16305501,16305502,T,TG,1
NC_037357.1,NC_032679.1,27664647,16305659,16305660,G,GR,1
NC_037357.1,NC_032679.1,27704963,16345980,16345981,A,AG,1
NC_037357.1,NC_032679.1,27706275,16347292,16347293,g,gc,1
NC_037357.1,NC_032679.1,27706286,16347304,16347305,t,tc,1
NC_037357.1,NC_032679.1,27706568,16347587,16347588,T,TA,1
NC_037357.1,NC_032679.1,27710388,16351403,16351404,t,tc,1
NC_037357.1,NC_032679.1,27710792,16351803,16351804,a,ac,1
NC_037357.1,NC_032679.1,27710878,16351889,16351891,g,gct,2
NC_037357.1,NC_032679.1,27713224,16354232,16354233,a,at,1
NC_037357.1,NC_032679.1,27713279,16354287,16354288,t,ta,1
NC_037357.1,NC_032679.1,27713342,16354351,16354352,a,ag,1
NC_037357.1,NC_032679.1,27713376,16354386,16354387,a,at,1
NC_037357.1,NC_032679.1,27713387,16354398,16354399,g,gc,1
NC_037357.1,NC_032679.1,27713831,16354837,16354838,g,ga,1
NC_037357.1,NC_032679.1,27713855,16354862,16354863,t,tg,1
NC_037357.1,NC_032679.1,27713867,16354875,16354876,t,tg,1
NC_037357.1,NC_032679.1,27714723,16355729,16355730,t,tc,1
NC_037357.1,NC_032679.1,27715210,16356192,16356194,G,GGS,2
NC_037357.1,NC_032679.1,27784038,16423604,16423605,C,CA,1
NC_037357.1,NC_032679.1,27785016,16424579,16424580,t,tg,1
NC_037357.1,NC_032679.1,27785375,16424938,16424939,c,ca,1
NC_037357.1,NC_032679.1,27786142,16425707,16425708,t,tg,1
NC_037357.1,NC_032679.1,27787238,16426805,16426806,t,tc,1
NC_037357.1,NC_032679.1,27802721,16442289,16442290,t,tg,1
NC_037357.1,NC_032679.1,27802731,16442300,16442301,t,tg,1
NC_037357.1,NC_032679.1,27802796,16442365,16442366,g,ga,1
NC_037357.1,NC_032679.1,27803602,16443171,16443172,T,TG,1
NC_037357.1,NC_032679.1,27803978,16443548,16443549,C,CT,1
NC_037357.1,NC_032679.1,27804233,16443802,16443803,T,TC,1
NC_037357.1,NC_032679.1,27804240,16443810,16443811,A,AC,1
NC_037357.1,NC_032679.1,27807125,16446558,16446559,T,TC,1
NC_037357.1,NC_032679.1,27807155,16446590,16446591,A,AG,1
NC_037357.1,NC_032679.1,27807163,16446599,16446601,T,TTA,2
NC_037357.1,NC_032679.1,27807170,16446608,16446609,T,TC,1
NC_037357.1,NC_032679.1,27807463,16446903,16446904,c,ct,1
NC_037357.1,NC_032679.1,27807478,16446919,16446920,c,ct,1
NC_037357.1,NC_032679.1,27807928,16447373,16447374,C,CA,1
NC_037357.1,NC_032679.1,27808679,16448118,16448119,t,tc,1
NC_037357.1,NC_032679.1,27808703,16448143,16448144,c,ct,1
NC_037357.1,NC_032679.1,27808718,16448159,16448160,t,tc,1
NC_037357.1,NC_032679.1,27808743,16448185,16448186,g,gc,1
NC_037357.1,NC_032679.1,27808977,16448415,16448416,a,at,1
NC_037357.1,NC_032679.1,27809014,16448452,16448453,g,ga,1
NC_037357.1,NC_032679.1,27810523,16449960,16449961,g,gt,1
NC_037357.1,NC_032679.1,27810534,16449972,16449973,C,CT,1
NC_037357.1,NC_032679.1,27818210,16457634,16457635,A,AG,1
NC_037357.1,NC_032679.1,27818557,16457980,16457981,G,GT,1
NC_037357.1,NC_032679.1,27819338,16458760,16458761,t,ta,1
NC_037357.1,NC_032679.1,27819348,16458771,16458772,a,aN,1
NC_037357.1,NC_032679.1,27820351,16459765,16459766,G,GT,1
NC_037357.1,NC_032679.1,27820418,16459833,16459834,c,ct,1
NC_037357.1,NC_032679.1,27822428,16461801,16461802,g,gt,1
NC_037357.1,NC_032679.1,27844781,16483902,16483903,a,ag,1
NC_037357.1,NC_032679.1,27844846,16483968,16483969,c,ct,1
NC_037357.1,NC_032679.1,27845018,16484137,16484138,t,tc,1
NC_037357.1,NC_032679.1,27845029,16484149,16484151,g,gtt,2
NC_037357.1,NC_032679.1,27845060,16484182,16484183,g,ga,1
NC_037357.1,NC_032679.1,27845147,16484269,16484270,t,tc,1
NC_037357.1,NC_032679.1,27845182,16484305,16484306,c,ca,1
NC_037357.1,NC_032679.1,27845363,16484488,16484489,a,ag,1
NC_037357.1,NC_032679.1,27845468,16484592,16484593,t,tg,1
NC_037357.1,NC_032679.1,27845482,16484607,16484608,a,ag,1
NC_037357.1,NC_032679.1,27845627,16484750,16484751,g,ga,1
NC_037357.1,NC_032679.1,27845691,16484815,16484816,c,ct,1
NC_037357.1,NC_032679.1,27845703,16484828,16484829,a,ag,1
NC_037357.1,NC_032679.1,27845751,16484877,16484878,c,ct,1
NC_037357.1,NC_032679.1,27845870,16484996,16484997,t,tg,1
NC_037357.1,NC_032679.1,27845904,16485030,16485031,c,ca,1
NC_037357.1,NC_032679.1,27845955,16485081,16485082,t,tg,1
NC_037357.1,NC_032679.1,27846061,16485187,16485188,g,ga,1
NC_037357.1,NC_032679.1,27848850,16487976,16487979,t,tata,3
NC_037357.1,NC_032679.1,27849159,16488288,16488289,a,at,1
NC_037357.1,NC_032679.1,27849182,16488312,16488313,c,ct,1
NC_037357.1,NC_032679.1,27851841,16490928,16490929,A,AG,1
NC_037357.1,NC_032679.1,27851955,16491044,16491045,C,CT,1
NC_037357.1,NC_032679.1,27852210,16491297,16491298,a,at,1
NC_037357.1,NC_032679.1,27852959,16492041,16492042,g,ga,1
NC_037357.1,NC_032679.1,27853466,16492545,16492546,t,tg,1
NC_037357.1,NC_032679.1,27853502,16492581,16492582,t,tc,1
NC_037357.1,NC_032679.1,27854434,16493511,16493512,c,ct,1
NC_037357.1,NC_032679.1,27857551,16496616,16496617,C,CA,1
NC_037357.1,NC_032679.1,27857788,16496855,16496856,c,ca,1
NC_037357.1,NC_032679.1,27858829,16497897,16497898,g,gt,1
NC_037357.1,NC_032679.1,27876226,16514097,16514098,A,AT,1
NC_037357.1,NC_032679.1,27949017,16609910,16609911,t,tg,1
NC_037357.1,NC_032679.1,27949298,16610188,16610189,c,ct,1
NC_037357.1,NC_032679.1,27949302,16610193,16610194,G,GT,1
NC_037357.1,NC_032679.1,27949443,16610333,16610334,G,GT,1
NC_037357.1,NC_032679.1,27949601,16610489,16610490,G,GC,1
NC_037357.1,NC_032679.1,27949759,16610647,16610648,t,ta,1
NC_037357.1,NC_032679.1,27949783,16610672,16610673,t,tg,1
NC_037357.1,NC_032679.1,27949796,16610686,16610688,g,gaa,2
NC_037357.1,NC_032679.1,27950021,16610911,16610912,t,ta,1
NC_037357.1,NC_032679.1,27950037,16610928,16610929,g,ga,1
NC_037357.1,NC_032679.1,27950199,16611091,16611092,c,ca,1
NC_037357.1,NC_032679.1,27950217,16611109,16611110,t,ta,1
NC_037357.1,NC_032679.1,27950742,16611636,16611637,T,TC,1
NC_037357.1,NC_032679.1,27950833,16611729,16611730,T,TA,1
NC_037357.1,NC_032679.1,27951476,16612374,16612375,a,ag,1
NC_037357.1,NC_032679.1,27951970,16612861,16612862,t,tc,1
NC_037357.1,NC_032679.1,27951992,16612884,16612885,g,ga,1
NC_037357.1,NC_032679.1,27952001,16612894,16612895,a,ag,1
NC_037357.1,NC_032679.1,27954807,16615699,16615700,C,CA,1
NC_037357.1,NC_032679.1,27954818,16615711,16615712,C,CT,1
NC_037357.1,NC_032679.1,27955231,16616121,16616122,t,tc,1
NC_037357.1,NC_032679.1,27955589,16616481,16616482,A,AT,1
NC_037357.1,NC_032679.1,27955958,16616850,16616851,t,tc,1
NC_037357.1,NC_032679.1,27956009,16616902,16616904,a,aNN,2
NC_037357.1,NC_032679.1,27956938,16617837,16617839,G,GGT,2
NC_037357.1,NC_032679.1,27957290,16618194,16618195,T,TG,1
NC_037357.1,NC_032679.1,27957685,16618586,16618587,A,AC,1
NC_037357.1,NC_032679.1,27959255,16620157,16620158,c,ct,1
NC_037357.1,NC_032679.1,27961518,16622420,16622421,g,ga,1
NC_037357.1,NC_032679.1,27962109,16623014,16623015,T,TC,1
NC_037357.1,NC_032679.1,27962508,16623410,16623411,T,TG,1
NC_037357.1,NC_032679.1,27962623,16623526,16623528,A,AAG,2
NC_037357.1,NC_032679.1,27962665,16623570,16623571,T,TG,1
NC_037357.1,NC_032679.1,27962713,16623620,16623621,A,AT,1
NC_037357.1,NC_032679.1,27963079,16623987,16623988,A,AT,1
NC_037357.1,NC_032679.1,27963250,16624159,16624160,T,TG,1
NC_037357.1,NC_032679.1,27963981,16624892,16624893,C,CT,1
NC_037357.1,NC_032679.1,27964039,16624951,16624952,T,TG,1
NC_037357.1,NC_032679.1,27964714,16625617,16625618,c,ct,1
NC_037357.1,NC_032679.1,27964774,16625679,16625680,C,CT,1
NC_037357.1,NC_032679.1,27965087,16625989,16625990,G,GT,1
NC_037357.1,NC_032679.1,27993865,16654771,16654772,a,at,1
NC_037357.1,NC_032679.1,27996399,16657312,16657313,a,ag,1
NC_037357.1,NC_032679.1,28009904,16670814,16670815,t,tc,1
NC_037357.1,NC_032679.1,28009921,16670832,16670833,g,ga,1
NC_037357.1,NC_032679.1,28009949,16670861,16670862,g,ga,1
NC_037357.1,NC_032679.1,28011797,16672703,16672704,A,AC,1
NC_037357.1,NC_032679.1,28012597,16673497,16673498,a,ac,1
NC_037357.1,NC_032679.1,28012620,16673521,16673522,g,gc,1
NC_037357.1,NC_032679.1,28012639,16673541,16673542,g,gt,1
NC_037357.1,NC_032679.1,28012702,16673601,16673602,t,tg,1
NC_037357.1,NC_032679.1,28013240,16674140,16674141,a,ag,1
NC_037357.1,NC_032679.1,28013810,16674712,16674713,A,AC,1
NC_037357.1,NC_032679.1,28013819,16674722,16674723,A,AT,1
NC_037357.1,NC_032679.1,28038641,16699575,16699576,G,GC,1
NC_037357.1,NC_032679.1,28042234,16702849,16702850,c,ca,1
NC_037357.1,NC_032679.1,28044040,16704401,16704402,a,at,1
NC_037357.1,NC_032679.1,28044071,16704433,16704434,t,tg,1
NC_037357.1,NC_032679.1,28046204,16706561,16706562,A,AC,1
NC_037357.1,NC_032679.1,28046866,16707217,16707218,c,ca,1
NC_037357.1,NC_032679.1,28068250,16595544,16595545,a,at,1
NC_037357.1,NC_032679.1,28068905,16596200,16596201,t,tA,1
NC_037357.1,NC_032679.1,28068910,16596206,16596207,t,tg,1
NC_037357.1,NC_032679.1,28070186,16597475,16597476,c,ct,1
NC_037357.1,NC_032679.1,28083383,15951640,15951641,G,GT,1
NC_037357.1,NC_032679.1,28083849,15952099,15952100,G,GA,1
NC_037357.1,NC_032679.1,28083932,15952181,15952182,T,TC,1
NC_037357.1,NC_032679.1,28083948,15952198,15952199,C,CT,1
NC_037357.1,NC_032679.1,28085032,15953270,15953271,A,AT,1
NC_037357.1,NC_032679.1,28085138,15953379,15953380,A,AT,1
NC_037357.1,NC_032679.1,28086449,15954684,15954685,c,ct,1
NC_037357.1,NC_032679.1,28087324,15955558,15955559,t,ta,1
NC_037357.1,NC_032679.1,28087621,15955854,15955855,A,AT,1
NC_037357.1,NC_032679.1,28087825,15956060,15956061,G,GA,1
NC_037357.1,NC_032679.1,28088062,15956298,15956299,t,tc,1
NC_037357.1,NC_032679.1,28088077,15956314,15956315,G,GT,1
NC_037357.1,NC_032679.1,28098520,15966879,15966880,t,tc,1
NC_037357.1,NC_032679.1,28100784,15969144,15969145,g,ga,1
NC_037357.1,NC_032679.1,28503791,16937205,16937206,T,TC,1
NC_037357.1,NC_032679.1,28505072,16938488,16938489,T,TG,1
NC_037357.1,NC_032679.1,28505689,16939106,16939107,G,GA,1
NC_037357.1,NC_032679.1,28506237,16939656,16939657,T,TG,1
NC_037357.1,NC_032679.1,28507222,16940645,16940646,a,at,1
NC_037357.1,NC_032679.1,28510497,16943923,16943924,T,TC,1
NC_037357.1,NC_032679.1,28511354,16944782,16944783,T,TC,1
NC_037357.1,NC_032679.1,28511433,16944861,16944862,T,TC,1
NC_037357.1,NC_032679.1,28511459,16944888,16944889,T,TG,1
NC_037357.1,NC_032679.1,28511464,16944894,16944895,G,GK,1
NC_037357.1,NC_032679.1,28511518,16944950,16944951,C,CT,1
NC_037357.1,NC_032679.1,28511691,16945124,16945125,A,AC,1
NC_037357.1,NC_032679.1,28511895,16945332,16945333,A,AT,1
NC_037357.1,NC_032679.1,28512383,16945819,16945820,T,TG,1
NC_037357.1,NC_032679.1,28513126,16946554,16946555,T,TC,1
NC_037357.1,NC_032679.1,28514570,16947993,16947995,A,AAT,2
NC_037357.1,NC_032679.1,28514999,16948421,16948422,G,GT,1
NC_037357.1,NC_032679.1,28539490,16972912,16972913,c,ct,1
NC_037357.1,NC_032679.1,28549277,16982689,16982690,T,TA,1
NC_037357.1,NC_032679.1,28617778,17051197,17051198,g,gc,1
NC_037357.1,NC_032679.1,28618122,17051542,17051543,a,ag,1
NC_037357.1,NC_032679.1,28618642,17052059,17052060,g,gc,1
NC_037357.1,NC_032679.1,28618691,17052109,17052110,t,tg,1
NC_037357.1,NC_032679.1,28619723,17053145,17053146,C,CT,1
NC_037357.1,NC_032679.1,28620017,17053442,17053443,A,AT,1
NC_037357.1,NC_032679.1,28620290,17053714,17053715,t,tg,1
NC_037357.1,NC_032679.1,28620636,17054057,17054059,t,ttc,2
NC_037357.1,NC_032679.1,28620699,17054123,17054124,a,ac,1
NC_037357.1,NC_032679.1,28620778,17054203,17054204,G,GA,1
NC_037357.1,NC_032679.1,28620967,17054391,17054392,a,at,1
NC_037357.1,NC_032679.1,28621150,17054576,17054577,g,gt,1
NC_037357.1,NC_032679.1,28621162,17054589,17054591,t,ttg,2
NC_037357.1,NC_032679.1,28621188,17054617,17054618,c,ct,1
NC_037357.1,NC_032679.1,28621479,17054906,17054907,A,AG,1
NC_037357.1,NC_032679.1,28621705,17055131,17055132,t,ta,1
NC_037357.1,NC_032679.1,28622155,17055580,17055581,a,ag,1
NC_037357.1,NC_032679.1,28622262,17055689,17055690,t,tg,1
NC_037357.1,NC_032679.1,28622604,17056029,17056030,C,CT,1
NC_037357.1,NC_032679.1,28623182,17056600,17056601,T,TG,1
NC_037357.1,NC_032679.1,28623323,17056742,17056743,G,GC,1
NC_037357.1,NC_032679.1,28623820,17057233,17057235,A,AAC,2
NC_037357.1,NC_032679.1,28623862,17057277,17057278,T,TG,1
NC_037357.1,NC_032679.1,28624091,17057504,17057505,A,AG,1
NC_037357.1,NC_032679.1,28624102,17057516,17057517,C,CA,1
NC_037357.1,NC_032679.1,28624297,17057709,17057710,T,TA,1
NC_037357.1,NC_032679.1,28627202,17060633,17060634,g,gt,1
NC_037357.1,NC_032679.1,28662157,17095595,17095596,c,ct,1
NC_037357.1,NC_032679.1,28662765,17096201,17096202,a,at,1
NC_037357.1,NC_032679.1,28663051,17096490,17096491,a,at,1
NC_037357.1,NC_032679.1,28664230,17097667,17097668,c,ca,1
NC_037357.1,NC_032679.1,28664346,17097782,17097783,t,tc,1
NC_037357.1,NC_032679.1,28664352,17097789,17097790,g,ga,1
NC_037357.1,NC_032679.1,28664379,17097817,17097818,c,ca,1
NC_037357.1,NC_032679.1,28664836,17098271,17098272,c,ca,1
NC_037357.1,NC_032679.1,28725311,17158746,17158747,g,gt,1
NC_037357.1,NC_032679.1,28725415,17158851,17158852,c,ct,1
NC_037357.1,NC_032679.1,28725559,17158993,17158994,a,at,1
NC_037357.1,NC_032679.1,28725635,17159070,17159071,a,ag,1
NC_037357.1,NC_032679.1,28726112,17159548,17159549,C,CA,1
NC_037357.1,NC_032679.1,28727546,17160981,17160982,t,tg,1
NC_037357.1,NC_032679.1,28727797,17161232,17161233,g,ga,1
NC_037357.1,NC_032679.1,28727975,17161408,17161409,c,ct,1
NC_037357.1,NC_032679.1,28728969,17162393,17162394,g,gt,1
NC_037357.1,NC_032679.1,28745934,17179358,17179359,T,TG,1
NC_037357.1,NC_032679.1,28747276,17180700,17180701,A,AG,1
NC_037357.1,NC_032679.1,28750662,17184079,17184080,a,ag,1
NC_037357.1,NC_032679.1,28751389,17184805,17184806,C,CA,1
NC_037357.1,NC_032679.1,28779304,17212689,17212690,G,GC,1
NC_037357.1,NC_032679.1,28779440,17212825,17212826,G,GC,1
NC_037357.1,NC_032679.1,28779463,17212849,17212850,T,TG,1
NC_037357.1,NC_032679.1,28779852,17213232,17213233,a,ac,1
NC_037357.1,NC_032679.1,28780149,17213529,17213530,C,CT,1
NC_037357.1,NC_032679.1,28780285,17213663,17213664,T,TC,1
NC_037357.1,NC_032679.1,28780384,17213762,17213763,C,CT,1
NC_037357.1,NC_032679.1,28781394,17214770,17214771,t,tc,1
NC_037357.1,NC_032679.1,28782011,17215387,17215388,a,at,1
NC_037357.1,NC_032679.1,28782136,17215513,17215514,G,GA,1
NC_037357.1,NC_032679.1,28783083,17216455,17216456,A,AT,1
NC_037357.1,NC_032679.1,28783688,17217062,17217063,a,ag,1
NC_037357.1,NC_032679.1,28783838,17217213,17217214,T,TA,1
NC_037357.1,NC_032679.1,28786905,17220216,17220218,t,tta,2
NC_037357.1,NC_032679.1,28787661,17220972,17220973,g,gc,1
NC_037357.1,NC_032679.1,28787766,17221076,17221077,g,gc,1
NC_037357.1,NC_032679.1,28787926,17221235,17221236,a,ag,1
NC_037357.1,NC_032679.1,28788030,17221339,17221340,g,ga,1
NC_037357.1,NC_032679.1,28790562,17223863,17223864,T,TG,1
NC_037357.1,NC_032679.1,28792864,17226161,17226162,A,AG,1
NC_037357.1,NC_032679.1,28792986,17226284,17226285,G,GC,1
NC_037357.1,NC_032679.1,28792993,17226292,17226293,A,AG,1
NC_037357.1,NC_032679.1,28793736,17227036,17227037,c,ca,1
NC_037357.1,NC_032679.1,28797214,17230518,17230519,a,ag,1
NC_037357.1,NC_032679.1,28800666,17233970,17234022,t,ttcNNNNNNNNNNNNNNNNNNNNNNNNNNNNNNNNNCCCTGCTCTCCCgggga,52
NC_037357.1,NC_032679.1,28828775,17262139,17262140,t,ta,1
NC_037357.1,NC_032679.1,28834331,17267691,17267692,G,GA,1
NC_037357.1,NC_032679.1,28834768,17268129,17268130,c,ct,1
NC_037357.1,NC_032679.1,28835209,17268566,17268568,T,TTC,2
NC_037357.1,NC_032679.1,28836347,17269702,17269703,g,ga,1
NC_037357.1,NC_032679.1,28837228,17270575,17270576,c,ca,1
NC_037357.1,NC_032679.1,28839978,17273317,17273318,a,at,1
NC_037357.1,NC_032679.1,28840349,17273684,17273685,g,gc,1
NC_037357.1,NC_032679.1,28840899,17274237,17274238,c,ca,1
NC_037357.1,NC_032679.1,28841330,17274669,17274670,t,ta,1
NC_037357.1,NC_032679.1,28843211,17276554,17276555,t,tg,1
NC_037357.1,NC_032679.1,28869975,17303323,17303324,G,GA,1
NC_037357.1,NC_032679.1,28870303,17303658,17303659,c,ca,1
NC_037357.1,NC_032679.1,28870350,17303707,17303708,t,tg,1
NC_037357.1,NC_032679.1,28870358,17303716,17303717,G,GC,1
NC_037357.1,NC_032679.1,28870995,17304361,17304362,G,GT,1
NC_037357.1,NC_032679.1,28871002,17304369,17304370,A,AG,1
NC_037357.1,NC_032679.1,28871024,17304392,17304394,t,tta,2
NC_037357.1,NC_032679.1,28871680,17305052,17305053,C,CT,1
NC_037357.1,NC_032679.1,28881542,17314920,17314921,T,TA,1
NC_037357.1,NC_032679.1,28881551,17314930,17314932,T,TGC,2
NC_037357.1,NC_032679.1,28881662,17315043,17315044,A,AG,1
NC_037357.1,NC_032679.1,28881686,17315068,17315069,G,GT,1
NC_037357.1,NC_032679.1,28881744,17315127,17315128,A,AT,1
NC_037357.1,NC_032679.1,28881849,17315234,17315235,A,AG,1
NC_037357.1,NC_032679.1,28881852,17315238,17315239,A,AT,1
NC_037357.1,NC_032679.1,28881886,17315274,17315275,T,TG,1
NC_037357.1,NC_032679.1,28884911,17318296,17318297,c,ca,1
NC_037357.1,NC_032679.1,28884937,17318323,17318324,t,tg,1
NC_037357.1,NC_032679.1,28884986,17318372,17318373,a,ag,1
NC_037357.1,NC_032679.1,28885006,17318393,17318395,g,gga,2
NC_037357.1,NC_032679.1,28885986,17319361,17319362,t,tg,1
NC_037357.1,NC_032679.1,28886006,17319382,17319383,a,ag,1
NC_037357.1,NC_032679.1,28886138,17319511,17319512,t,ta,1
NC_037357.1,NC_032679.1,28886485,17319857,17319858,A,AC,1
NC_037357.1,NC_032679.1,28886771,17320142,17320143,C,CA,1
NC_037357.1,NC_032679.1,28887067,17320439,17320440,A,AC,1
NC_037357.1,NC_032679.1,28888485,17321856,17321857,c,ct,1
NC_037357.1,NC_032679.1,28889484,17322852,17322854,a,aat,2
NC_037357.1,NC_032679.1,28889503,17322874,17322875,t,tc,1
NC_037357.1,NC_032679.1,28889583,17322953,17322954,t,tc,1
NC_037357.1,NC_032679.1,28889771,17323142,17323143,a,ag,1
NC_037357.1,NC_032679.1,28889782,17323154,17323155,g,gc,1
NC_037357.1,NC_032679.1,28889876,17323249,17323250,a,at,1
NC_037357.1,NC_032679.1,28890351,17323724,17323725,g,ga,1
NC_037357.1,NC_032679.1,28890378,17323752,17323753,g,ga,1
NC_037357.1,NC_032679.1,28890387,17323762,17323763,a,ag,1
NC_037357.1,NC_032679.1,28896691,17331627,17331628,t,ta,1
NC_037357.1,NC_032679.1,28914966,17349908,17349909,t,tg,1
NC_037357.1,NC_032679.1,28915269,17350212,17350213,g,ga,1
NC_037357.1,NC_032679.1,28915294,17350238,17350239,t,ta,1
NC_037357.1,NC_032679.1,28915378,17350324,17350325,a,at,1
NC_037357.1,NC_032679.1,28915384,17350331,17350332,t,tg,1
NC_037357.1,NC_032679.1,28915426,17350374,17350375,t,ta,1
NC_037357.1,NC_032679.1,28915500,17350449,17350450,g,gc,1
NC_037357.1,NC_032679.1,28920184,17355132,17355133,a,at,1
NC_037357.1,NC_032679.1,28920659,17355610,17355611,t,tc,1
NC_037357.1,NC_032679.1,28920984,17355938,17355939,c,ct,1
NC_037357.1,NC_032679.1,28921216,17356171,17356172,a,at,1
NC_037357.1,NC_032679.1,28921483,17356437,17356438,a,at,1
NC_037357.1,NC_032679.1,28921499,17356454,17356455,a,at,1
NC_037357.1,NC_032679.1,28921581,17356537,17356538,g,gc,1
NC_037357.1,NC_032679.1,28921625,17356582,17356583,a,ac,1
NC_037357.1,NC_032679.1,28921688,17356645,17356646,a,at,1
NC_037357.1,NC_032679.1,28921694,17356652,17356653,c,ct,1
NC_037357.1,NC_032679.1,28921713,17356672,17356673,g,ga,1
NC_037357.1,NC_032679.1,28922048,17357008,17357009,a,at,1
NC_037357.1,NC_032679.1,28922071,17357032,17357033,t,ta,1
NC_037357.1,NC_032679.1,28922223,17357185,17357186,a,at,1
NC_037357.1,NC_032679.1,28922255,17357218,17357219,a,at,1
NC_037357.1,NC_032679.1,28922275,17357239,17357240,a,at,1
NC_037357.1,NC_032679.1,28922300,17357265,17357266,a,at,1
NC_037357.1,NC_032679.1,28922327,17357293,17357294,a,at,1
NC_037357.1,NC_032679.1,28922349,17357316,17357317,g,gt,1
NC_037357.1,NC_032679.1,28922365,17357333,17357334,c,ct,1
NC_037357.1,NC_032679.1,28922419,17357387,17357388,t,tg,1
NC_037357.1,NC_032679.1,28922611,17357581,17357583,c,ctt,2
NC_037357.1,NC_032679.1,28922673,17357645,17357646,t,tg,1
NC_037357.1,NC_032679.1,28922760,17357734,17357735,g,gt,1
NC_037357.1,NC_032679.1,28922792,17357767,17357768,t,tc,1
NC_037357.1,NC_032679.1,28922815,17357791,17357792,a,ag,1
NC_037357.1,NC_032679.1,28922930,17357906,17357907,t,tg,1
NC_037357.1,NC_032679.1,28922961,17357938,17357939,a,at,1
NC_037357.1,NC_032679.1,28923080,17358055,17358056,c,ct,1
NC_037357.1,NC_032679.1,28923140,17358115,17358116,a,ag,1
NC_037357.1,NC_032679.1,28923202,17358178,17358179,c,ct,1
NC_037357.1,NC_032679.1,28925240,17360209,17360210,G,GC,1
NC_037357.1,NC_032679.1,28938789,17373752,17373753,A,AT,1
NC_037357.1,NC_032679.1,28958512,17393477,17393484,t,ttttcccc,7
NC_037357.1,NC_032679.1,28966124,17401101,17401102,t,tc,1
NC_037357.1,NC_032679.1,28966151,17401129,17401130,g,ga,1
NC_037357.1,NC_032679.1,28966381,17401348,17401354,c,ctgagtg,6
NC_037357.1,NC_032679.1,28966383,17401356,17401360,c,caaag,4
NC_037357.1,NC_032679.1,28967125,17402098,17402099,C,CT,1
NC_037357.1,NC_032679.1,28968780,17403738,17403741,a,actt,3
NC_037357.1,NC_032679.1,28977258,17412337,17412338,c,ct,1
NC_037357.1,NC_032679.1,28987408,17422111,17422112,A,AG,1
NC_037357.1,NC_032679.1,28987445,17422149,17422151,C,CTT,2
NC_037357.1,NC_032679.1,28987837,17422543,17422548,a,agtttt,5
NC_037357.1,NC_032679.1,30509355,18335280,18335281,G,GT,1
NC_037357.1,NC_032679.1,30520172,18346095,18346096,a,ac,1
NC_037357.1,NC_032679.1,30534368,18360292,18360293,a,at,1
NC_037357.1,NC_032679.1,30538549,18364474,18364475,A,AT,1
NC_037357.1,NC_032679.1,30567521,18393452,18393453,t,ta,1
NC_037357.1,NC_032679.1,30584231,18410164,18410165,G,GA,1
NC_037357.1,NC_032679.1,30926479,18755061,18755062,A,AC,1
NC_037357.1,NC_032679.1,30956309,18784626,18784627,t,tN,1
NC_037357.1,NC_032679.1,31012969,18841288,18841289,c,cg,1
NC_037357.1,NC_032679.1,31025076,18853396,18853397,T,TA,1
NC_037357.1,NC_032679.1,31110107,18939965,18939967,a,aNN,2
NC_037357.1,NC_032679.1,31135600,18965389,18965391,t,tNN,2
NC_037357.1,NC_032679.1,31145969,18975760,18975761,c,ca,1
NC_037357.1,NC_032679.1,31252738,19082533,19082534,t,tg,1
NC_037357.1,NC_032679.1,31410138,19246808,19246814,c,cctgtgg,6
NC_037357.1,NC_032679.1,31503896,19340569,19340570,C,CG,1
NC_037357.1,NC_032679.1,31960466,19794927,19794929,t,tta,2
NC_037357.1,NC_032679.1,32028026,19862049,19862050,T,TG,1
NC_037357.1,NC_032679.1,32079708,19997495,19997499,A,ACACT,4
NC_037357.1,NC_032679.1,32167411,20085217,20085221,G,GGTGA,4
NC_037357.1,NC_032679.1,32177799,20095652,20095653,A,AG,1
NC_037357.1,NC_032679.1,32179089,20096943,20096944,T,TC,1
NC_037357.1,NC_032679.1,32179304,20097159,20097160,a,at,1
NC_037357.1,NC_032679.1,32199249,20117105,20117106,G,GA,1
NC_037357.1,NC_032679.1,32212288,20130147,20130148,t,ta,1
NC_037357.1,NC_032679.1,32831425,20158076,20158079,t,tttg,3
NC_037357.1,NC_032679.1,32891317,20217967,20217969,t,tNN,2
NC_037357.1,NC_032679.1,33053568,20380141,20380143,t,tgc,2
NC_037357.1,NC_032679.1,33122946,20449529,20449531,t,tNN,2
NC_037357.1,NC_032679.1,33248241,20574563,20574564,C,CM,1
NC_037357.1,NC_032679.1,33366646,20692529,20692530,T,TY,1
NC_037357.1,NC_032679.1,33611113,20933068,20933071,G,GACA,3
NC_037357.1,NC_032679.1,33669356,21037505,21037506,a,at,1
NC_037357.1,NC_032679.1,33992927,21361600,21361602,a,aNt,2
NC_037357.1,NC_032679.1,34011058,21379733,21379735,a,aat,2
NC_037357.1,NC_032679.1,34092740,21479924,21479925,G,GC,1
NC_037357.1,NC_032679.1,34374499,21768011,21768012,G,GK,1
NC_037357.1,NC_032679.1,34374525,21768038,21768039,T,TC,1
NC_037357.1,NC_032679.1,34407906,21792291,21792293,A,AAC,2
NC_037357.1,NC_032679.1,34407930,21792317,21792339,T,TCCTGAGGGAGGGATGATGRGAC,22
NC_037357.1,NC_032679.1,34408019,21792428,21792429,A,AC,1
NC_037357.1,NC_032679.1,34448695,21833106,21833107,C,CS,1
NC_037357.1,NC_032679.1,34672357,22064624,22064626,t,tNN,2
NC_037357.1,NC_032679.1,34672982,22065251,22065256,a,aagtag,5
NC_037357.1,NC_032679.1,34687384,22079657,22079658,a,ac,1
NC_037357.1,NC_032679.1,34784858,22178133,22178134,t,tg,1
NC_037357.1,NC_032679.1,34784873,22178149,22178150,a,ac,1
NC_037357.1,NC_032679.1,34950317,22695114,22695121,g,ggattgct,7
NC_037357.1,NC_032679.1,34950521,22695324,22695325,g,gc,1
NC_037357.1,NC_032679.1,34954582,22699387,22699389,t,tta,2
NC_037357.1,NC_032679.1,35166778,22547152,22547154,c,cRt,2
NC_037357.1,NC_032679.1,35172552,22552928,22552929,T,TN,1
NC_037357.1,NC_032679.1,35173861,22554240,22554241,G,GC,1
NC_037357.1,NC_032679.1,35199931,22580309,22580310,T,TY,1
NC_037357.1,NC_032679.1,36573922,22862245,22862248,T,TAAG,3
NC_037357.1,NC_032679.1,36741144,23029657,23029658,C,CA,1
NC_037357.1,NC_032679.1,36741153,23029667,23029668,T,TA,1
NC_037357.1,NC_032679.1,36836003,23125291,23125292,G,GK,1
NC_037357.1,NC_032679.1,36874495,23163749,23163750,C,CT,1
NC_037357.1,NC_032679.1,36874594,23163852,23163853,A,AG,1
NC_037357.1,NC_032679.1,36878648,23167906,23167907,G,GA,1
NC_037357.1,NC_032679.1,36890720,23194577,23194578,C,CN,1
NC_037357.1,NC_032679.1,36960481,23263900,23263901,C,CT,1
NC_037357.1,NC_032679.1,37004941,23308362,23308363,G,GS,1
NC_037357.1,NC_032679.1,37295078,23559928,23559929,a,at,1
NC_037357.1,NC_032679.1,37358496,23623348,23623349,A,AM,1
NC_037357.1,NC_032679.1,37498435,23763817,23763818,g,gc,1
NC_037357.1,NC_032679.1,38943365,24782877,24782878,c,ca,1
NC_037357.1,NC_032679.1,39029384,24948057,24948060,A,ACAC,3
NC_037357.1,NC_032679.1,39041544,24960038,24960039,a,ag,1
NC_037357.1,NC_032679.1,39041571,24960066,24960067,c,ca,1
NC_037357.1,NC_032679.1,39084572,25003065,25003068,c,ctga,3
NC_037357.1,NC_032679.1,39214836,25200640,25200642,a,aNN,2
NC_037357.1,NC_032679.1,39282488,25268181,25268183,a,aNN,2
NC_037357.1,NC_032679.1,39476306,25462392,25462393,g,ga,1
NC_037357.1,NC_032679.1,39477380,25463467,25463468,t,tc,1
NC_037357.1,NC_032679.1,39504189,25490294,25490295,a,ac,1
NC_037357.1,NC_032679.1,39527605,25513712,25513713,g,gc,1
NC_037357.1,NC_032679.1,39624858,25610972,25610973,g,gc,1
NC_037357.1,NC_032679.1,40065117,26028093,26028094,a,at,1
NC_037357.1,NC_032679.1,40212150,26176052,26176056,t,tgtta,4
NC_037357.1,NC_032679.1,40217338,26181245,26181246,c,ct,1
NC_037357.1,NC_032679.1,40229571,26193480,26193481,a,aN,1
NC_037357.1,NC_032679.1,40386230,26350140,26350141,G,GC,1
NC_037357.1,NC_032679.1,40395796,26359705,26359706,t,ta,1
NC_037357.1,NC_032679.1,40433253,26397254,26397255,c,ct,1
NC_037357.1,NC_032679.1,40702130,26707347,26707348,a,at,1
NC_037357.1,NC_032679.1,40726929,26732000,26732002,a,atg,2
NC_037357.1,NC_032679.1,40736781,26742743,26742744,t,tc,1
NC_037357.1,NC_032679.1,40736852,26742815,26742817,c,ctt,2
NC_037357.1,NC_032679.1,40759735,26765700,26765702,t,tNN,2
NC_037357.1,NC_032679.1,40944460,26950285,26950287,t,tNN,2
NC_037357.1,NC_032679.1,40945687,26951514,26951516,g,ggt,2
NC_037357.1,NC_032679.1,45393567,27649729,27649730,G,GW,1
NC_037357.1,NC_032679.1,45404577,27660422,27660423,g,gc,1
NC_037357.1,NC_032679.1,45436392,27710197,27710199,t,tNN,2
NC_037357.1,NC_032679.1,45445985,27719794,27719796,G,GTT,2
NC_037357.1,NC_032679.1,45572214,27870005,27870006,g,gt,1
NC_037357.1,NC_032679.1,45692520,27996755,27996756,T,TA,1
NC_037357.1,NC_032679.1,46048268,28377871,28377872,g,gt,1
NC_037357.1,NC_032679.1,46052337,28381941,28381942,a,at,1
NC_037357.1,NC_032679.1,46146257,28475858,28475859,c,ct,1
NC_037357.1,NC_032679.1,46235744,28565249,28565250,a,at,1
NC_037357.1,NC_032679.1,48389394,28630517,28630519,c,cat,2
NC_037357.1,NC_032679.1,48581261,28834245,28834250,T,TAACTC,5
NC_037357.1,NC_032679.1,48642396,28895384,28895386,a,aNN,2
NC_037357.1,NC_032679.1,48701181,28954075,28954077,t,tac,2
NC_037357.1,NC_032679.1,48855067,29107689,29107690,t,ta,1
NC_037357.1,NC_032679.1,49341171,29479416,29479417,t,tc,1
NC_037357.1,NC_032679.1,49450931,29589894,29589895,g,ga,1
NC_037357.1,NC_032679.1,49566954,29705289,29705290,T,TC,1
NC_037357.1,NC_032679.1,55097757,32081089,32081090,G,GC,1
NC_037357.1,NC_032679.1,56690638,34430350,34430351,t,ta,1
NC_037357.1,NC_032679.1,56833790,34572713,34572720,C,CAACTCTS,7
NC_037357.1,NC_032679.1,56850788,34589718,34589719,T,TG,1
NC_037357.1,NC_032679.1,56953939,34692874,34692875,g,gt,1
NC_037357.1,NC_032679.1,57000395,34739754,34739755,A,AM,1
NC_037357.1,NC_032679.1,57075420,34826070,34826071,C,CT,1
NC_037357.1,NC_032679.1,57157218,34907761,34907762,a,ac,1
NC_037357.1,NC_032679.1,57295945,35046174,35046175,C,CT,1
NC_037357.1,NC_032679.1,57409613,35184258,35184259,c,ct,1
NC_037357.1,NC_032679.1,57471605,35246798,35246799,t,tg,1
NC_037357.1,NC_032679.1,57471653,35246847,35246848,g,gt,1
NC_037357.1,NC_032679.1,57471726,35246921,35246927,t,tatactc,6
NC_037357.1,NC_032679.1,57493173,35268372,35268373,g,gt,1
NC_037357.1,NC_032679.1,57654011,35429017,35429018,A,AC,1
NC_037357.1,NC_032679.1,57793125,35568134,35568135,g,ga,1
NC_037357.1,NC_032679.1,57817528,35592539,35592540,c,cg,1
NC_037357.1,NC_032679.1,57968653,35743994,35743995,t,tc,1
NC_037357.1,NC_032679.1,58147000,35928323,35928337,C,CTGTAGAGNNNNNNN,14
NC_037357.1,NC_032679.1,58552660,36266696,36266697,C,CM,1
NC_037357.1,NC_032679.1,58564260,36278299,36278303,T,TTTNN,4
NC_037357.1,NC_032679.1,58747728,36462118,36462119,G,Gc,1
NC_037357.1,NC_032679.1,58832466,36626947,36626948,G,GC,1
NC_037357.1,NC_032679.1,59148474,36948782,36948784,c,cat,2
NC_037357.1,NC_032679.1,59152637,36953799,36953800,g,ga,1
NC_037357.1,NC_032679.1,59153276,36954440,36954441,t,ta,1
NC_037357.1,NC_032679.1,59185514,37250813,37250814,T,TC,1
NC_037357.1,NC_032679.1,59187621,37248709,37248710,G,GT,1
NC_037357.1,NC_032679.1,59191139,37254343,37254344,C,CA,1
NC_037357.1,NC_032679.1,59385365,37448692,37448693,T,TG,1
NC_037357.1,NC_032679.1,59633110,37695081,37695082,T,TC,1
NC_037357.1,NC_032679.1,59754817,37816778,37816779,C,CA,1
NC_037357.1,NC_032679.1,59756302,37818264,37818265,A,AC,1
NC_037357.1,NC_032679.1,59766926,37828890,37828891,c,ca,1
NC_037357.1,NC_032679.1,59767102,37829067,37829073,c,ctaatga,6
NC_037357.1,NC_032679.1,59943321,38004833,38004834,C,CG,1
NC_037357.1,NC_032679.1,60059453,38120983,38120987,g,gctaa,4
NC_037357.1,NC_032679.1,60068692,38149871,38149872,a,at,1
NC_037357.1,NC_032679.1,60182063,38262884,38262886,a,aNN,2
NC_037357.1,NC_032679.1,60229325,38310148,38310149,G,GA,1
NC_037357.1,NC_032679.1,60382517,38462201,38462202,t,tW,1
NC_037357.1,NC_032679.1,61694791,76328574,76328575,t,ta,1
NC_037357.1,NC_032679.1,62727040,40239228,40239229,G,GK,1
NC_037357.1,NC_032679.1,62804560,40316975,40316976,g,ga,1
NC_037357.1,NC_032679.1,62815298,40327715,40327716,t,tg,1
NC_037357.1,NC_032679.1,62830223,40342641,40342643,a,aaN,2
NC_037357.1,NC_032679.1,62902885,40414653,40414654,t,tG,1
NC_037357.1,NC_032679.1,62916404,40428175,40428176,T,TA,1
NC_037357.1,NC_032679.1,62951552,40459694,40459706,A,ANNNNNNNNNNNN,12
NC_037357.1,NC_032679.1,62997942,40506099,40506100,a,at,1
NC_037357.1,NC_032679.1,63037002,40545162,40545165,t,tgtc,3
NC_037357.1,NC_032679.1,63040844,40549012,40549013,t,tN,1
NC_037357.1,NC_032679.1,63109761,40619221,40619223,G,GAA,2
NC_037357.1,NC_032679.1,63143329,40652393,40652394,G,GA,1
NC_037357.1,NC_032679.1,64166156,40722270,40722272,C,CAA,2
NC_037357.1,NC_032679.1,64361680,40957942,40957946,G,GTAAC,4
NC_037357.1,NC_032679.1,64402210,40998475,40998476,G,GA,1
NC_037357.1,NC_032679.1,64431532,84777461,84777463,a,aat,2
NC_037357.1,NC_032679.1,64431824,84777755,84777759,g,gaaaa,4
NC_037357.1,NC_032679.1,64727650,41323250,41323251,G,GC,1
NC_037357.1,NC_032679.1,64834003,41429603,41429605,a,aNN,2
NC_037357.1,NC_032679.1,64844498,41440099,41440101,t,tNN,2
NC_037357.1,NC_032679.1,65043499,41671093,41671094,c,ca,1
NC_037357.1,NC_032679.1,65106052,41733150,41733151,c,ca,1
NC_037357.1,NC_032679.1,65106097,41733196,41733197,a,ag,1
NC_037357.1,NC_032679.1,65109708,41736807,41736808,C,CA,1
NC_037357.1,NC_032679.1,65217923,41870936,41870937,g,ga,1
NC_037357.1,NC_032679.1,65269145,41925769,41925771,a,aNN,2
NC_037357.1,NC_032679.1,65476506,42132907,42132908,a,ag,1
NC_037357.1,NC_032679.1,65479229,42135631,42135632,a,ag,1
NC_037357.1,NC_032679.1,65529670,42191407,42191408,A,AC,1
NC_037357.1,NC_032679.1,65539279,42201018,42201019,g,gt,1
NC_037357.1,NC_032679.1,66414330,42610837,42610838,T,TC,1
NC_037357.1,NC_032679.1,69269257,42737321,42737322,a,aN,1
NC_037357.1,NC_032679.1,69349706,42817509,42817510,G,GS,1
NC_037357.1,NC_032679.1,69647678,43116626,43116627,G,GC,1
NC_037357.1,NC_032679.1,69762565,43231506,43231507,a,ag,1
NC_037357.1,NC_032679.1,69885275,43362631,43362632,g,gt,1
NC_037357.1,NC_032679.1,69997030,43474400,43474402,g,gga,2
NC_037357.1,NC_032679.1,75076512,45104894,45104895,g,ga,1
NC_037357.1,NC_032679.1,75372239,45403398,45403399,t,ta,1
NC_037357.1,NC_032679.1,75392409,45423562,45423563,g,ga,1
NC_037357.1,NC_032679.1,75404816,45435970,45435987,g,gggttgccatttccttct,17
NC_037357.1,NC_032679.1,75779408,45744858,45744859,g,ga,1
NC_037357.1,NC_032679.1,75878351,45843802,45843803,t,ta,1
NC_037357.1,NC_032679.1,76243295,46216340,46216342,a,aNN,2
NC_037357.1,NC_032679.1,76399324,46379418,46379420,a,acc,2
NC_037357.1,NC_032679.1,76489411,46469225,46469227,t,tNN,2
NC_037357.1,NC_032679.1,76604167,46583985,46583987,C,CTG,2
NC_037357.1,NC_032679.1,76743981,46762259,46762261,t,taN,2
NC_037357.1,NC_032679.1,76782320,46800599,46800601,t,ttg,2
NC_037357.1,NC_032679.1,76787087,46805368,46805370,g,gaa,2
NC_037357.1,NC_032679.1,76819734,46838030,46838043,t,tcttaactcaGAAC,13
NC_037357.1,NC_032679.1,76919069,46937564,46937588,g,gcNNNNNNNNNNNNNNNNNNNNNNN,24
NC_037357.1,NC_032679.1,77008780,47027063,47027091,a,aaccctcaaggagctcaaagaccccagct,28
NC_037357.1,NC_032679.1,77048217,47066467,47066468,C,CG,1
NC_037357.1,NC_032679.1,77117725,47135972,47135973,C,CA,1
NC_037357.1,NC_032679.1,77167265,47185518,47185519,G,GA,1
NC_037357.1,NC_032679.1,77247546,47265803,47265804,T,TA,1
NC_037357.1,NC_032679.1,77306483,47324736,47324737,c,ca,1
NC_037357.1,NC_032679.1,77387956,47406064,47406066,a,aag,2
NC_037357.1,NC_032679.1,77404226,47422338,47422339,t,ta,1
NC_037357.1,NC_032679.1,77440444,47458614,47458616,t,tNN,2
NC_037357.1,NC_032679.1,77572130,47595308,47595309,a,ac,1
NC_037357.1,NC_032679.1,77607939,47627744,47627747,a,atgc,3
NC_037357.1,NC_032679.1,77619945,47639813,47639816,t,taaa,3
NC_037357.1,NC_032679.1,77621320,47641191,47641192,T,TA,1
NC_037357.1,NC_032679.1,77623913,47643785,47643789,g,gaaaa,4
NC_037357.1,NC_032679.1,77690331,47718365,47718366,g,ga,1
NC_037357.1,NC_032679.1,77694480,47722542,47722543,T,TA,1
NC_037357.1,NC_032679.1,78386346,47865912,47865913,c,ca,1
NC_037357.1,NC_032679.1,78389652,47869219,47869220,c,ca,1
NC_037357.1,NC_032679.1,78389840,47869408,47869411,t,tctc,3
NC_037357.1,NC_032679.1,78390148,47869719,47869720,t,tc,1
NC_037357.1,NC_032679.1,78390162,47869734,47869737,a,acat,3
NC_037357.1,NC_032679.1,78466668,47946097,47946099,G,GAT,2
NC_037357.1,NC_032679.1,78500784,47973947,47973948,a,at,1
NC_037357.1,NC_032679.1,78501107,47974275,47974277,g,gtc,2
NC_037357.1,NC_032679.1,78537914,48011108,48011109,a,aN,1
NC_037357.1,NC_032679.1,78593524,48066599,48066600,G,GA,1
NC_037357.1,NC_032679.1,78685783,48160190,48160191,g,gc,1
NC_037357.1,NC_032679.1,79013557,48291122,48291123,G,GC,1
NC_037357.1,NC_032679.1,79016965,48287735,48287736,T,TC,1
NC_037357.1,NC_032679.1,79474817,49285771,49285772,a,ac,1
NC_037357.1,NC_032679.1,79517259,49328212,49328213,G,GC,1
NC_037357.1,NC_032679.1,79568557,49384709,49384710,T,TY,1
NC_037357.1,NC_032679.1,79641482,49458462,49458463,G,GR,1
NC_037357.1,NC_032679.1,79887203,49707570,49707571,a,at,1
NC_037357.1,NC_032679.1,79954195,49774564,49774565,C,CG,1
NC_037357.1,NC_032679.1,79991343,49811709,49811710,A,AR,1
NC_037357.1,NC_032679.1,80002212,49822580,49822581,T,TK,1
NC_037357.1,NC_032679.1,80005237,49825608,49825609,T,TG,1
NC_037357.1,NC_032679.1,80237295,50066706,50066707,c,cg,1
NC_037357.1,NC_032679.1,80238304,50067715,50067719,t,tNNNN,4
NC_037357.1,NC_032679.1,80262789,50092308,50092309,G,GS,1
NC_037357.1,NC_032679.1,81318550,50338989,50338990,G,GK,1
NC_037357.1,NC_032679.1,81322211,50342615,50342616,g,ga,1
NC_037357.1,NC_032679.1,81443789,50503858,50503859,G,GT,1
NC_037357.1,NC_032679.1,81554386,50613200,50613201,g,gt,1
NC_037357.1,NC_032679.1,81952298,51011788,51011790,c,cca,2
NC_037357.1,NC_032679.1,82974800,51526137,51526139,T,TNN,2
NC_037357.1,NC_032679.1,82985458,51536797,51536799,t,taN,2
NC_037357.1,NC_032679.1,82996472,51547813,51547814,t,ta,1
NC_037357.1,NC_032679.1,83003526,51554874,51554876,c,ctg,2
NC_037357.1,NC_032679.1,83009706,51561059,51561060,g,gc,1
NC_037357.1,NC_032679.1,83081273,51669811,51669812,c,ct,1
NC_037357.1,NC_032679.1,83341147,51928179,51928180,c,ct,1
NC_037357.1,NC_032679.1,83450071,52037079,52037080,g,gc,1
NC_037357.1,NC_032679.1,83614988,52202720,52202721,a,ac,1
NC_037357.1,NC_032679.1,83764229,52360353,52360354,t,tN,1
NC_037357.1,NC_032679.1,83766532,52362657,52362659,a,aNN,2
NC_037357.1,NC_032679.1,83780585,52376712,52376714,c,cYa,2
NC_037357.1,NC_032679.1,83841022,52437153,52437154,a,at,1
NC_037357.1,NC_032679.1,83873530,52469664,52469665,T,TA,1
NC_037357.1,NC_032679.1,83877643,52473779,52473780,c,ca,1
NC_037357.1,NC_032679.1,83877682,52473819,52473820,T,TA,1
NC_037357.1,NC_032679.1,83877685,52473823,52473824,A,AG,1
NC_037357.1,NC_032679.1,83890592,52486733,52486734,a,ag,1
NC_037357.1,NC_032679.1,84024546,52626901,52626902,t,tN,1
NC_037357.1,NC_032679.1,84124772,52745836,52745837,a,aN,1
NC_037357.1,NC_032679.1,84125061,52746126,52746127,t,tg,1
NC_037357.1,NC_032679.1,84125068,52746134,52746135,t,ta,1
NC_037357.1,NC_032679.1,84125223,52746291,52746292,g,gt,1
NC_037357.1,NC_032679.1,90472811,59740262,59740267,c,ctctgt,5
NC_037357.1,NC_032679.1,91094672,58846700,58846701,A,AC,1
NC_037357.1,NC_032679.1,91311393,59045131,59045132,a,at,1
NC_037357.1,NC_032679.1,92073264,59839480,59839484,c,cTCTT,4
NC_037357.1,NC_032679.1,92122337,59889196,59889197,g,ga,1
NC_037357.1,NC_032679.1,92263302,60037868,60037869,T,TA,1
NC_037357.1,NC_032679.1,92303030,60077597,60077598,t,tc,1
NC_037357.1,NC_032679.1,92304982,60079550,60079554,a,atgat,4
NC_037357.1,NC_032679.1,92318741,60093313,60093315,a,aat,2
NC_037357.1,NC_032679.1,92389166,60163739,60163740,C,CS,1
NC_037357.1,NC_032679.1,92402860,60177435,60177436,t,ta,1
NC_037357.1,NC_032679.1,92477214,60268586,60268587,C,CG,1
NC_037357.1,NC_032679.1,92562510,60353893,60353894,c,ca,1
NC_037357.1,NC_032679.1,92668624,60436903,60436904,a,ac,1
NC_037357.1,NC_032679.1,94664391,56823890,56823892,t,tNN,2
NC_037357.1,NC_032679.1,95030375,57208251,57208252,a,at,1
NC_037357.1,NC_032679.1,95206978,57384405,57384406,c,ca,1
NC_037357.1,NC_032679.1,95236513,57413938,57413940,g,gtt,2
NC_037357.1,NC_032679.1,95266877,57444304,57444306,t,tNN,2
NC_037357.1,NC_032679.1,95372687,57551411,57551412,t,tc,1
NC_037357.1,NC_032679.1,95419179,57597954,57597955,t,tc,1
NC_037357.1,NC_032679.1,95698060,57755473,57755475,c,cct,2
NC_037357.1,NC_032679.1,95791204,57849703,57849704,t,tc,1
NC_037357.1,NC_032679.1,95801931,57860431,57860433,t,tNN,2
NC_037357.1,NC_032679.1,95864473,57922783,57922789,t,tgatgtg,6
NC_037357.1,NC_032679.1,96181722,58137234,58137236,g,ggt,2
NC_037357.1,NC_032679.1,96257689,58215654,58215655,A,AT,1
NC_037357.1,NC_032679.1,96325012,58282260,58282263,G,GAAR,3
NC_037357.1,NC_032679.1,96325056,58282307,58282308,A,AG,1
NC_037357.1,NC_032679.1,96432622,58389871,58389872,t,tg,1
NC_037357.1,NC_032679.1,97708732,60986113,60986114,t,ta,1
NC_037357.1,NC_032679.1,97709674,60987056,60987057,t,ta,1
NC_037357.1,NC_032679.1,97712615,60989998,60989999,t,tN,1
NC_037357.1,NC_032679.1,97716160,60993543,60993545,a,att,2
NC_037357.1,NC_032679.1,97716615,60994000,60994001,t,tg,1
NC_037357.1,NC_032679.1,97719198,60996584,60996585,t,ta,1
NC_037357.1,NC_032679.1,97949951,61231110,61231111,C,CT,1
NC_037357.1,NC_032679.1,98016949,61303056,61303057,G,GA,1
NC_037357.1,NC_032679.1,98037045,61323149,61323150,A,AG,1
NC_037357.1,NC_032679.1,98076877,61362988,61362989,G,GA,1
NC_037357.1,NC_032679.1,98095999,61382115,61382116,G,GK,1
NC_037357.1,NC_032679.1,98104035,61390152,61390154,t,tNN,2
NC_037357.1,NC_032679.1,98170935,61457541,61457542,T,TN,1
NC_037357.1,NC_032679.1,98208516,61495125,61495126,t,tN,1
NC_037357.1,NC_032679.1,98333544,61621701,61621702,a,aN,1
NC_037357.1,NC_032679.1,98405412,61693477,61693478,t,tg,1
NC_037357.1,NC_032679.1,98543532,61832245,61832247,a,aNN,2
NC_037357.1,NC_032679.1,98836455,62168916,62168917,C,CA,1
NC_037357.1,NC_032679.1,99116438,62456773,62456774,t,tc,1
NC_037357.1,NC_032679.1,99538011,62662923,62662924,c,ca,1
NC_037357.1,NC_032679.1,99553733,62678320,62678322,a,aNN,2
NC_037357.1,NC_032679.1,99553850,62678439,62678440,t,tc,1
NC_037357.1,NC_032679.1,99650414,62775384,62775385,c,ca,1
NC_037357.1,NC_032679.1,99740708,62869056,62869057,c,cg,1
NC_037357.1,NC_032679.1,99799469,62927821,62927822,t,ta,1
NC_037357.1,NC_032679.1,99829660,62958025,62958026,t,ta,1
NC_037357.1,NC_032679.1,99952593,63080285,63080287,a,aNN,2
NC_037357.1,NC_032679.1,100027238,63154977,63154978,C,CA,1
NC_037357.1,NC_032679.1,100159471,63287311,63287312,C,CA,1
NC_037357.1,NC_032679.1,100410448,63535767,63535768,c,ct,1
NC_037357.1,NC_032679.1,100654489,63828034,63828035,t,tc,1
NC_037357.1,NC_032679.1,100906284,64080265,64080267,g,gga,2
NC_037357.1,NC_032679.1,100927560,64101366,64101368,g,ggt,2
NC_037357.1,NC_032679.1,101098421,64271907,64271908,a,ag,1
NC_037357.1,NC_032679.1,101103252,64276718,64276727,t,tatcgagttc,9
NC_037357.1,NC_032679.1,101103960,64277407,64277408,g,gc,1
NC_037357.1,NC_032679.1,101131537,64306671,64306672,G,GA,1
NC_037357.1,NC_032679.1,101319481,64414902,64414903,t,tc,1
NC_037357.1,NC_032679.1,101644385,64740749,64740751,a,aNN,2
NC_037357.1,NC_032679.1,104553874,65030002,65030003,c,cg,1
NC_037357.1,NC_032679.1,104709454,65185564,65185565,C,CA,1
NC_037357.1,NC_032679.1,104964333,65501327,65501328,T,TG,1
NC_037357.1,NC_032679.1,104966178,65503015,65503016,T,TG,1
NC_037357.1,NC_032679.1,105013358,65532679,65532683,a,aNNNN,4
NC_037357.1,NC_032679.1,105033182,65552056,65552057,t,ta,1
NC_037357.1,NC_032679.1,105168254,65686454,65686455,T,TG,1
NC_037357.1,NC_032679.1,105321652,65839527,65839528,c,ca,1
NC_037357.1,NC_032679.1,105321695,65839571,65839572,t,ta,1
NC_037357.1,NC_032679.1,107654493,66020501,66020502,G,GK,1
NC_037357.1,NC_032679.1,107964850,66331658,66331662,a,aNNNN,4
NC_037357.1,NC_032679.1,107969928,66336740,66336741,c,ca,1
NC_037357.1,NC_032679.1,108340577,66745239,66745240,c,ca,1
NC_037357.1,NC_032679.1,108343060,66747723,66747724,g,ga,1
NC_037357.1,NC_032679.1,108749462,67150037,67150038,g,gc,1
NC_037357.1,NC_032679.1,108766890,67167118,67167120,t,taa,2
NC_037357.1,NC_032679.1,109333245,67558766,67558767,a,aN,1
NC_037357.1,NC_032679.1,109334342,67559861,67559882,T,TATNNNNNNNNNNNNNNNNNNN,21
NC_037357.1,NC_032679.1,109712907,67940260,67940261,g,ga,1
NC_037357.1,NC_032679.1,109813794,68042892,68042893,c,ct,1
NC_037357.1,NC_032679.1,109813816,68042915,68042918,c,ctct,3
NC_037357.1,NC_032679.1,109955779,68178208,68178209,G,GN,1
NC_037357.1,NC_032679.1,110330847,68598161,68598162,T,TA,1
NC_037357.1,NC_032679.1,110909624,69207834,69207835,C,CT,1
NC_037357.1,NC_032679.1,110992841,69289461,69289463,c,cat,2
NC_037357.1,NC_032679.1,111016742,69313362,69313363,T,TA,1
NC_037357.1,NC_032679.1,111061015,69357635,69357636,t,ta,1
NC_037357.1,NC_032679.1,114520700,69668705,69668708,T,TATN,3
NC_037357.1,NC_032679.1,114693515,69896313,69896314,c,ca,1
NC_037357.1,NC_032679.1,114709009,69911598,69911599,a,at,1
NC_037357.1,NC_032679.1,116878555,69996746,69996747,a,aN,1
NC_037357.1,NC_032679.1,117027385,70145401,70145403,T,TTA,2
NC_037357.1,NC_032679.1,117168674,70290415,70290416,G,GC,1
NC_037357.1,NC_032679.1,117177271,70299002,70299003,t,ta,1
NC_037357.1,NC_032679.1,117185678,70307416,70307417,a,at,1
NC_037357.1,NC_032679.1,117186886,70308620,70308621,c,ct,1
NC_037357.1,NC_032679.1,117188170,70309902,70309904,c,caa,2
NC_037357.1,NC_032679.1,117188499,70310228,70310229,a,ac,1
NC_037357.1,NC_032679.1,117189474,70311204,70311205,t,ta,1
NC_037357.1,NC_032679.1,117190387,70312118,70312119,A,AG,1
NC_037357.1,NC_032679.1,117190539,70312271,70312272,C,CA,1
NC_037357.1,NC_032679.1,117190721,70312454,70312455,g,ga,1
NC_037357.1,NC_032679.1,117191361,70313094,70313095,t,ta,1
NC_037357.1,NC_032679.1,117191754,70313488,70313489,C,CA,1
NC_037357.1,NC_032679.1,117192072,70313807,70313808,A,AT,1
NC_037357.1,NC_032679.1,117192103,70313839,70313840,G,GA,1
NC_037357.1,NC_032679.1,117192148,70313885,70313886,G,GA,1
NC_037357.1,NC_032679.1,117192394,70314132,70314133,c,ca,1
NC_037357.1,NC_032679.1,117192599,70314337,70314338,T,TG,1
NC_037357.1,NC_032679.1,117193350,70315088,70315089,T,TA,1
NC_037357.1,NC_032679.1,117197968,71136770,71136771,T,TC,1
NC_037357.1,NC_032679.1,117197968,70942310,70942311,T,TC,1
NC_037357.1,NC_032679.1,117200081,70944657,70944658,A,AC,1
NC_037357.1,NC_032679.1,117204290,71143095,71143098,g,gcaA,3
NC_037357.1,NC_032679.1,117204290,70948868,70948871,g,gcaA,3
NC_037357.1,NC_032679.1,117267558,71206444,71206445,G,GT,1
NC_037357.1,NC_032679.1,117541930,71481768,71481769,t,tc,1
NC_037357.1,NC_032679.1,117591821,71526482,71526483,T,TA,1
NC_037357.1,NC_032679.1,117851350,71785641,71785642,a,at,1
NC_037357.1,NC_032679.1,117874053,71808345,71808347,A,AGT,2
NC_037357.1,NC_032679.1,117874212,71808506,71808519,G,GGAGTTAGCCAATC,13
NC_037357.1,NC_032679.1,117902826,71830585,71830586,a,at,1
NC_037357.1,NC_032679.1,117903464,71831223,71831225,g,gaa,2
NC_037357.1,NC_032679.1,117962322,71891259,71891261,t,taa,2
NC_037357.1,NC_032679.1,117979325,71908435,71908437,a,act,2
NC_037357.1,NC_032679.1,118069481,71998201,71998202,a,aN,1
NC_037357.1,NC_032679.1,118152499,72079992,72079994,a,aag,2
NC_037357.1,NC_032679.1,118251339,72178830,72178831,T,TC,1
NC_037357.1,NC_032679.1,118318467,72246006,72246008,a,acc,2
NC_037357.1,NC_032679.1,118455731,72381380,72381381,C,CN,1
NC_037357.1,NC_032679.1,118644680,72570334,72570336,a,aag,2
NC_037357.1,NC_032679.1,119015385,72934737,72934738,A,AN,1
NC_037357.1,NC_032679.1,119162521,73081516,73081518,g,gga,2
NC_037357.1,NC_032679.1,119243459,73162492,73162493,A,AT,1
NC_037357.1,NC_032679.1,119329490,73248526,73248527,C,CA,1
NC_037357.1,NC_032679.1,120139298,84318905,84318906,A,AT,1
NC_037357.1,NC_032679.1,120142046,84321652,84321653,t,tY,1
NC_037357.1,NC_032679.1,120149349,84328959,84328961,T,TAR,2
NC_037357.1,NC_032679.1,120156634,84336251,84336252,c,ct,1
NC_037357.1,NC_032679.1,120167561,84347130,84347131,A,AR,1
NC_037357.1,NC_032679.1,120181265,84360827,84360828,T,TW,1
NC_037357.1,NC_032679.1,120195494,84373186,84373187,g,ga,1
NC_037357.1,NC_032679.1,120198166,84375859,84375860,A,AC,1
NC_037357.1,NC_032679.1,120240307,84417964,84417965,g,gc,1
NC_037357.1,NC_032679.1,120372001,73595621,73595622,t,tc,1
NC_037357.1,NC_032679.1,120431432,73655724,73655725,t,tN,1
NC_037357.1,NC_032679.1,120434372,73658665,73658667,C,CCT,2
NC_037357.1,NC_032679.1,120658076,73891483,73891492,t,tttcggactc,9
NC_037357.1,NC_032679.1,120988359,74228387,74228388,G,GA,1
NC_037357.1,NC_032679.1,121093330,74333543,74333544,a,aN,1
NC_037357.1,NC_032679.1,121356444,74593444,74593445,T,TK,1
NC_037357.1,NC_032679.1,121393433,74629805,74629807,t,tNN,2
NC_037357.1,NC_032679.1,121504929,74741590,74741591,T,TA,1
NC_037357.1,NC_032679.1,121746327,74982990,74982991,G,GC,1
NC_037357.1,NC_032679.1,122919414,75237032,75237033,G,GA,1
NC_037357.1,NC_032679.1,122921578,75239197,75239200,g,gttt,3
NC_037357.1,NC_032679.1,123008734,75326358,75326359,C,CA,1
NC_037357.1,NC_032679.1,123008745,75326370,75326371,C,CT,1
NC_037357.1,NC_032679.1,123008757,75326383,75326384,T,TA,1
NC_037357.1,NC_032679.1,123042449,75360166,75360167,A,AG,1
NC_037357.1,NC_032679.1,123078172,75395462,75395464,t,ttN,2
NC_037357.1,NC_032679.1,123731728,76052543,76052544,a,ag,1
NC_037357.1,NC_032679.1,123804849,76127549,76127550,t,ta,1
NC_037357.1,NC_032679.1,123828084,76748293,76748294,A,AC,1
NC_037357.1,NC_032679.1,123828691,76748901,76748902,t,tg,1
NC_037357.1,NC_032679.1,123828810,76749021,76749022,t,ta,1
NC_037357.1,NC_032679.1,123831022,76751234,76751237,t,tggg,3
NC_037357.1,NC_032679.1,123831198,76751413,76751414,t,tg,1
NC_037357.1,NC_032679.1,123839269,76759485,76759486,c,ca,1
NC_037357.1,NC_032679.1,123846796,76767014,76767015,a,at,1
NC_037357.1,NC_032679.1,123851837,76772054,76772055,c,ca,1
NC_037357.1,NC_032679.1,123861501,76781710,76781712,A,ACT,2
NC_037357.1,NC_032679.1,123863134,76783325,76783326,T,TG,1
NC_037357.1,NC_032679.1,123863134,76648803,76648804,T,TG,1
NC_037357.1,NC_032679.1,123863336,76783528,76783529,g,ga,1
NC_037357.1,NC_032679.1,123864958,76650628,76650629,t,tg,1
NC_037357.1,NC_032679.1,123865133,76650804,76650805,A,AT,1
NC_037357.1,NC_032679.1,123865172,76650844,76650846,g,gaa,2
NC_037357.1,NC_032679.1,123891847,76677569,76677570,c,ca,1
NC_037357.1,NC_032679.1,123892037,76677760,76677761,G,GC,1
NC_037357.1,NC_032679.1,123900934,76686666,76686670,g,gttct,4
NC_037357.1,NC_032679.1,123904364,76690101,76690104,A,ATAT,3
NC_037357.1,NC_032679.1,123909829,76695559,76695560,G,GT,1
NC_037357.1,NC_032679.1,123916420,76702153,76702154,A,AG,1
NC_037357.1,NC_032679.1,123916853,76702587,76702589,G,GCT,2
NC_037357.1,NC_032679.1,123916853,76227711,76227713,G,GCT,2
NC_037357.1,NC_032679.1,123917463,76703200,76703201,a,aM,1
NC_037357.1,NC_032679.1,123917480,76228337,76228343,t,taaaaaa,6
NC_037357.1,NC_032679.1,123917560,76228423,76228425,g,gta,2
NC_037357.1,NC_032679.1,123918627,76229488,76229510,c,cgttttttttttttttgtttgtt,22
NC_037357.1,NC_032679.1,123918980,76704738,76704751,C,CGTCTCCAAATGGG,13
NC_037357.1,NC_032679.1,123918980,76229865,76229878,C,CGTCTCCAAATGGG,13
NC_037357.1,NC_032679.1,123924760,76235639,76235641,t,tta,2
NC_037357.1,NC_032679.1,123929803,76240786,76240787,C,CG,1
NC_037357.1,NC_032679.1,123943226,76254194,76254196,g,gaa,2
NC_037357.1,NC_032679.1,123951384,76262408,76262409,T,TY,1
NC_037357.1,NC_032679.1,123956570,76267595,76267599,c,ctaaa,4
NC_037357.1,NC_032679.1,123957148,76268178,76268179,c,ct,1
NC_037357.1,NC_032679.1,123967367,76278400,76278401,G,GT,1
NC_037357.1,NC_032679.1,123973218,76284255,76284256,G,GA,1
NC_037357.1,NC_032679.1,123973331,76284369,76284370,G,GT,1
NC_037357.1,NC_032679.1,124057233,76703734,76703738,g,gagtt,4
NC_037357.1,NC_032679.1,124063837,76710355,76710356,A,AG,1
NC_037357.1,NC_032679.1,124068964,76715477,76715478,C,CA,1
NC_037357.1,NC_032679.1,124083849,76730342,76730353,G,GCGATACAGACA,11
NC_037357.1,NC_032679.1,124084633,76731137,76731145,g,gtggttttt,8
NC_037357.1,NC_032679.1,124084898,76731410,76731411,A,AC,1
NC_037357.1,NC_032679.1,124201730,76851519,76851521,A,ACC,2
NC_037357.1,NC_032679.1,124202063,76851853,76851854,a,ac,1
NC_037357.1,NC_032679.1,124219946,76869736,76869737,a,at,1
NC_037357.1,NC_032679.1,124226019,76876153,76876154,c,ct,1
NC_037357.1,NC_032679.1,124235644,76885771,76885775,a,actcc,4
NC_037357.1,NC_032679.1,124305068,76976772,76976774,c,ccg,2
NC_037357.1,NC_032679.1,124464948,77137516,77137518,a,aNN,2
NC_037357.1,NC_032679.1,124508829,77178848,77178849,T,TC,1
NC_037357.1,NC_032679.1,124594128,77264146,77264148,a,aac,2
NC_037357.1,NC_032679.1,124608811,77278832,77278841,g,gaaacagtgt,9
NC_037357.1,NC_032679.1,124657419,77327448,77327449,t,tg,1
NC_037357.1,NC_032679.1,124783571,77453563,77453564,t,tg,1
NC_037357.1,NC_032679.1,124843921,77514004,77514005,T,TA,1
NC_037357.1,NC_032679.1,124891508,77565944,77565945,G,GN,1
NC_037357.1,NC_032679.1,125013553,77688077,77688078,A,AC,1
NC_037357.1,NC_032679.1,125118442,77794949,77794950,C,CA,1
NC_037357.1,NC_032679.1,125136428,77812921,77812922,C,CT,1
NC_037357.1,NC_032679.1,125136470,77812964,77813004,G,GANNNNNNNNNNNNNNNNNNNNNNNNNNNNNNNNNNNNNNN,40
NC_037357.1,NC_032679.1,125242891,77919132,77919133,t,ta,1
NC_037357.1,NC_032679.1,125247084,77918506,77918507,C,CN,1
NC_037357.1,NC_032679.1,125278144,77948733,77948735,T,TAC,2
NC_037357.1,NC_032679.1,125286450,77957033,77957034,t,tc,1
NC_037357.1,NC_032679.1,125332654,78003238,78003240,t,tNN,2
NC_037357.1,NC_032679.1,125337830,78008416,78008417,a,aN,1
NC_037357.1,NC_032679.1,125338136,78008724,78008726,t,tta,2
NC_037357.1,NC_032679.1,125338409,78008999,78009000,g,gt,1
NC_037357.1,NC_032679.1,125345223,78015816,78015817,t,ta,1
NC_037357.1,NC_032679.1,125480815,78150985,78150986,C,CT,1
NC_037357.1,NC_032679.1,125557924,78228095,78228098,t,tgaa,3
NC_037357.1,NC_032679.1,125645413,78314530,78314532,t,tNN,2
NC_037357.1,NC_032679.1,126055703,78725163,78725164,C,CA,1
NC_037357.1,NC_032679.1,127145450,79241663,79241666,t,tgtg,3
NC_037357.1,NC_032679.1,127201831,79298049,79298050,t,ta,1
NC_037357.1,NC_032679.1,127374399,79470825,79470826,a,ac,1
NC_037357.1,NC_032679.1,127454653,79551933,79551934,t,ta,1
NC_037357.1,NC_032679.1,127616819,79724847,79724848,G,GA,1
NC_037357.1,NC_032679.1,127742448,79850478,79850479,G,GT,1
NC_037357.1,NC_032679.1,127878933,79927130,79927131,a,at,1
NC_037357.1,NC_032679.1,128342454,80346037,80346038,c,cS,1
NC_037357.1,NC_032679.1,128436472,80439879,80439880,G,GA,1
NC_037357.1,NC_032679.1,129874037,81189054,81189055,T,TG,1
NC_037357.1,NC_032679.1,129893010,81207774,81207775,A,AT,1
NC_037357.1,NC_032679.1,129903323,81218083,81218084,A,AG,1
NC_037357.1,NC_032679.1,129931185,81245976,81245977,c,ca,1
NC_037357.1,NC_032679.1,129932162,81246954,81246955,a,ag,1
NC_037357.1,NC_032679.1,129932556,81247349,81247350,c,ct,1
NC_037357.1,NC_032679.1,129932894,81247688,81247690,t,tta,2
NC_037357.1,NC_032679.1,129932943,81247739,81247743,t,tctga,4
NC_037357.1,NC_032679.1,129944109,84828138,84828141,T,TCTC,3
NC_037357.1,NC_032679.1,129945704,84829738,84829743,g,ggaaaa,5
NC_037357.1,NC_032679.1,129945704,81360648,81360653,g,ggaaaa,5
NC_037357.1,NC_032679.1,129945988,84830027,84830038,A,AGTCCTGGGGAT,11
NC_037357.1,NC_032679.1,129945988,81360353,81360364,A,AGTCCTGGGGAT,11
NC_037357.1,NC_032679.1,129946827,84830882,84830884,C,CCA,2
NC_037357.1,NC_032679.1,129946827,81359510,81359512,C,CCA,2
NC_037357.1,NC_032679.1,129964191,84848250,84848251,c,ca,1
NC_037357.1,NC_032679.1,130023400,84915525,84915526,T,TA,1
NC_037357.1,NC_032679.1,130026556,84918682,84918683,G,GA,1
NC_037357.1,NC_032679.1,130027631,84919752,84919753,c,ct,1
NC_037357.1,NC_032679.1,130028267,84920387,84920388,T,TG,1
NC_037357.1,NC_032679.1,130028275,84920396,84920397,T,TA,1
NC_037357.1,NC_032679.1,130029180,84921297,84921298,C,CT,1
NC_037357.1,NC_032679.1,130029436,84921550,84921551,G,GC,1
NC_037357.1,NC_032679.1,130029726,84921837,84921838,G,GA,1
NC_037357.1,NC_032679.1,130030042,84922152,84922153,A,AT,1
NC_037357.1,NC_032679.1,130030363,84922471,84922472,a,ag,1
NC_037357.1,NC_032679.1,130030377,84922486,84922487,c,ca,1
NC_037357.1,NC_032679.1,130030558,84922667,84922668,c,ca,1
NC_037357.1,NC_032679.1,130030594,84922702,84922703,c,ct,1
NC_037357.1,NC_032679.1,130030810,84922916,84922917,a,ag,1
NC_037357.1,NC_032679.1,130030996,84923101,84923102,c,ca,1
NC_037357.1,NC_032679.1,130033544,84925641,84925642,a,at,1
NC_037357.1,NC_032679.1,130034651,84926749,84926755,t,tatgtca,6
NC_037357.1,NC_032679.1,130048686,84941354,84941355,A,AC,1
NC_037357.1,NC_032679.1,130075070,84967740,84967741,T,TA,1
NC_037357.1,NC_032679.1,130087201,84979879,84979880,a,at,1
NC_037357.1,NC_032679.1,130093750,84986426,84986427,c,ca,1
NC_037357.1,NC_032679.1,130094045,84986721,84986722,g,ga,1
NC_037357.1,NC_032679.1,130094221,84986898,84986899,a,ac,1
NC_037357.1,NC_032679.1,130094899,84987571,84987572,c,ca,1
NC_037357.1,NC_032679.1,130095279,84987954,84987955,C,CT,1
NC_037357.1,NC_032679.1,130112524,85005730,85005731,G,GT,1
NC_037357.1,NC_032679.1,130112524,81311615,81311616,G,GT,1
NC_037357.1,NC_032679.1,130113021,85006229,85006230,c,ct,1
NC_037357.1,NC_032679.1,130113021,81311116,81311117,c,ct,1
NC_037357.1,NC_032679.1,130113273,85006484,85006485,a,ac,1
NC_037357.1,NC_032679.1,130113522,85006735,85006737,T,TTG,2
NC_037357.1,NC_032679.1,130113522,81310608,81310610,T,TTG,2
NC_037357.1,NC_032679.1,130113529,85006744,85006745,C,CT,1
NC_037357.1,NC_032679.1,130113529,81310600,81310601,C,CT,1
NC_037357.1,NC_032679.1,130113610,85006825,85006826,g,gc,1
NC_037357.1,NC_032679.1,130113680,85006895,85006896,a,at,1
NC_037357.1,NC_032679.1,130113722,85006939,85006940,c,ct,1
NC_037357.1,NC_032679.1,130113756,85006974,85006975,a,at,1
NC_037357.1,NC_032679.1,130113781,85007000,85007001,a,ag,1
NC_037357.1,NC_032679.1,130113794,85007014,85007015,a,at,1
NC_037357.1,NC_032679.1,130113994,85007214,85007215,t,tg,1
NC_037357.1,NC_032679.1,130114191,81309919,81309934,c,cttttatattataaat,15
NC_037357.1,NC_032679.1,130114850,85008065,85008066,t,ta,1
NC_037357.1,NC_032679.1,130115270,81308838,81308839,C,CA,1
NC_037357.1,NC_032679.1,130116005,85009333,85009334,A,AG,1
NC_037357.1,NC_032679.1,130116005,81308100,81308101,A,AG,1
NC_037357.1,NC_032679.1,130116013,85009342,85009343,T,TC,1
NC_037357.1,NC_032679.1,130116013,81308091,81308092,T,TC,1
NC_037357.1,NC_032679.1,130116026,85009356,85009357,A,AC,1
NC_037357.1,NC_032679.1,130116026,81308077,81308078,A,AC,1
NC_037357.1,NC_032679.1,130116216,85009547,85009551,C,CACAA,4
NC_037357.1,NC_032679.1,130116216,81307883,81307887,C,CACAA,4
NC_037357.1,NC_032679.1,130116877,81307193,81307221,T,TATTTACCATCTGCCCCTTTATGGAAAAC,28
NC_037357.1,NC_032679.1,130117053,81307015,81307016,C,CT,1
NC_037357.1,NC_032679.1,130117189,81306877,81306879,G,GCA,2
NC_037357.1,NC_032679.1,130117253,81306811,81306813,C,CCT,2
NC_037357.1,NC_032679.1,130117437,81306626,81306627,t,tg,1
NC_037357.1,NC_032679.1,130117461,81306601,81306602,c,ca,1
NC_037357.1,NC_032679.1,130117823,81306234,81306235,G,GA,1
NC_037357.1,NC_032679.1,130118128,81305924,81305925,T,TC,1
NC_037357.1,NC_032679.1,130136211,81254554,81254555,G,GA,1
NC_037357.1,NC_032679.1,130147197,84450918,84450919,g,ga,1
NC_037357.1,NC_032679.1,130148963,84452677,84452678,c,ct,1
NC_037357.1,NC_032679.1,130181383,81397219,81397220,A,AG,1
NC_037357.1,NC_032679.1,130305933,81566020,81566021,G,GA,1
NC_037357.1,NC_032679.1,130335572,81595661,81595663,a,aNN,2
NC_037357.1,NC_032679.1,130352591,81612683,81612684,g,ga,1
NC_037357.1,NC_032679.1,130434754,81694838,81694839,t,tg,1
NC_037357.1,NC_032679.1,130437589,81697674,81697676,a,aNN,2
NC_037357.1,NC_032679.1,130474827,81761426,81761427,a,at,1
NC_037357.1,NC_032679.1,130686906,81972888,81972890,t,tNN,2
NC_037357.1,NC_032679.1,131149441,82318839,82318841,t,tNN,2
NC_037357.1,NC_032679.1,131189433,82358492,82358493,c,ct,1
NC_037357.1,NC_032679.1,131481992,82650438,82650439,T,TY,1
NC_037357.1,NC_032679.1,132280295,85171320,85171321,G,GA,1
NC_037357.1,NC_032679.1,132484277,85374140,85374143,C,Ccgg,3
NC_037357.1,NC_032679.1,132536140,85430098,85430099,a,ag,1
NC_037357.1,NC_032679.1,132591832,85484879,85484882,t,taaa,3
NC_037357.1,NC_032679.1,132606137,85499184,85499185,G,GR,1
NC_037357.1,NC_032679.1,132668515,85562009,85562010,T,TG,1
NC_037357.1,NC_032679.1,132740666,85636794,85636795,G,GS,1
NC_037357.1,NC_032679.1,132853073,85751300,85751301,g,ga,1
NC_037357.1,NC_032679.1,132870495,85767715,85767716,g,gt,1
NC_037357.1,NC_032679.1,132872681,85769903,85769904,c,ct,1
NC_037357.1,NC_032679.1,132876980,85774204,85774205,A,AC,1
NC_037357.1,NC_032679.1,133209983,86165014,86165015,T,TG,1
NC_037357.1,NC_032679.1,133264809,86220281,86220282,T,TW,1
NC_037357.1,NC_032679.1,135057732,86332004,86332005,G,GA,1
NC_037357.1,NC_032679.1,135057845,86332117,86332118,A,AT,1
NC_037357.1,NC_032679.1,135058064,86332336,86332337,T,TA,1
NC_037357.1,NC_032679.1,135058099,86332372,86332373,G,GT,1
NC_037357.1,NC_032679.1,135058218,86332490,86332491,G,GA,1
NC_037357.1,NC_032679.1,135059869,86326450,86326451,C,CA,1
NC_037357.1,NC_032679.1,135060302,86326882,86326883,a,ag,1
NC_037357.1,NC_032679.1,135061728,86328305,86328306,c,ct,1
NC_037357.1,NC_032679.1,135136718,86403212,86403213,A,AR,1
NC_037357.1,NC_032679.1,135170846,86435795,86435796,a,ag,1
NC_037357.1,NC_032679.1,135177925,86442875,86442876,t,ta,1
NC_037357.1,NC_032679.1,135198912,86464086,86464087,G,GT,1
NC_037357.1,NC_032679.1,135202187,86467363,86467364,c,cg,1
NC_037357.1,NC_032679.1,135451522,86714607,86714608,T,TA,1
NC_037357.1,NC_032679.1,135480868,86743838,86743839,c,ct,1
NC_037357.1,NC_032679.1,135620349,86883344,86883369,T,TGNNNNNNNNNNNNNNNNNNNNNNNN,25
NC_037357.1,NC_032679.1,135665108,86927881,86927882,a,aN,1
NC_037357.1,NC_032679.1,135667232,86930006,86930007,c,ct,1
NC_037357.1,NC_032679.1,135763601,87030169,87030170,g,ga,1
NC_037357.1,NC_032679.1,135832797,87099653,87099654,G,GA,1
NC_037357.1,NC_032679.1,135832823,87099680,87099681,G,GA,1
NC_037357.1,NC_032679.1,135976670,87249710,87249711,a,ac,1
NC_037357.1,NC_032679.1,135976677,87249718,87249720,t,ttc,2
NC_037357.1,NC_032679.1,136053211,87268796,87268797,c,ct,1
NC_037357.1,NC_032679.1,136053250,87268836,87268838,c,cct,2
NC_037357.1,NC_032679.1,136053299,87268887,87268888,t,tg,1
NC_037357.1,NC_032679.1,137687234,88495065,88495066,G,GA,1
NC_037357.1,NC_032679.1,137687354,88494945,88494946,A,AG,1
