Reference ID,Query ID,Reference POS,Query POS,Query END,REF,ALT,SVLEN
NC_037337.1,NC_032659.1,582864,47030,47031,G,GA,1
NC_037337.1,NC_032659.1,602474,66641,66642,a,at,1
NC_037337.1,NC_032659.1,642210,106388,106389,g,gt,1
NC_037337.1,NC_032659.1,651831,116014,116016,t,tNN,2
NC_037337.1,NC_032659.1,722431,186620,186622,A,AAG,2
NC_037337.1,NC_032659.1,1152449,623708,623711,C,CAAA,3
NC_037337.1,NC_032659.1,1179770,651032,651033,G,GT,1
NC_037337.1,NC_032659.1,1188733,660000,660001,t,ta,1
NC_037337.1,NC_032659.1,1244950,716222,716224,t,taa,2
NC_037337.1,NC_032659.1,1277532,748807,748808,T,TC,1
NC_037337.1,NC_032659.1,1302085,773374,773381,G,GGAAAGCT,7
NC_037337.1,NC_032659.1,1320931,792275,792276,g,gt,1
NC_037337.1,NC_032659.1,1324952,796300,796304,a,aNNNN,4
NC_037337.1,NC_032659.1,1561350,1011549,1011554,t,ttggtc,5
NC_037337.1,NC_032659.1,1824363,1275751,1275753,t,tgc,2
NC_037337.1,NC_032659.1,1829972,1281363,1281364,C,CM,1
NC_037337.1,NC_032659.1,1838175,1289567,1289568,c,ct,1
NC_037337.1,NC_032659.1,1838216,1289609,1289611,t,tta,2
NC_037337.1,NC_032659.1,1895053,1346477,1346478,c,ct,1
NC_037337.1,NC_032659.1,2195176,1670000,1670001,c,ct,1
NC_037337.1,NC_032659.1,2207795,1682550,1682551,g,gc,1
NC_037337.1,NC_032659.1,2369716,1844585,1844587,a,aNN,2
NC_037337.1,NC_032659.1,2561151,2036330,2036331,c,ca,1
NC_037337.1,NC_032659.1,2561215,2036395,2036396,t,tN,1
NC_037337.1,NC_032659.1,2561376,2036558,2036559,g,gt,1
NC_037337.1,NC_032659.1,2668738,2144383,2144384,A,AT,1
NC_037337.1,NC_032659.1,2726965,2200401,2200402,t,ta,1
NC_037337.1,NC_032659.1,2727019,2200456,2200457,t,ta,1
NC_037337.1,NC_032659.1,2736764,2210202,2210203,A,AT,1
NC_037337.1,NC_032659.1,2751282,2224715,2224717,g,ggt,2
NC_037337.1,NC_032659.1,2755793,2229232,2229233,C,CT,1
NC_037337.1,NC_032659.1,2792466,2265960,2265961,t,tg,1
NC_037337.1,NC_032659.1,2995871,2469540,2469541,G,GC,1
NC_037337.1,NC_032659.1,3110564,2584804,2584805,T,TY,1
NC_037337.1,NC_032659.1,3113835,2588077,2588078,c,ct,1
NC_037337.1,NC_032659.1,3144782,2625589,2625590,t,tc,1
NC_037337.1,NC_032659.1,3287236,2799571,2799579,T,TAACATAAC,8
NC_037337.1,NC_032659.1,3312442,2824784,2824785,c,ca,1
NC_037337.1,NC_032659.1,3337331,2849796,2849797,A,AC,1
NC_037337.1,NC_032659.1,3337850,2850317,2850318,g,gt,1
NC_037337.1,NC_032659.1,3347634,2860100,2860101,T,TY,1
NC_037337.1,NC_032659.1,3391842,2904410,2904411,c,ct,1
NC_037337.1,NC_032659.1,3462302,2974920,2974921,T,TA,1
NC_037337.1,NC_032659.1,3475487,2987876,2987877,a,ag,1
NC_037337.1,NC_032659.1,3491493,3005788,3005789,a,at,1
NC_037337.1,NC_032659.1,3491665,3005961,3005966,t,taaaaa,5
NC_037337.1,NC_032659.1,3495553,3012086,3012087,t,tc,1
NC_037337.1,NC_032659.1,3518420,3034954,3034955,C,CA,1
NC_037337.1,NC_032659.1,3584587,3102024,3102025,A,AG,1
NC_037337.1,NC_032659.1,3617694,3135284,3135289,a,atcagt,5
NC_037337.1,NC_032659.1,3669307,3186540,3186542,t,ttg,2
NC_037337.1,NC_032659.1,3679539,3196561,3196562,T,TA,1
NC_037337.1,NC_032659.1,3776738,3292060,3292061,c,ca,1
NC_037337.1,NC_032659.1,3796878,3311248,3311249,G,GA,1
NC_037337.1,NC_032659.1,3839464,3353830,3353831,g,ga,1
NC_037337.1,NC_032659.1,3897109,3411472,3411473,G,GT,1
NC_037337.1,NC_032659.1,3897136,3411500,3411501,T,TG,1
NC_037337.1,NC_032659.1,4055744,3566663,3566664,g,ga,1
NC_037337.1,NC_032659.1,4148883,3660144,3660145,g,ga,1
NC_037337.1,NC_032659.1,4185130,3696394,3696395,a,aN,1
NC_037337.1,NC_032659.1,4376595,3888890,3888892,a,act,2
NC_037337.1,NC_032659.1,4445516,3958033,3958036,g,gaac,3
NC_037337.1,NC_032659.1,4445986,3958506,3958507,a,ac,1
NC_037337.1,NC_032659.1,4446255,3958776,3958778,a,act,2
NC_037337.1,NC_032659.1,4494288,4006815,4006816,t,ta,1
NC_037337.1,NC_032659.1,4516826,4029354,4029356,T,TTA,2
NC_037337.1,NC_032659.1,4617855,4128003,4128018,a,acggTGNNNNNNNNNN,15
NC_037337.1,NC_032659.1,4729205,4260121,4260122,t,tc,1
NC_037337.1,NC_032659.1,4843093,4374327,4374328,c,ca,1
NC_037337.1,NC_032659.1,4859636,4390875,4390876,G,GS,1
NC_037337.1,NC_032659.1,5038285,4584988,4584990,C,CCT,2
NC_037337.1,NC_032659.1,5057410,4604138,4604139,T,TA,1
NC_037337.1,NC_032659.1,5057612,4604343,4604368,g,gcgtaNNNNNNNNNNNNNNNNNNNNN,25
NC_037337.1,NC_032659.1,5086535,4636899,4636910,c,cNNNNNNNNNNN,11
NC_037337.1,NC_032659.1,5091275,4641650,4641654,c,cccga,4
NC_037337.1,NC_032659.1,5119305,4671407,4671408,a,ag,1
NC_037337.1,NC_032659.1,5119807,4672450,4672451,c,ca,1
NC_037337.1,NC_032659.1,5130761,4683505,4683506,C,CT,1
NC_037337.1,NC_032659.1,5714601,5342940,5342941,C,CN,1
NC_037337.1,NC_032659.1,5728151,5356491,5356492,C,CG,1
NC_037337.1,NC_032659.1,5919238,5551735,5551737,t,taa,2
NC_037337.1,NC_032659.1,5924163,5548364,5548365,t,ta,1
NC_037337.1,NC_032659.1,5926264,5550466,5550467,c,ct,1
NC_037337.1,NC_032659.1,5945083,5569284,5569285,G,GT,1
NC_037337.1,NC_032659.1,5993788,5617990,5617991,c,ca,1
NC_037337.1,NC_032659.1,6116503,5740832,5740834,G,GTT,2
NC_037337.1,NC_032659.1,6126224,5750556,5750557,G,GT,1
NC_037337.1,NC_032659.1,6126230,5750563,5750564,C,CT,1
NC_037337.1,NC_032659.1,6134317,5758513,5758517,C,CAGTT,4
NC_037337.1,NC_032659.1,6206523,5834945,5834968,c,cattNNNNNNNNNNNNNNNNNNNN,23
NC_037337.1,NC_032659.1,6258115,5886557,5886558,t,tg,1
NC_037337.1,NC_032659.1,6324629,5956086,5956087,T,TC,1
NC_037337.1,NC_032659.1,6470944,6003795,6003796,a,at,1
NC_037337.1,NC_032659.1,6533677,6066612,6066613,t,ta,1
NC_037337.1,NC_032659.1,6533680,6066616,6066617,t,ta,1
NC_037337.1,NC_032659.1,6572813,6105781,6105784,T,TCTC,3
NC_037337.1,NC_032659.1,6603464,6135915,6135916,C,CA,1
NC_037337.1,NC_032659.1,6703347,6235691,6235693,A,ATC,2
NC_037337.1,NC_032659.1,6733321,6265731,6265740,g,gggaaacagt,9
NC_037337.1,NC_032659.1,6750239,6282584,6282585,a,ac,1
NC_037337.1,NC_032659.1,6815826,6365969,6365971,A,ACC,2
NC_037337.1,NC_032659.1,6864283,6414431,6414432,A,AM,1
NC_037337.1,NC_032659.1,6906724,6456875,6456876,T,TG,1
NC_037337.1,NC_032659.1,7018490,6569552,6569553,A,AC,1
NC_037337.1,NC_032659.1,7098711,6649858,6649865,C,CGGGCTTA,7
NC_037337.1,NC_032659.1,7358481,6920545,6920546,A,AT,1
NC_037337.1,NC_032659.1,7362872,6924950,6924951,c,ct,1
NC_037337.1,NC_032659.1,7363017,6925094,6925117,G,GCACCCAGCCTCAGATGCTCAACC,23
NC_037337.1,NC_032659.1,7384502,6946606,6946612,g,gttcgat,6
NC_037337.1,NC_032659.1,7390954,6953061,6953063,T,TAA,2
NC_037337.1,NC_032659.1,7391027,6953136,6953137,C,CG,1
NC_037337.1,NC_032659.1,7397262,6959372,6959373,C,CT,1
NC_037337.1,NC_032659.1,7405732,6967843,6967844,T,TC,1
NC_037337.1,NC_032659.1,7585801,7145303,7145323,G,GAGCATTCCAGGAGCTGGGGT,20
NC_037337.1,NC_032659.1,7843304,7414943,7414953,t,tNNNNNNNNNN,10
NC_037337.1,NC_032659.1,8195026,7774411,7774412,C,CT,1
NC_037337.1,NC_032659.1,8362056,7950623,7950626,t,ttta,3
NC_037337.1,NC_032659.1,8565220,8153714,8153715,A,AC,1
NC_037337.1,NC_032659.1,8760346,8347854,8347855,G,GA,1
NC_037337.1,NC_032659.1,8845413,8435396,8435397,A,AM,1
NC_037337.1,NC_032659.1,8943249,8532818,8532819,G,GA,1
NC_037337.1,NC_032659.1,9126433,8770641,8770642,A,AT,1
NC_037337.1,NC_032659.1,9128343,8772550,8772731,C,CAGTCATATAATTTTCATACTAGTCAATACATTAATNNNNNNNNNNNNNNNNNNNNNNNNNNNNNNNNNNNNNNNNNNNNNNNNNNNNNNNNNNNNNNNNNNNNNNNNNNNNNNNNNNNNNNNNNNNNNNNNNNNNNNNNNNNNNNNNNNNNNNNNNNNNNNNNNNNNNNNNNNNNNNNNNN,181
NC_037337.1,NC_032659.1,9384040,9028414,9028416,c,cca,2
NC_037337.1,NC_032659.1,9438175,9082919,9082920,A,AG,1
NC_037337.1,NC_032659.1,9439322,9084068,9084069,c,ct,1
NC_037337.1,NC_032659.1,9552471,9197231,9197232,T,TA,1
NC_037337.1,NC_032659.1,9776779,9420699,9420709,t,tccactgtttc,10
NC_037337.1,NC_032659.1,9804493,9448425,9448426,A,AT,1
NC_037337.1,NC_032659.1,9804521,9448454,9448455,G,GT,1
NC_037337.1,NC_032659.1,9804536,9448470,9448471,C,CA,1
NC_037337.1,NC_032659.1,9831830,9475767,9475769,a,acg,2
NC_037337.1,NC_032659.1,9998345,9641644,9641645,c,ca,1
NC_037337.1,NC_032659.1,10056149,9668482,9668483,a,ag,1
NC_037337.1,NC_032659.1,10056759,9669093,9669094,g,ga,1
NC_037337.1,NC_032659.1,10056924,9669259,9669261,a,aat,2
NC_037337.1,NC_032659.1,10060722,9673063,9673069,a,atgtgtg,6
NC_037337.1,NC_032659.1,10065824,9678171,9678172,a,at,1
NC_037337.1,NC_032659.1,10185565,9800540,9800541,t,tW,1
NC_037337.1,NC_032659.1,10233214,9848195,9848197,G,GGT,2
NC_037337.1,NC_032659.1,10305092,10043971,10043973,t,tcc,2
NC_037337.1,NC_032659.1,10333131,9930523,9930524,g,ga,1
NC_037337.1,NC_032659.1,10346578,9943969,9943980,a,aaagtgaaagtg,11
NC_037337.1,NC_032659.1,10361826,9959228,9959233,a,aaaaat,5
NC_037337.1,NC_032659.1,10361871,9959278,9959279,a,at,1
NC_037337.1,NC_032659.1,10374283,9971698,9971699,g,gc,1
NC_037337.1,NC_032659.1,10507148,10136800,10136824,C,CCCCGCAANNNNNNNNNNNNNNNNN,24
NC_037337.1,NC_032659.1,10547627,10177303,10177304,C,CA,1
NC_037337.1,NC_032659.1,10569977,10199654,10199655,t,ta,1
NC_037337.1,NC_032659.1,10585698,10215376,10215377,G,GT,1
NC_037337.1,NC_032659.1,10585702,10215381,10215382,G,GA,1
NC_037337.1,NC_032659.1,10585721,10215401,10215402,C,CA,1
NC_037337.1,NC_032659.1,10589259,10218940,10218941,a,at,1
NC_037337.1,NC_032659.1,10598427,10228109,10228110,G,GS,1
NC_037337.1,NC_032659.1,10644197,10273882,10273884,A,AAG,2
NC_037337.1,NC_032659.1,10764536,10524274,10524275,c,cg,1
NC_037337.1,NC_032659.1,10772753,10532492,10532494,G,GCS,2
NC_037337.1,NC_032659.1,10929573,10689995,10689998,G,GGAT,3
NC_037337.1,NC_032659.1,10933096,10693521,10693522,C,CT,1
NC_037337.1,NC_032659.1,10991075,10751497,10751499,A,AAG,2
NC_037337.1,NC_032659.1,10991208,10751632,10751633,A,AG,1
NC_037337.1,NC_032659.1,10996703,10757128,10757129,T,TC,1
NC_037337.1,NC_032659.1,11000900,10762032,10762033,C,CA,1
NC_037337.1,NC_032659.1,11003432,10764566,10764567,c,ca,1
NC_037337.1,NC_032659.1,11037482,10798619,10798620,T,TG,1
NC_037337.1,NC_032659.1,11108101,10869257,10869258,t,ta,1
NC_037337.1,NC_032659.1,11128140,10889302,10889306,c,cccct,4
NC_037337.1,NC_032659.1,11183563,10944688,10944689,C,CY,1
NC_037337.1,NC_032659.1,11198403,10959532,10959533,T,TG,1
NC_037337.1,NC_032659.1,11202548,10964060,10964063,c,caca,3
NC_037337.1,NC_032659.1,11205476,10966995,10966996,A,AC,1
NC_037337.1,NC_032659.1,11221110,10982630,10982631,G,GR,1
NC_037337.1,NC_032659.1,11221407,10982928,10982929,a,at,1
NC_037337.1,NC_032659.1,11248646,11010104,11010105,a,at,1
NC_037337.1,NC_032659.1,11252353,11013812,11013813,T,TY,1
NC_037337.1,NC_032659.1,11260415,11021962,11021963,t,tc,1
NC_037337.1,NC_032659.1,11261209,11022757,11022758,t,ta,1
NC_037337.1,NC_032659.1,11263515,11025061,11025062,c,ct,1
NC_037337.1,NC_032659.1,11263591,11025138,11025139,t,ta,1
NC_037337.1,NC_032659.1,11263886,11025434,11025438,c,ctttt,4
NC_037337.1,NC_032659.1,11266838,11028389,11028390,T,TG,1
NC_037337.1,NC_032659.1,11266847,11028399,11028400,A,AR,1
NC_037337.1,NC_032659.1,11267587,11029139,11029140,a,ac,1
NC_037337.1,NC_032659.1,11312805,11074368,11074369,A,AC,1
NC_037337.1,NC_032659.1,11340738,11105704,11105705,A,AG,1
NC_037337.1,NC_032659.1,11401395,11166107,11166111,t,tctaa,4
NC_037337.1,NC_032659.1,11407087,11171803,11171804,t,tN,1
NC_037337.1,NC_032659.1,11415491,11180211,11180212,C,CA,1
NC_037337.1,NC_032659.1,11415491,11336711,11336712,C,CA,1
NC_037337.1,NC_032659.1,11499082,11211072,11211073,A,AG,1
NC_037337.1,NC_032659.1,11531545,11243407,11243411,C,CCTTT,4
NC_037337.1,NC_032659.1,11541383,11253250,11253252,T,TTC,2
NC_037337.1,NC_032659.1,11573381,11372762,11372763,t,ta,1
NC_037337.1,NC_032659.1,11573403,11372785,11372786,g,ga,1
NC_037337.1,NC_032659.1,11574301,11373684,11373685,G,GT,1
NC_037337.1,NC_032659.1,11590307,11389700,11389705,A,AAACAC,5
NC_037337.1,NC_032659.1,11594877,11394275,11394283,C,CTGAGACTG,8
NC_037337.1,NC_032659.1,11612232,11411641,11411642,t,tc,1
NC_037337.1,NC_032659.1,11613495,11412910,11412912,c,ccg,2
NC_037337.1,NC_032659.1,11632476,11431674,11431675,G,GR,1
NC_037337.1,NC_032659.1,11652664,11451859,11451860,T,TA,1
NC_037337.1,NC_032659.1,11662621,11461833,11461834,G,GA,1
NC_037337.1,NC_032659.1,11664274,11463487,11463488,T,TC,1
NC_037337.1,NC_032659.1,11710896,11523466,11523467,g,ga,1
NC_037337.1,NC_032659.1,11713833,11526432,11526433,A,AW,1
NC_037337.1,NC_032659.1,11725329,11537928,11537929,t,tg,1
NC_037337.1,NC_032659.1,11730531,11543130,11543131,T,TA,1
NC_037337.1,NC_032659.1,11734034,11546639,11546640,c,ca,1
NC_037337.1,NC_032659.1,11743537,11556145,11556146,a,aR,1
NC_037337.1,NC_032659.1,11743862,11556471,11556473,t,tgg,2
NC_037337.1,NC_032659.1,11749027,11561640,11561642,T,TGG,2
NC_037337.1,NC_032659.1,11749034,11561649,11561650,G,GA,1
NC_037337.1,NC_032659.1,11753004,11565639,11565642,t,tagc,3
NC_037337.1,NC_032659.1,11753274,11565912,11565913,C,CY,1
NC_037337.1,NC_032659.1,11793758,11606575,11606578,t,tgaa,3
NC_037337.1,NC_032659.1,11806942,11619758,11619759,t,tc,1
NC_037337.1,NC_032659.1,11819979,11632780,11632781,g,gt,1
NC_037337.1,NC_032659.1,11820630,11633433,11633434,T,TG,1
NC_037337.1,NC_032659.1,11849798,11662604,11662605,T,TA,1
NC_037337.1,NC_032659.1,11902195,11705650,11705664,c,cacacacacacacag,14
NC_037337.1,NC_032659.1,11924705,11728172,11728173,g,gt,1
NC_037337.1,NC_032659.1,11947176,11750645,11750646,T,TC,1
NC_037337.1,NC_032659.1,11962120,11765582,11765583,A,AG,1
NC_037337.1,NC_032659.1,11996692,11800016,11800191,A,ATGAATTTGTAACCACCTCCCATGATGGTGGGATCATGTATTTGTAACCACCTCCCATGATGGTGGGATCATGTATTTGTAACCACCTCCCATGATGGTGGGATCATGCATTTGTAACCACCTCCCATGATGGTGGGATCGTGTATTTGTAACCACCTCCCATGATGGTGGGATCG,175
NC_037337.1,NC_032659.1,12036810,11840175,11840176,T,TC,1
NC_037337.1,NC_032659.1,12036814,11840180,11840181,C,CA,1
NC_037337.1,NC_032659.1,12040050,11843418,11843421,A,ATAC,3
NC_037337.1,NC_032659.1,12055636,11859032,11859033,G,GN,1
NC_037337.1,NC_032659.1,12056797,11860194,11860195,a,aN,1
NC_037337.1,NC_032659.1,12057343,11860739,11860740,g,gK,1
NC_037337.1,NC_032659.1,12058064,11861380,11861382,c,cca,2
NC_037337.1,NC_032659.1,12183410,12006134,12006135,t,tg,1
NC_037337.1,NC_032659.1,12183412,12006137,12006138,g,gt,1
NC_037337.1,NC_032659.1,12210164,12032444,12032445,C,CS,1
NC_037337.1,NC_032659.1,12215383,12037665,12037666,G,GT,1
NC_037337.1,NC_032659.1,12242579,12065340,12065341,T,TC,1
NC_037337.1,NC_032659.1,12268057,12090797,12090798,G,GT,1
NC_037337.1,NC_032659.1,12285985,12108726,12108727,T,TA,1
NC_037337.1,NC_032659.1,12349921,12173085,12173087,a,aac,2
NC_037337.1,NC_032659.1,12354985,12177969,12177972,g,gccc,3
NC_037337.1,NC_032659.1,12368117,12191106,12191108,C,CTG,2
NC_037337.1,NC_032659.1,12375871,12198862,12198864,T,TTA,2
NC_037337.1,NC_032659.1,12417777,12240461,12240462,c,ca,1
NC_037337.1,NC_032659.1,12431420,12254105,12254106,A,AG,1
NC_037337.1,NC_032659.1,12435781,12258466,12258472,C,CNNNNNN,6
NC_037337.1,NC_032659.1,12501825,12324532,12324533,T,TY,1
NC_037337.1,NC_032659.1,12516721,12339431,12339433,T,TTC,2
NC_037337.1,NC_032659.1,12594869,12417290,12417291,t,tN,1
NC_037337.1,NC_032659.1,12684219,12506757,12506758,a,ag,1
NC_037337.1,NC_032659.1,12791390,12616529,12616530,G,GA,1
NC_037337.1,NC_032659.1,12918431,12748194,12748196,C,CAG,2
NC_037337.1,NC_032659.1,12929815,12759579,12759581,G,GCC,2
NC_037337.1,NC_032659.1,12939104,12768872,12768874,A,AAG,2
NC_037337.1,NC_032659.1,12943598,12773368,12773369,C,CM,1
NC_037337.1,NC_032659.1,12947348,12777123,12777142,G,GGACAGCCAGAGGCCYGCAT,19
NC_037337.1,NC_032659.1,12950862,12780659,12780663,T,TGGAA,4
NC_037337.1,NC_032659.1,12957420,12787234,12787235,C,CG,1
NC_037337.1,NC_032659.1,12960224,12790029,12790031,C,CTG,2
NC_037337.1,NC_032659.1,12968651,12798598,12798599,A,AG,1
NC_037337.1,NC_032659.1,13009773,12839738,12839739,A,AR,1
NC_037337.1,NC_032659.1,13037170,12878042,12878043,G,GR,1
NC_037337.1,NC_032659.1,13045469,12886344,12886345,g,ga,1
NC_037337.1,NC_032659.1,13050756,12891631,12891646,a,acctcatggactgcag,15
NC_037337.1,NC_032659.1,13061538,12902141,12902142,T,TC,1
NC_037337.1,NC_032659.1,13074781,12945498,12945501,A,ATAC,3
NC_037337.1,NC_032659.1,13075590,12946309,12946310,T,TC,1
NC_037337.1,NC_032659.1,13076410,12947128,12947143,c,cacgGATCCACACCCT,15
NC_037337.1,NC_032659.1,13094975,12965636,12965639,g,gcRT,3
NC_037337.1,NC_032659.1,13105545,12976214,12976215,t,ta,1
NC_037337.1,NC_032659.1,13115864,12986535,12986538,a,attG,3
NC_037337.1,NC_032659.1,13161856,13032214,13032223,G,GGACAAGGGC,9
NC_037337.1,NC_032659.1,13178513,13048871,13048872,t,ta,1
NC_037337.1,NC_032659.1,13186637,13056995,13056996,T,TG,1
NC_037337.1,NC_032659.1,13248375,13117566,13117567,A,AR,1
NC_037337.1,NC_032659.1,13248797,13117985,13117986,g,ga,1
NC_037337.1,NC_032659.1,13253248,13122436,13122445,a,aaataaatat,9
NC_037337.1,NC_032659.1,13253250,13122447,13122451,t,taaaa,4
NC_037337.1,NC_032659.1,13271208,13140410,13140411,G,GA,1
NC_037337.1,NC_032659.1,13277698,13146895,13146896,G,GR,1
NC_037337.1,NC_032659.1,13280854,13150051,13150052,T,TY,1
NC_037337.1,NC_032659.1,13285605,13154803,13154805,G,GTA,2
NC_037337.1,NC_032659.1,13285680,13154880,13154881,T,TY,1
NC_037337.1,NC_032659.1,13329097,13198302,13198304,t,tta,2
NC_037337.1,NC_032659.1,13402206,13271295,13271296,c,ct,1
NC_037337.1,NC_032659.1,13409405,13278495,13278497,G,GGA,2
NC_037337.1,NC_032659.1,13441265,13310355,13310356,G,GR,1
NC_037337.1,NC_032659.1,13441736,13310828,13310834,t,tatNNNN,6
NC_037337.1,NC_032659.1,13449106,13318205,13318206,A,AG,1
NC_037337.1,NC_032659.1,13508139,13377244,13377246,g,gtc,2
NC_037337.1,NC_032659.1,13533116,13403190,13403203,t,tttatagtcttata,13
NC_037337.1,NC_032659.1,13564307,13434394,13434397,G,GGCT,3
NC_037337.1,NC_032659.1,13587615,13457705,13457706,g,ga,1
NC_037337.1,NC_032659.1,13687442,13557100,13557101,a,ac,1
NC_037337.1,NC_032659.1,13734564,13604230,13604247,g,gcagcccaccaggctccc,17
NC_037337.1,NC_032659.1,13734568,13604251,13604253,t,tcc,2
NC_037337.1,NC_032659.1,13749228,13618918,13618920,C,CTT,2
NC_037337.1,NC_032659.1,13832011,13701727,13701728,g,gt,1
NC_037337.1,NC_032659.1,13881424,13751180,13751181,T,TK,1
NC_037337.1,NC_032659.1,13991598,13861655,13861657,c,cct,2
NC_037337.1,NC_032659.1,13992378,13862371,13862372,t,ta,1
NC_037337.1,NC_032659.1,13994036,13864030,13864031,G,GC,1
NC_037337.1,NC_032659.1,13994285,13864280,13864282,g,gca,2
NC_037337.1,NC_032659.1,14024696,13894649,13894650,g,gc,1
NC_037337.1,NC_032659.1,14076155,13946757,13946758,C,CA,1
NC_037337.1,NC_032659.1,14098750,13969356,13969357,T,TC,1
NC_037337.1,NC_032659.1,14115731,13986338,13986339,A,AM,1
NC_037337.1,NC_032659.1,14149128,14019738,14019739,g,gt,1
NC_037337.1,NC_032659.1,14155765,14026552,14026555,C,CCTT,3
NC_037337.1,NC_032659.1,14190849,14061234,14061235,t,tN,1
NC_037337.1,NC_032659.1,14219598,14089982,14089983,C,CY,1
NC_037337.1,NC_032659.1,14220367,14090752,14090753,T,TG,1
NC_037337.1,NC_032659.1,14291410,14161811,14161812,t,ta,1
NC_037337.1,NC_032659.1,14291786,14162187,14162188,g,ga,1
NC_037337.1,NC_032659.1,14293539,14163941,14163944,a,agat,3
NC_037337.1,NC_032659.1,14293551,14163956,14163963,t,tttatttg,7
NC_037337.1,NC_032659.1,14295901,14166313,14166314,A,AG,1
NC_037337.1,NC_032659.1,14333115,14203890,14203891,G,GT,1
NC_037337.1,NC_032659.1,14338263,14209036,14209039,a,agtt,3
NC_037337.1,NC_032659.1,14381856,14252611,14252616,T,TNNNNN,5
NC_037337.1,NC_032659.1,14413142,14283144,14283151,C,CCATCTGA,7
NC_037337.1,NC_032659.1,14477835,14347834,14347835,A,AM,1
NC_037337.1,NC_032659.1,14505805,14375810,14375811,c,ct,1
NC_037337.1,NC_032659.1,14517172,14387358,14387359,c,ct,1
NC_037337.1,NC_032659.1,14525253,14395342,14395348,t,taaaaaa,6
NC_037337.1,NC_032659.1,14591438,14461534,14461542,T,TTAGGTGAG,8
NC_037337.1,NC_032659.1,14606037,14476143,14476144,T,TC,1
NC_037337.1,NC_032659.1,14616511,14486621,14486623,C,CTT,2
NC_037337.1,NC_032659.1,15191499,15008118,15008119,G,GC,1
NC_037337.1,NC_032659.1,15336655,15150520,15150522,c,ctt,2
NC_037337.1,NC_032659.1,15521254,15335123,15335124,G,GA,1
NC_037337.1,NC_032659.1,15521263,15335133,15335134,T,TG,1
NC_037337.1,NC_032659.1,15521658,15335529,15335530,C,CA,1
NC_037337.1,NC_032659.1,15626464,15819568,15819569,C,CA,1
NC_037337.1,NC_032659.1,15718348,15907666,15907668,t,tNN,2
NC_037337.1,NC_032659.1,15727413,15916714,15916715,c,ca,1
NC_037337.1,NC_032659.1,16056200,16311421,16311422,t,tg,1
NC_037337.1,NC_032659.1,16178099,16433170,16433171,C,CK,1
NC_037337.1,NC_032659.1,16407234,16662754,16662755,g,gc,1
NC_037337.1,NC_032659.1,16554794,16806444,16806445,G,GS,1
NC_037337.1,NC_032659.1,16600232,16851881,16851882,a,ag,1
NC_037337.1,NC_032659.1,16627412,16879064,16879092,g,gtgaggatgaaatgagtgaATGTTTGCCC,28
NC_037337.1,NC_032659.1,16657163,16908844,16908845,A,AG,1
NC_037337.1,NC_032659.1,16657247,16908929,16908930,t,ta,1
NC_037337.1,NC_032659.1,16668373,16920056,16920062,G,GTGGATA,6
NC_037337.1,NC_032659.1,16672110,16923800,16923801,a,at,1
NC_037337.1,NC_032659.1,16787773,17039430,17039446,T,TGCCTGACTCCCTGGCC,16
NC_037337.1,NC_032659.1,16789449,17041122,17041124,g,gtt,2
NC_037337.1,NC_032659.1,16797383,17049058,17049059,a,ac,1
NC_037337.1,NC_032659.1,16882958,17134655,17134656,a,at,1
NC_037337.1,NC_032659.1,16942498,17195675,17195678,T,TCTG,3
NC_037337.1,NC_032659.1,17037718,17290913,17290915,A,ACT,2
NC_037337.1,NC_032659.1,17081920,17335122,17335123,A,AM,1
NC_037337.1,NC_032659.1,17111568,17364783,17364784,G,GS,1
NC_037337.1,NC_032659.1,17123488,17376709,17376710,G,GA,1
NC_037337.1,NC_032659.1,17221887,17474919,17474922,C,CAGG,3
NC_037337.1,NC_032659.1,17527810,17839082,17839083,G,GA,1
NC_037337.1,NC_032659.1,17533129,17844404,17844405,C,CT,1
NC_037337.1,NC_032659.1,17533144,17844420,17844421,A,AT,1
NC_037337.1,NC_032659.1,17533155,17844432,17844433,C,CM,1
NC_037337.1,NC_032659.1,17629627,17940896,17940897,t,tg,1
NC_037337.1,NC_032659.1,17629636,17940906,17940907,T,TG,1
NC_037337.1,NC_032659.1,17827524,18195259,18195260,A,AG,1
NC_037337.1,NC_032659.1,17847434,18215173,18215174,t,tg,1
NC_037337.1,NC_032659.1,18054245,18436744,18436746,g,gta,2
NC_037337.1,NC_032659.1,18278375,18661034,18661035,t,tg,1
NC_037337.1,NC_032659.1,18321423,18699644,18699645,C,CT,1
NC_037337.1,NC_032659.1,18378436,18756595,18756596,t,tg,1
NC_037337.1,NC_032659.1,18631225,19016698,19016700,c,caa,2
NC_037337.1,NC_032659.1,18733304,19123307,19123308,T,TG,1
NC_037337.1,NC_032659.1,18735654,19125658,19125659,g,ga,1
NC_037337.1,NC_032659.1,18758312,19148315,19148316,C,CT,1
NC_037337.1,NC_032659.1,18758346,19148350,19148351,g,gt,1
NC_037337.1,NC_032659.1,18758715,19148720,19148721,C,CT,1
NC_037337.1,NC_032659.1,18758760,19148766,19148767,a,aG,1
NC_037337.1,NC_032659.1,18758816,19148823,19148824,C,CT,1
NC_037337.1,NC_032659.1,18759084,19149092,19149093,A,AC,1
NC_037337.1,NC_032659.1,18759157,19149166,19149167,g,gt,1
NC_037337.1,NC_032659.1,18759315,19149325,19149326,A,AT,1
NC_037337.1,NC_032659.1,18759382,19149393,19149394,T,TC,1
NC_037337.1,NC_032659.1,18759389,19149401,19149403,A,AAG,2
NC_037337.1,NC_032659.1,18759406,19149420,19149421,A,AG,1
NC_037337.1,NC_032659.1,18759417,19149432,19149433,C,CT,1
NC_037337.1,NC_032659.1,18759438,19149454,19149455,A,AT,1
NC_037337.1,NC_032659.1,18759560,19149578,19149579,A,AG,1
NC_037337.1,NC_032659.1,18759567,19149586,19149587,C,CA,1
NC_037337.1,NC_032659.1,18759595,19149615,19149616,C,CT,1
NC_037337.1,NC_032659.1,18759613,19149634,19149635,G,GT,1
NC_037337.1,NC_032659.1,18759658,19149680,19149681,g,ga,1
NC_037337.1,NC_032659.1,18759679,19149702,19149703,C,CT,1
NC_037337.1,NC_032659.1,18759728,19149753,19149754,t,ta,1
NC_037337.1,NC_032659.1,18759835,19149861,19149862,T,TA,1
NC_037337.1,NC_032659.1,18759848,19149875,19149876,G,GA,1
NC_037337.1,NC_032659.1,18760172,19150199,19150200,t,ta,1
NC_037337.1,NC_032659.1,18760187,19150215,19150216,g,ga,1
NC_037337.1,NC_032659.1,18760251,19150280,19150281,g,ga,1
NC_037337.1,NC_032659.1,18776089,19166597,19166598,c,ca,1
NC_037337.1,NC_032659.1,19187770,19458936,19458937,T,TA,1
NC_037337.1,NC_032659.1,19251009,19522480,19522481,T,TN,1
NC_037337.1,NC_032659.1,19252436,19523906,19523910,A,AYTGT,4
NC_037337.1,NC_032659.1,19264407,19535887,19535890,T,TGAC,3
NC_037337.1,NC_032659.1,19293913,19565425,19565431,C,CGGGTTG,6
NC_037337.1,NC_032659.1,19333094,19604624,19604625,A,AT,1
NC_037337.1,NC_032659.1,19518758,19790015,19790021,a,acNNNNN,6
NC_037337.1,NC_032659.1,19611832,19883065,19883066,T,TK,1
NC_037337.1,NC_032659.1,19637464,19908696,19908697,C,CY,1
NC_037337.1,NC_032659.1,19649201,19920435,19920444,g,gacactgttt,9
NC_037337.1,NC_032659.1,19716859,19995736,19995737,G,GT,1
NC_037337.1,NC_032659.1,19791677,20070607,20070611,A,ATTGT,4
NC_037337.1,NC_032659.1,19964820,20247610,20247611,c,ct,1
NC_037337.1,NC_032659.1,19964884,20247675,20247676,c,ct,1
NC_037337.1,NC_032659.1,20350584,20630769,20630770,T,TG,1
NC_037337.1,NC_032659.1,20638379,20918639,20918642,C,CCTT,3
NC_037337.1,NC_032659.1,20718257,20998562,20998573,A,AACCCAGGACCW,11
NC_037337.1,NC_032659.1,20724757,21005074,21005075,a,ac,1
NC_037337.1,NC_032659.1,20746770,21026667,21026668,G,GC,1
NC_037337.1,NC_032659.1,20809557,21088923,21088924,G,GC,1
NC_037337.1,NC_032659.1,20871083,21150172,21150186,A,ANNNNNNNNNNNNNN,14
NC_037337.1,NC_032659.1,21172661,21462542,21462543,C,CA,1
NC_037337.1,NC_032659.1,21284944,21574815,21574816,C,CA,1
NC_037337.1,NC_032659.1,21291197,21581069,21581070,A,AG,1
NC_037337.1,NC_032659.1,21372591,21664736,21664737,T,TY,1
NC_037337.1,NC_032659.1,21402425,21693942,21693943,T,TY,1
NC_037337.1,NC_032659.1,21451234,21742905,21742906,c,cg,1
NC_037337.1,NC_032659.1,21620183,21910711,21910712,A,AG,1
NC_037337.1,NC_032659.1,22082356,22380439,22380440,t,tc,1
NC_037337.1,NC_032659.1,22107470,22405335,22405336,t,ta,1
NC_037337.1,NC_032659.1,22141133,22443786,22443792,g,gaaaaaa,6
NC_037337.1,NC_032659.1,22200743,22503354,22503355,T,TG,1
NC_037337.1,NC_032659.1,22200757,22503369,22503370,c,ct,1
NC_037337.1,NC_032659.1,22285403,22612216,22612219,T,TCTC,3
NC_037337.1,NC_032659.1,22355945,22683368,22683369,a,at,1
NC_037337.1,NC_032659.1,22376138,22703332,22703334,t,taa,2
NC_037337.1,NC_032659.1,22434383,22768166,22768168,a,aNN,2
NC_037337.1,NC_032659.1,22514175,22851221,22851222,t,ta,1
NC_037337.1,NC_032659.1,22514193,22851240,22851241,a,aT,1
NC_037337.1,NC_032659.1,22580764,23245012,23245013,a,at,1
NC_037337.1,NC_032659.1,22581870,23246119,23246120,G,GT,1
NC_037337.1,NC_032659.1,22595388,23259640,23259645,A,ATGGTC,5
NC_037337.1,NC_032659.1,22597553,23261810,23261811,T,TA,1
NC_037337.1,NC_032659.1,22597915,23262173,23262174,T,TG,1
NC_037337.1,NC_032659.1,22597976,23262235,23262236,C,CA,1
NC_037337.1,NC_032659.1,22598824,23263083,23263084,A,AT,1
NC_037337.1,NC_032659.1,22600015,23264274,23264279,g,gtctct,5
NC_037337.1,NC_032659.1,22601319,23265582,23265583,G,GC,1
NC_037337.1,NC_032659.1,22604027,23268141,23268158,C,CTTCTCTTTTGTCTAGTA,17
NC_037337.1,NC_032659.1,22604064,23268195,23268196,T,TC,1
NC_037337.1,NC_032659.1,22604269,23268401,23268402,a,at,1
NC_037337.1,NC_032659.1,22604309,23268442,23268445,G,GTCT,3
NC_037337.1,NC_032659.1,22604434,23268570,23268573,C,CCTT,3
NC_037337.1,NC_032659.1,22605252,23269390,23269394,A,ATGAC,4
NC_037337.1,NC_032659.1,22605683,23269825,23269827,C,CAG,2
NC_037337.1,NC_032659.1,22606685,23270829,23270839,c,ctttagaatgg,10
NC_037337.1,NC_032659.1,22607401,23271555,23271556,C,CT,1
NC_037337.1,NC_032659.1,22626470,23293747,23293749,G,GAA,2
NC_037337.1,NC_032659.1,22664582,23081860,23081869,T,TTGATAATCA,9
NC_037337.1,NC_032659.1,22665137,23082424,23082428,T,TTTGG,4
NC_037337.1,NC_032659.1,22665870,23083161,23083162,A,AG,1
NC_037337.1,NC_032659.1,22666254,23083546,23083548,t,ttg,2
NC_037337.1,NC_032659.1,22666260,23083554,23083555,t,ta,1
NC_037337.1,NC_032659.1,22670195,23087506,23087508,t,ttc,2
NC_037337.1,NC_032659.1,22671083,23088396,23088399,a,aaac,3
NC_037337.1,NC_032659.1,22673895,23091213,23091225,a,agtgtgtgtgtgt,12
NC_037337.1,NC_032659.1,22675116,23092446,23092448,G,GTC,2
NC_037337.1,NC_032659.1,22676474,23093804,23093809,t,ttcaga,5
NC_037337.1,NC_032659.1,22701877,23119059,23119063,g,gcaaa,4
NC_037337.1,NC_032659.1,22703377,23120571,23120572,g,gt,1
NC_037337.1,NC_032659.1,23080047,23508588,23508591,a,aaag,3
NC_037337.1,NC_032659.1,23245560,23338232,23338235,T,TATG,3
NC_037337.1,NC_032659.1,23246055,23338734,23338735,A,AG,1
NC_037337.1,NC_032659.1,23248753,23341354,23341356,g,gtc,2
NC_037337.1,NC_032659.1,23316665,22961256,22961257,T,TC,1
NC_037337.1,NC_032659.1,23386812,23004986,23004987,A,AT,1
NC_037337.1,NC_032659.1,23387951,23006125,23006126,G,GA,1
NC_037337.1,NC_032659.1,23388063,23006238,23006311,t,ttaattttattttatttttaaactttacataattgtattagttttgccaaatatcaaaatgaatccRCCACAGG,73
NC_037337.1,NC_032659.1,23388206,23006454,23006455,T,TG,1
NC_037337.1,NC_032659.1,23388493,23006742,23006746,T,TCTGA,4
NC_037337.1,NC_032659.1,23389545,23007799,23007800,A,AW,1
NC_037337.1,NC_032659.1,23390947,23009208,23009209,A,AG,1
NC_037337.1,NC_032659.1,23392867,23011178,23011179,G,GA,1
NC_037337.1,NC_032659.1,23422990,23041611,23041613,t,tag,2
NC_037337.1,NC_032659.1,23449518,23077375,23077376,G,GT,1
NC_037337.1,NC_032659.1,23449644,23077502,23077503,G,GT,1
NC_037337.1,NC_032659.1,23450374,23078230,23078233,a,aagg,3
NC_037337.1,NC_032659.1,23451410,23079266,23079278,T,TACATAACACCAC,12
NC_037337.1,NC_032659.1,23455536,23083711,23083712,A,AG,1
NC_037337.1,NC_032659.1,23458330,23086506,23086507,c,ct,1
NC_037337.1,NC_032659.1,23458749,23086926,23086930,c,ccagg,4
NC_037337.1,NC_032659.1,23460169,23088350,23088351,a,at,1
NC_037337.1,NC_032659.1,23461720,23089907,23089908,a,at,1
NC_037337.1,NC_032659.1,23464363,23092553,23092554,T,TG,1
NC_037337.1,NC_032659.1,23469500,23097687,23097696,g,ggaaagttat,9
NC_037337.1,NC_032659.1,23469758,23097954,23097955,t,ta,1
NC_037337.1,NC_032659.1,23470100,23098297,23098298,t,tc,1
NC_037337.1,NC_032659.1,23470225,23098423,23098427,a,ataag,4
NC_037337.1,NC_032659.1,23470622,23098819,23098821,a,atg,2
NC_037337.1,NC_032659.1,23471954,23100152,23100153,c,cg,1
NC_037337.1,NC_032659.1,23473757,23101951,23101952,g,gt,1
NC_037337.1,NC_032659.1,23525283,23131068,23131069,t,tc,1
NC_037337.1,NC_032659.1,23533762,23139735,23139736,G,GA,1
NC_037337.1,NC_032659.1,23538640,23144704,23144705,t,ta,1
NC_037337.1,NC_032659.1,23538659,23144724,23144725,t,tc,1
NC_037337.1,NC_032659.1,23540759,23146547,23146548,t,tc,1
NC_037337.1,NC_032659.1,23542626,23148415,23148420,c,cttttt,5
NC_037337.1,NC_032659.1,23545728,23151521,23151523,G,GCA,2
NC_037337.1,NC_032659.1,23547317,23153112,23153113,T,TY,1
NC_037337.1,NC_032659.1,23550026,23155835,23155836,A,AW,1
NC_037337.1,NC_032659.1,23551118,23156921,23156924,A,ACAT,3
NC_037337.1,NC_032659.1,23599537,23195183,23195188,A,AGAGTG,5
NC_037337.1,NC_032659.1,23600331,23195983,23195984,G,GT,1
NC_037337.1,NC_032659.1,23600811,23196464,23196467,G,GGCT,3
NC_037337.1,NC_032659.1,23601972,23197625,23197629,c,ctgtt,4
NC_037337.1,NC_032659.1,23602228,23197885,23197886,g,ga,1
NC_037337.1,NC_032659.1,23602903,23198557,23198558,t,tg,1
NC_037337.1,NC_032659.1,23636938,23365662,23365663,A,AG,1
NC_037337.1,NC_032659.1,23636944,23365669,23365670,C,CS,1
NC_037337.1,NC_032659.1,23644639,23356904,23356905,c,ct,1
NC_037337.1,NC_032659.1,23644686,23356952,23356953,a,at,1
NC_037337.1,NC_032659.1,23645251,23357517,23357518,a,ac,1
NC_037337.1,NC_032659.1,23647430,23359691,23359693,T,TCC,2
NC_037337.1,NC_032659.1,23649559,23361822,23361823,g,ga,1
NC_037337.1,NC_032659.1,23651038,23363302,23363303,c,ct,1
NC_037337.1,NC_032659.1,23652077,23364342,23364350,G,GACCAAAAT,8
NC_037337.1,NC_032659.1,23654631,23366904,23366905,c,ct,1
NC_037337.1,NC_032659.1,23654640,23366914,23366915,a,ag,1
NC_037337.1,NC_032659.1,23655038,23367313,23367314,T,TW,1
NC_037337.1,NC_032659.1,23655804,23368087,23368088,C,CT,1
NC_037337.1,NC_032659.1,23655835,23368119,23368120,a,at,1
NC_037337.1,NC_032659.1,23657329,23369647,23369650,C,CCCA,3
NC_037337.1,NC_032659.1,23657350,23369671,23369672,T,TG,1
NC_037337.1,NC_032659.1,23657953,23370275,23370276,g,ga,1
NC_037337.1,NC_032659.1,23658275,23370598,23370599,T,TG,1
NC_037337.1,NC_032659.1,23666609,23379081,23379083,t,taa,2
NC_037337.1,NC_032659.1,23669531,23381802,23381806,A,ACTGT,4
NC_037337.1,NC_032659.1,23670982,23383253,23383257,t,tgtaa,4
NC_037337.1,NC_032659.1,23673539,23385809,23385812,A,AAAG,3
NC_037337.1,NC_032659.1,23682605,23394889,23394892,g,gaaa,3
NC_037337.1,NC_032659.1,23683084,23395366,23395369,G,GAAA,3
NC_037337.1,NC_032659.1,23683179,23395464,23395466,t,taa,2
NC_037337.1,NC_032659.1,23683345,23395631,23395636,C,CTTTGT,5
NC_037337.1,NC_032659.1,23683347,23395638,23395639,A,AT,1
NC_037337.1,NC_032659.1,23694011,23406347,23406349,t,tta,2
NC_037337.1,NC_032659.1,23700345,23413200,23413226,t,taagaatgttccacaaaaaaaaaaaaa,26
NC_037337.1,NC_032659.1,23731858,23467363,23467365,G,GTT,2
NC_037337.1,NC_032659.1,23734237,23469744,23469745,t,ta,1
NC_037337.1,NC_032659.1,23735210,23470723,23470724,a,ag,1
NC_037337.1,NC_032659.1,23736978,23472494,23472495,G,GA,1
NC_037337.1,NC_032659.1,23738160,23473677,23473681,C,CTGAT,4
NC_037337.1,NC_032659.1,23738192,23473713,23473714,A,AT,1
NC_037337.1,NC_032659.1,23743060,23478590,23478591,A,AW,1
NC_037337.1,NC_032659.1,23743900,23479432,23479433,T,TG,1
NC_037337.1,NC_032659.1,23744570,23480103,23480107,T,TAGCG,4
NC_037337.1,NC_032659.1,23744749,23480286,23480294,T,TATCTTTCC,8
NC_037337.1,NC_032659.1,23745151,23480697,23480698,C,CA,1
NC_037337.1,NC_032659.1,23746019,23481566,23481597,a,atgtctctgcttttgttttttttttttttttt,31
NC_037337.1,NC_032659.1,23746908,23482486,23482487,c,ca,1
NC_037337.1,NC_032659.1,23748177,23483754,23483755,T,TC,1
NC_037337.1,NC_032659.1,23761774,23491503,23491504,T,TC,1
NC_037337.1,NC_032659.1,25092110,23628506,23628507,G,GA,1
NC_037337.1,NC_032659.1,25093294,23629688,23629689,t,ta,1
NC_037337.1,NC_032659.1,25097160,23633559,23633561,c,cag,2
NC_037337.1,NC_032659.1,25097586,23633985,23633986,A,AG,1
NC_037337.1,NC_032659.1,25099047,23635447,23635449,A,ACT,2
NC_037337.1,NC_032659.1,25104432,23656035,23656036,g,gt,1
NC_037337.1,NC_032659.1,25120331,24561024,24561025,t,tg,1
NC_037337.1,NC_032659.1,25121255,24561949,24561950,t,tc,1
NC_037337.1,NC_032659.1,25126040,24566714,24566719,c,ctctgt,5
NC_037337.1,NC_032659.1,25126127,24566806,24566809,t,tata,3
NC_037337.1,NC_032659.1,25133267,24573949,24573950,C,CT,1
NC_037337.1,NC_032659.1,25175976,24579996,24579997,c,ca,1
NC_037337.1,NC_032659.1,25188506,24592528,24592531,t,taaa,3
NC_037337.1,NC_032659.1,25193617,24597643,24597644,a,ac,1
NC_037337.1,NC_032659.1,25210223,24614249,24614253,t,tttta,4
NC_037337.1,NC_032659.1,25210941,24614971,24614973,t,taa,2
NC_037337.1,NC_032659.1,25212682,24616714,24616715,A,AT,1
NC_037337.1,NC_032659.1,25213750,24617783,24617784,C,CG,1
NC_037337.1,NC_032659.1,25214582,24618616,24618618,t,ttc,2
NC_037337.1,NC_032659.1,25214712,24618748,24618750,a,aag,2
NC_037337.1,NC_032659.1,25242681,24647012,24647013,G,GC,1
NC_037337.1,NC_032659.1,25242910,24647242,24647243,A,AR,1
NC_037337.1,NC_032659.1,25249171,24655973,24655974,T,TG,1
NC_037337.1,NC_032659.1,25249212,24656015,24656017,a,att,2
NC_037337.1,NC_032659.1,25262171,24669455,24669460,T,TAGAGG,5
NC_037337.1,NC_032659.1,25263097,24670386,24670397,T,TTATGAGTTTGG,11
NC_037337.1,NC_032659.1,25268015,24675311,24675312,C,CA,1
NC_037337.1,NC_032659.1,25312874,24681539,24681540,G,GN,1
NC_037337.1,NC_032659.1,25316007,24684673,24684679,A,ACAGCGT,6
NC_037337.1,NC_032659.1,25319202,24687873,24687874,a,ac,1
NC_037337.1,NC_032659.1,25319860,24688532,24688533,T,TC,1
NC_037337.1,NC_032659.1,25320189,24688860,24688861,T,TW,1
NC_037337.1,NC_032659.1,25322509,24691181,24691182,a,ac,1
NC_037337.1,NC_032659.1,25322587,24691260,24691282,A,AGAATAAAAAGTGGTTCCTCTGG,22
NC_037337.1,NC_032659.1,25323003,24691698,24691699,c,ca,1
NC_037337.1,NC_032659.1,25324327,24693019,24693020,a,at,1
NC_037337.1,NC_032659.1,25324916,24693609,24693610,T,TY,1
NC_037337.1,NC_032659.1,25325404,24694095,24694096,A,AG,1
NC_037337.1,NC_032659.1,25325440,24694132,24694133,T,TG,1
NC_037337.1,NC_032659.1,25327807,24696486,24696487,a,ac,1
NC_037337.1,NC_032659.1,25329316,24697996,24698002,A,AGAGATG,6
NC_037337.1,NC_032659.1,25329535,24698214,24698225,A,AGAATAAATAGG,11
NC_037337.1,NC_032659.1,25329873,24698563,24698564,c,cg,1
NC_037337.1,NC_032659.1,25330222,24698912,24698914,t,tca,2
NC_037337.1,NC_032659.1,25332245,24700958,24700960,T,TGG,2
NC_037337.1,NC_032659.1,25332690,24701405,24701406,G,GA,1
NC_037337.1,NC_032659.1,25408605,24777981,24777982,T,TN,1
NC_037337.1,NC_032659.1,25453855,24823146,24823147,G,GA,1
NC_037337.1,NC_032659.1,25453891,24823183,24823184,A,AT,1
NC_037337.1,NC_032659.1,25522189,24891481,24891482,c,ct,1
NC_037337.1,NC_032659.1,25565686,24934981,24934982,C,CG,1
NC_037337.1,NC_032659.1,25585235,24955094,24955096,a,aac,2
NC_037337.1,NC_032659.1,25593835,24963732,24963733,A,AG,1
NC_037337.1,NC_032659.1,25607293,24977192,24977193,c,ca,1
NC_037337.1,NC_032659.1,25608396,24978296,24978297,c,ct,1
NC_037337.1,NC_032659.1,25627104,24997006,24997007,a,at,1
NC_037337.1,NC_032659.1,25692355,25084805,25084806,C,CT,1
NC_037337.1,NC_032659.1,25715314,25107764,25107765,G,GA,1
NC_037337.1,NC_032659.1,25717441,25109892,25109893,C,CG,1
NC_037337.1,NC_032659.1,26110534,25526284,25526287,A,ANNN,3
NC_037337.1,NC_032659.1,26152983,25568737,25568738,A,AT,1
NC_037337.1,NC_032659.1,26153369,25569124,25569125,g,gt,1
NC_037337.1,NC_032659.1,26154204,25569954,25569957,g,gttc,3
NC_037337.1,NC_032659.1,26154209,25569962,25569964,c,cag,2
NC_037337.1,NC_032659.1,26155138,25570893,25570894,T,TG,1
NC_037337.1,NC_032659.1,26187254,25579741,25579742,A,AG,1
NC_037337.1,NC_032659.1,26217528,25619202,25619203,g,ga,1
NC_037337.1,NC_032659.1,26237745,25639889,25639890,A,AT,1
NC_037337.1,NC_032659.1,26238214,25640359,25640361,C,CTG,2
NC_037337.1,NC_032659.1,26288942,25690906,25690907,T,TC,1
NC_037337.1,NC_032659.1,26299541,25701507,25701511,C,CTCTT,4
NC_037337.1,NC_032659.1,26373201,25775134,25775147,A,ANNNNNNNNNNNNN,13
NC_037337.1,NC_032659.1,26383817,25785765,25785774,t,tagcagcagc,9
NC_037337.1,NC_032659.1,26446993,25849378,25849379,A,AM,1
NC_037337.1,NC_032659.1,26473469,25875856,25875857,C,CM,1
NC_037337.1,NC_032659.1,26617440,26019845,26019846,g,gR,1
NC_037337.1,NC_032659.1,26653781,26043413,26043414,t,ta,1
NC_037337.1,NC_032659.1,26683979,26073622,26073623,g,gc,1
NC_037337.1,NC_032659.1,26690939,26080584,26080602,g,gatatacatatatatatat,18
NC_037337.1,NC_032659.1,26722193,26111857,26111858,G,GC,1
NC_037337.1,NC_032659.1,26723275,26112940,26112942,c,ctt,2
NC_037337.1,NC_032659.1,26729002,26118669,26118675,t,ttgtgtg,6
NC_037337.1,NC_032659.1,26731731,26121404,26121405,A,AC,1
NC_037337.1,NC_032659.1,26753935,26145968,26145969,t,tc,1
NC_037337.1,NC_032659.1,26754086,26143767,26143768,t,tg,1
NC_037337.1,NC_032659.1,26754086,26146120,26146121,t,tg,1
NC_037337.1,NC_032659.1,26779121,26171150,26171151,c,ct,1
NC_037337.1,NC_032659.1,26784325,26176356,26176357,G,GT,1
NC_037337.1,NC_032659.1,26790616,26182648,26182650,t,ttc,2
NC_037337.1,NC_032659.1,26791629,26183663,26183665,C,CTG,2
NC_037337.1,NC_032659.1,26800628,26192673,26192674,T,TA,1
NC_037337.1,NC_032659.1,26802403,26194449,26194450,a,at,1
NC_037337.1,NC_032659.1,26817388,26209434,26209441,C,CTTCTGAG,7
NC_037337.1,NC_032659.1,26835330,26227458,26227459,A,AG,1
NC_037337.1,NC_032659.1,26865736,26257248,26257250,t,taa,2
NC_037337.1,NC_032659.1,26866739,26258253,26258254,G,GR,1
NC_037337.1,NC_032659.1,26881466,26272685,26272686,a,ac,1
NC_037337.1,NC_032659.1,26881475,26272695,26272697,c,caa,2
NC_037337.1,NC_032659.1,26883340,26274562,26274563,g,gt,1
NC_037337.1,NC_032659.1,26928656,26308396,26308397,a,ag,1
NC_037337.1,NC_032659.1,26932483,26335852,26335853,A,AG,1
NC_037337.1,NC_032659.1,26932819,26336188,26336199,C,CTGCTTCACCCT,11
NC_037337.1,NC_032659.1,26934346,26337718,26337720,C,CTT,2
NC_037337.1,NC_032659.1,26959953,26363345,26363346,T,TK,1
NC_037337.1,NC_032659.1,26965708,26369100,26369101,T,TG,1
NC_037337.1,NC_032659.1,26974600,26377994,26377995,t,tc,1
NC_037337.1,NC_032659.1,26975144,26378538,26378539,A,AG,1
NC_037337.1,NC_032659.1,26976545,26379940,26379942,a,aac,2
NC_037337.1,NC_032659.1,26985181,26390949,26390951,t,ttg,2
NC_037337.1,NC_032659.1,26995026,26400788,26400789,A,AR,1
NC_037337.1,NC_032659.1,27025821,26431603,26431604,t,ta,1
NC_037337.1,NC_032659.1,27037322,26443108,26443109,c,ca,1
NC_037337.1,NC_032659.1,27081259,26485888,26485889,A,AG,1
NC_037337.1,NC_032659.1,27082329,26486958,26486959,G,GA,1
NC_037337.1,NC_032659.1,27087804,26492430,26492432,g,ggt,2
NC_037337.1,NC_032659.1,27090552,26495525,26495528,c,ctgg,3
NC_037337.1,NC_032659.1,27091836,26496804,26496805,C,CT,1
NC_037337.1,NC_032659.1,27092496,26497464,26497466,T,TTC,2
NC_037337.1,NC_032659.1,27103393,26507732,26507734,A,AAG,2
NC_037337.1,NC_032659.1,27145021,26549368,26549371,t,tttc,3
NC_037337.1,NC_032659.1,27151785,26556133,26556134,A,AW,1
NC_037337.1,NC_032659.1,27175637,26580003,26580005,a,att,2
NC_037337.1,NC_032659.1,27211840,26616210,26616211,t,ta,1
NC_037337.1,NC_032659.1,27233917,26638295,26638296,G,GT,1
NC_037337.1,NC_032659.1,27243807,26647996,26647997,G,GR,1
NC_037337.1,NC_032659.1,27262608,26666803,26666804,t,tc,1
NC_037337.1,NC_032659.1,27310232,26714427,26714428,T,TC,1
NC_037337.1,NC_032659.1,27310689,26714887,26714891,T,TTAAC,4
NC_037337.1,NC_032659.1,27319238,26723437,26723438,A,AW,1
NC_037337.1,NC_032659.1,27333370,26736771,26736772,g,gc,1
NC_037337.1,NC_032659.1,27389890,26944237,26944240,c,caaa,3
NC_037337.1,NC_032659.1,27419904,26827684,26827685,t,tg,1
NC_037337.1,NC_032659.1,27428369,26836382,26836384,c,ctt,2
NC_037337.1,NC_032659.1,27436857,26844874,26844875,T,TC,1
NC_037337.1,NC_032659.1,27549653,26854900,26854901,g,ga,1
NC_037337.1,NC_032659.1,27550213,26855461,26855470,t,ttgagcattc,9
NC_037337.1,NC_032659.1,27561229,26865959,26865965,T,TAAAAAC,6
NC_037337.1,NC_032659.1,27564678,26869425,26869428,T,TAAG,3
NC_037337.1,NC_032659.1,27566991,26871746,26871747,T,TY,1
NC_037337.1,NC_032659.1,27568065,26872823,26872824,T,TA,1
NC_037337.1,NC_032659.1,27633111,27023354,27023355,t,ta,1
NC_037337.1,NC_032659.1,27636182,27026426,27026436,g,gtcaaggctgt,10
NC_037337.1,NC_032659.1,27693523,27083785,27083786,t,ta,1
NC_037337.1,NC_032659.1,27718925,27112716,27112717,A,AG,1
NC_037337.1,NC_032659.1,27739358,27133151,27133152,c,ca,1
NC_037337.1,NC_032659.1,27746599,27140387,27140390,g,gttt,3
NC_037337.1,NC_032659.1,27746599,27172496,27172499,g,gttt,3
NC_037337.1,NC_032659.1,27791017,27216925,27216926,T,TY,1
NC_037337.1,NC_032659.1,27793027,27218923,27218930,t,tttgtttg,7
NC_037337.1,NC_032659.1,27793057,27218960,27218961,t,tg,1
NC_037337.1,NC_032659.1,27794507,27220405,27220406,g,gR,1
NC_037337.1,NC_032659.1,27808863,27234749,27234751,T,TTG,2
NC_037337.1,NC_032659.1,27813134,27239021,27239022,a,ag,1
NC_037337.1,NC_032659.1,27813139,27239027,27239028,c,ct,1
NC_037337.1,NC_032659.1,27815766,27241747,27241748,t,ta,1
NC_037337.1,NC_032659.1,27905609,27406918,27406919,a,ag,1
NC_037337.1,NC_032659.1,27906668,27407981,27407989,c,caaaaaaaa,8
NC_037337.1,NC_032659.1,27906737,27408058,27408059,a,ag,1
NC_037337.1,NC_032659.1,27907801,27409124,27409125,a,ag,1
NC_037337.1,NC_032659.1,27909608,27410932,27410933,c,ca,1
NC_037337.1,NC_032659.1,27932070,27438495,27438501,a,aNNNNNN,6
NC_037337.1,NC_032659.1,27977294,27477108,27477109,a,ag,1
NC_037337.1,NC_032659.1,27983616,27483451,27483453,t,taa,2
NC_037337.1,NC_032659.1,28083575,27590113,27590114,t,tc,1
NC_037337.1,NC_032659.1,28083796,27590335,27590341,c,ctattag,6
NC_037337.1,NC_032659.1,28117125,27623730,27623731,T,TY,1
NC_037337.1,NC_032659.1,28121618,27628226,27628227,a,at,1
NC_037337.1,NC_032659.1,28140506,27647115,27647116,a,at,1
NC_037337.1,NC_032659.1,28153208,27659835,27659836,c,ct,1
NC_037337.1,NC_032659.1,28153328,27659956,27659957,t,ta,1
NC_037337.1,NC_032659.1,28153799,27660428,27660431,c,cgca,3
NC_037337.1,NC_032659.1,28163020,27669653,27669654,A,AC,1
NC_037337.1,NC_032659.1,28171226,27677856,27677857,T,TA,1
NC_037337.1,NC_032659.1,28174070,27680700,27680701,A,AT,1
NC_037337.1,NC_032659.1,28186345,27692972,27692973,t,tg,1
NC_037337.1,NC_032659.1,28187327,27693945,27693946,g,gt,1
NC_037337.1,NC_032659.1,28188093,27694663,27694664,G,GR,1
NC_037337.1,NC_032659.1,28188146,27694717,27694718,C,CY,1
NC_037337.1,NC_032659.1,28190128,27696690,27696691,t,tc,1
NC_037337.1,NC_032659.1,28190548,27697111,27697188,t,taatttattttttttaattaattttattttatttttaaactttacataattgtattagttttgccaaatatcaaaatg,77
NC_037337.1,NC_032659.1,28192808,27699448,27699449,c,ca,1
NC_037337.1,NC_032659.1,28194986,27701627,27701645,t,ttatatatatatatatata,18
NC_037337.1,NC_032659.1,28246821,27753371,27753385,c,caaaagagagacaaa,14
NC_037337.1,NC_032659.1,28251222,27757956,27757961,c,caagaa,5
NC_037337.1,NC_032659.1,28338790,27868562,27868563,a,at,1
NC_037337.1,NC_032659.1,28369886,27899652,27899668,g,gtgtgtgtgtgtgtgta,16
NC_037337.1,NC_032659.1,28420873,27950342,27950348,g,gtcagat,6
NC_037337.1,NC_032659.1,28464127,27993718,27993719,a,at,1
NC_037337.1,NC_032659.1,28464298,27993890,27993891,t,tg,1
NC_037337.1,NC_032659.1,28464306,27993899,27993900,t,ta,1
NC_037337.1,NC_032659.1,28492882,28022566,28022567,c,cg,1
NC_037337.1,NC_032659.1,28492944,28022629,28022635,t,tagcagc,6
NC_037337.1,NC_032659.1,28528412,28058060,28058061,a,ac,1
NC_037337.1,NC_032659.1,28532362,28062011,28062012,A,AG,1
NC_037337.1,NC_032659.1,28576756,28106424,28106425,A,AG,1
NC_037337.1,NC_032659.1,28593434,28123102,28123103,C,CT,1
NC_037337.1,NC_032659.1,28593764,28123433,28123434,A,AR,1
NC_037337.1,NC_032659.1,28597011,28126682,28126689,A,ATCGTCAG,7
NC_037337.1,NC_032659.1,28606279,28135969,28135991,T,TGATACTAAAAAAGGAATATAAY,22
NC_037337.1,NC_032659.1,28637276,28166995,28166996,T,TW,1
NC_037337.1,NC_032659.1,28642113,28171832,28171833,G,GT,1
NC_037337.1,NC_032659.1,28684781,28215154,28215155,t,ta,1
NC_037337.1,NC_032659.1,28724391,28254823,28254824,C,CT,1
NC_037337.1,NC_032659.1,28774341,28304794,28304795,T,TC,1
NC_037337.1,NC_032659.1,28782152,28312610,28312612,t,tag,2
NC_037337.1,NC_032659.1,28828664,28359127,28359129,t,ttY,2
NC_037337.1,NC_032659.1,28852649,28383127,28383128,G,GT,1
NC_037337.1,NC_032659.1,28877869,28408353,28408356,t,taaa,3
NC_037337.1,NC_032659.1,28898778,28428995,28428998,t,taaa,3
NC_037337.1,NC_032659.1,28958166,28488399,28488400,t,tg,1
NC_037337.1,NC_032659.1,28985110,28515346,28515347,t,tg,1
NC_037337.1,NC_032659.1,29045995,28590644,28590652,a,aaaaaaaac,8
NC_037337.1,NC_032659.1,29226482,28569027,28569028,C,CY,1
NC_037337.1,NC_032659.1,29244611,28799008,28799009,T,TG,1
NC_037337.1,NC_032659.1,29245271,28799669,28799670,A,AG,1
NC_037337.1,NC_032659.1,29245809,28800208,28800210,t,tta,2
NC_037337.1,NC_032659.1,29253595,28807996,28807997,A,AG,1
NC_037337.1,NC_032659.1,29263648,28818052,28818053,c,ca,1
NC_037337.1,NC_032659.1,29264256,28818666,28818667,a,at,1
NC_037337.1,NC_032659.1,29349874,28905150,28905151,C,CG,1
NC_037337.1,NC_032659.1,29350549,28905826,28905829,t,ttaa,3
NC_037337.1,NC_032659.1,29353930,28909212,28909224,t,tagcagcagcagc,12
NC_037337.1,NC_032659.1,29411384,28968847,28968856,T,TACCATTGGK,9
NC_037337.1,NC_032659.1,29438883,28996354,28996355,T,TY,1
NC_037337.1,NC_032659.1,29441079,28998552,28998553,t,tg,1
NC_037337.1,NC_032659.1,29462430,29020343,29020344,T,TA,1
NC_037337.1,NC_032659.1,29470634,29028547,29028549,c,ctt,2
NC_037337.1,NC_032659.1,29494895,29056166,29056167,G,GS,1
NC_037337.1,NC_032659.1,29513773,29074954,29074955,G,GA,1
NC_037337.1,NC_032659.1,29519981,29081165,29081168,t,ttta,3
NC_037337.1,NC_032659.1,29536743,29097925,29097926,a,at,1
NC_037337.1,NC_032659.1,29558907,29120120,29120121,t,ta,1
NC_037337.1,NC_032659.1,29559198,29120412,29120418,A,AGAGAYG,6
NC_037337.1,NC_032659.1,29562955,29124175,29124176,a,aM,1
NC_037337.1,NC_032659.1,29682204,29241821,29241822,T,TC,1
NC_037337.1,NC_032659.1,29690615,29250231,29250239,t,ttctatata,8
NC_037337.1,NC_032659.1,29697778,29258496,29258498,g,gtt,2
NC_037337.1,NC_032659.1,29699944,29260668,29260671,t,tgga,3
NC_037337.1,NC_032659.1,29700612,29261334,29261346,a,atctccatactgt,12
NC_037337.1,NC_032659.1,29701149,29261885,29261887,g,gtt,2
NC_037337.1,NC_032659.1,29709686,29270424,29270428,T,TGAAA,4
NC_037337.1,NC_032659.1,29714880,29275623,29275624,T,TY,1
NC_037337.1,NC_032659.1,29827716,29391361,29391362,a,aN,1
NC_037337.1,NC_032659.1,29860094,29423767,29423768,t,ta,1
NC_037337.1,NC_032659.1,30151265,29714576,29714577,c,ca,1
NC_037337.1,NC_032659.1,30151417,29714729,29714730,t,ta,1
NC_037337.1,NC_032659.1,30151912,29715224,29715228,a,agagg,4
NC_037337.1,NC_032659.1,30152653,29715967,29715971,a,aacag,4
NC_037337.1,NC_032659.1,30217380,29780608,29780609,c,ca,1
NC_037337.1,NC_032659.1,30338253,29905145,29905146,g,ga,1
NC_037337.1,NC_032659.1,30574443,30141033,30141034,G,GA,1
NC_037337.1,NC_032659.1,30641949,30208697,30208826,T,TGGGAAAATCATGACTATTAAGCAAAATACAAGCAGTAACAGCAATCTGAGATAATACCAGCCCTGCCTGGGGCTTTTGTCGTCTGGATAAGCTNNNNNNNNNNNNNNNNNNNNNNNNNNNNNNNNNNNN,129
NC_037337.1,NC_032659.1,30732787,30298816,30298818,C,CAT,2
NC_037337.1,NC_032659.1,30849510,30415534,30415535,G,GA,1
NC_037337.1,NC_032659.1,30876651,30442673,30442674,A,AT,1
NC_037337.1,NC_032659.1,30914720,30480743,30480744,t,tg,1
NC_037337.1,NC_032659.1,30915013,30481042,30481043,a,ag,1
NC_037337.1,NC_032659.1,30923687,30489715,30489716,g,ga,1
NC_037337.1,NC_032659.1,30959951,30525922,30525923,C,CA,1
NC_037337.1,NC_032659.1,31100256,30692209,30692210,t,ta,1
NC_037337.1,NC_032659.1,31122152,30714107,30714108,a,at,1
NC_037337.1,NC_032659.1,31139165,30731123,30731124,g,ga,1
NC_037337.1,NC_032659.1,31252379,30842998,30842999,T,TW,1
NC_037337.1,NC_032659.1,31304175,30896103,30896104,c,ct,1
NC_037337.1,NC_032659.1,31371900,31001890,31001891,G,GC,1
NC_037337.1,NC_032659.1,31404665,31034603,31034604,C,CY,1
NC_037337.1,NC_032659.1,31417182,31047128,31047129,C,CT,1
NC_037337.1,NC_032659.1,31487172,31151231,31151232,A,AG,1
NC_037337.1,NC_032659.1,31513762,31177726,31177727,g,gc,1
NC_037337.1,NC_032659.1,31521497,31185468,31185469,a,ac,1
NC_037337.1,NC_032659.1,31575778,31239754,31239758,T,TTGAC,4
NC_037337.1,NC_032659.1,31585354,31249345,31249351,T,TACTTTG,6
NC_037337.1,NC_032659.1,31633294,31297294,31297295,T,TG,1
NC_037337.1,NC_032659.1,31690052,31355021,31355025,g,ggaaa,4
NC_037337.1,NC_032659.1,31736658,31402291,31402323,T,TNNNNNNNNNNNNNNNNNNNNNNNNNNNNNNNN,32
NC_037337.1,NC_032659.1,31908774,31574425,31574456,t,taTTATTGGCACCTACACTTTATTATACATGA,31
NC_037337.1,NC_032659.1,31993628,31659941,31659942,A,AM,1
NC_037337.1,NC_032659.1,32056768,31725760,31725761,g,gc,1
NC_037337.1,NC_032659.1,32057462,31726455,31726456,t,tc,1
NC_037337.1,NC_032659.1,32059702,31728696,31728698,t,taa,2
NC_037337.1,NC_032659.1,32134430,31803534,31803535,c,ct,1
NC_037337.1,NC_032659.1,32153489,31823306,31823307,G,GT,1
NC_037337.1,NC_032659.1,32202432,31872081,31872086,a,aacacc,5
NC_037337.1,NC_032659.1,32211185,31880803,31880804,T,TG,1
NC_037337.1,NC_032659.1,32224570,31894225,31894241,G,GAACTCCTGGGAGGGTT,16
NC_037337.1,NC_032659.1,32230279,31899950,31899951,a,at,1
NC_037337.1,NC_032659.1,32231838,31901510,31901511,c,ct,1
NC_037337.1,NC_032659.1,32243653,31913328,31913330,C,CAA,2
NC_037337.1,NC_032659.1,32249458,31919136,31919137,a,at,1
NC_037337.1,NC_032659.1,32259048,31928729,31928730,C,CT,1
NC_037337.1,NC_032659.1,32270983,31940664,31940665,T,TA,1
NC_037337.1,NC_032659.1,32272671,31942353,31942354,t,ta,1
NC_037337.1,NC_032659.1,32428156,32105874,32105875,A,AR,1
NC_037337.1,NC_032659.1,32431468,32109188,32109189,G,GT,1
NC_037337.1,NC_032659.1,32478175,32188785,32188787,c,ctg,2
NC_037337.1,NC_032659.1,32478319,32188931,32188933,T,TTG,2
NC_037337.1,NC_032659.1,32481776,32194684,32194685,g,ga,1
NC_037337.1,NC_032659.1,32485193,32198104,32198124,g,ggaGAANNNNNNNNNNNNNNN,20
NC_037337.1,NC_032659.1,32491724,32204661,32204662,a,ac,1
NC_037337.1,NC_032659.1,32538401,32251130,32251131,t,tg,1
NC_037337.1,NC_032659.1,32542606,32255340,32255341,G,GA,1
NC_037337.1,NC_032659.1,32644099,32356232,32356233,C,CA,1
NC_037337.1,NC_032659.1,32644101,32356235,32356236,A,AG,1
NC_037337.1,NC_032659.1,32651463,32363598,32363599,c,ca,1
NC_037337.1,NC_032659.1,32655682,32367819,32367820,T,TY,1
NC_037337.1,NC_032659.1,32662620,32374760,32374761,T,TC,1
NC_037337.1,NC_032659.1,32667793,32379936,32379943,c,cttttttt,7
NC_037337.1,NC_032659.1,32697328,32409483,32409484,A,AW,1
NC_037337.1,NC_032659.1,32709948,32422106,32422107,T,TC,1
NC_037337.1,NC_032659.1,32765689,32477858,32477859,T,TW,1
NC_037337.1,NC_032659.1,32768932,32481103,32481104,c,ct,1
NC_037337.1,NC_032659.1,32851222,32562187,32562190,a,aact,3
NC_037337.1,NC_032659.1,32880328,32591632,32591634,a,aNN,2
NC_037337.1,NC_032659.1,32915209,32626511,32626529,a,aaaaaNNNNNNNNNNNNNN,18
NC_037337.1,NC_032659.1,33198390,32893909,32893910,T,TA,1
NC_037337.1,NC_032659.1,33316958,33070241,33070242,g,ga,1
NC_037337.1,NC_032659.1,33331836,33085749,33085752,a,atct,3
NC_037337.1,NC_032659.1,33526925,33280850,33280851,C,CG,1
NC_037337.1,NC_032659.1,33547330,33301258,33301260,C,CTG,2
NC_037337.1,NC_032659.1,33600144,33354599,33354600,c,ca,1
NC_037337.1,NC_032659.1,33647666,33402125,33402134,A,AACCTACCAT,9
NC_037337.1,NC_032659.1,33745100,33499033,33499035,g,ggt,2
NC_037337.1,NC_032659.1,33921282,33674966,33674967,t,tg,1
NC_037337.1,NC_032659.1,34093617,33844494,33844495,c,ct,1
NC_037337.1,NC_032659.1,34279953,34031330,34031331,A,AC,1
NC_037337.1,NC_032659.1,34312844,34064224,34064226,t,tNN,2
NC_037337.1,NC_032659.1,34501828,34283606,34283607,c,ct,1
NC_037337.1,NC_032659.1,34515444,34297227,34297228,g,gt,1
NC_037337.1,NC_032659.1,34651975,34433635,34433637,C,CCA,2
NC_037337.1,NC_032659.1,34651980,34433642,34433643,A,AT,1
NC_037337.1,NC_032659.1,34799475,34692247,34692249,a,aNN,2
NC_037337.1,NC_032659.1,35040452,34944519,34944523,A,AAGGW,4
NC_037337.1,NC_032659.1,35041042,34945113,34945114,t,ta,1
NC_037337.1,NC_032659.1,35117250,35021313,35021314,t,ta,1
NC_037337.1,NC_032659.1,35261595,35166105,35166106,g,gt,1
NC_037337.1,NC_032659.1,35422397,35326426,35326427,t,ta,1
NC_037337.1,NC_032659.1,35514019,35418546,35418582,g,gagGAAGAATANNNNNNNNNNNNNNNNNNNNNNNNNN,36
NC_037337.1,NC_032659.1,35603453,35507189,35507194,C,CNNNNN,5
NC_037337.1,NC_032659.1,35669453,35573115,35573116,G,GT,1
NC_037337.1,NC_032659.1,35851750,35766879,35766880,G,GA,1
NC_037337.1,NC_032659.1,36204831,36116122,36116124,t,tNN,2
NC_037337.1,NC_032659.1,36270239,36181938,36181939,T,TA,1
NC_037337.1,NC_032659.1,36270248,36181948,36181949,C,CA,1
NC_037337.1,NC_032659.1,36270328,36182030,36182031,A,AC,1
NC_037337.1,NC_032659.1,36270365,36182069,36182070,A,AC,1
NC_037337.1,NC_032659.1,36270381,36182086,36182087,G,GA,1
NC_037337.1,NC_032659.1,36419708,36331346,36331347,C,CT,1
NC_037337.1,NC_032659.1,36460506,36372362,36372363,A,AG,1
NC_037337.1,NC_032659.1,36460524,36372381,36372382,G,GT,1
NC_037337.1,NC_032659.1,37034072,36941139,36941140,A,AM,1
NC_037337.1,NC_032659.1,37047182,36954251,36954253,C,CAT,2
NC_037337.1,NC_032659.1,37426530,37339764,37339765,G,GT,1
NC_037337.1,NC_032659.1,37591072,37503799,37503802,A,AAAT,3
NC_037337.1,NC_032659.1,37897173,37826718,37826719,G,GA,1
NC_037337.1,NC_032659.1,37947804,37902619,37902620,A,AW,1
NC_037337.1,NC_032659.1,37947836,37902652,37902653,T,TK,1
NC_037337.1,NC_032659.1,38193307,38148542,38148553,C,CAGCCCCCGCTT,11
NC_037337.1,NC_032659.1,38211763,38166600,38166601,G,GT,1
NC_037337.1,NC_032659.1,38604758,38579498,38579499,g,gt,1
NC_037337.1,NC_032659.1,38626460,38601200,38601202,a,aNN,2
NC_037337.1,NC_032659.1,38628212,38602955,38602956,A,AT,1
NC_037337.1,NC_032659.1,38628237,38602981,38602982,T,TA,1
NC_037337.1,NC_032659.1,38635034,38609763,38609768,A,ATAAGT,5
NC_037337.1,NC_032659.1,38638058,38612667,38612668,T,TC,1
NC_037337.1,NC_032659.1,38653021,38627461,38627462,C,CT,1
NC_037337.1,NC_032659.1,38777786,38752858,38752860,T,TAC,2
NC_037337.1,NC_032659.1,38808743,38783817,38783818,A,AG,1
NC_037337.1,NC_032659.1,38811147,38786248,38786249,T,TY,1
NC_037337.1,NC_032659.1,38812221,38787323,38787326,g,gtRa,3
NC_037337.1,NC_032659.1,38813117,38788222,38788224,G,GAA,2
NC_037337.1,NC_032659.1,38831708,38806820,38806821,T,TA,1
NC_037337.1,NC_032659.1,38838219,38813362,38813363,T,TW,1
NC_037337.1,NC_032659.1,38845796,38820943,38820944,A,AR,1
NC_037337.1,NC_032659.1,38864464,38839614,38839615,T,TA,1
NC_037337.1,NC_032659.1,38865724,38840152,38840153,G,GA,1
NC_037337.1,NC_032659.1,38876377,38850805,38850807,a,agt,2
NC_037337.1,NC_032659.1,38904604,38884245,38884246,t,ta,1
NC_037337.1,NC_032659.1,38913081,38892721,38892723,t,taa,2
NC_037337.1,NC_032659.1,38916445,38896097,38896099,c,cat,2
NC_037337.1,NC_032659.1,38916480,38896134,38896135,t,tc,1
NC_037337.1,NC_032659.1,38916926,38896581,38896587,c,ctgcTGA,6
NC_037337.1,NC_032659.1,38917555,38897216,38897217,A,AW,1
NC_037337.1,NC_032659.1,38917787,38897448,38897449,A,AC,1
NC_037337.1,NC_032659.1,38955785,38935196,38935203,t,ttaaaaaa,7
NC_037337.1,NC_032659.1,38955809,38935227,38935228,g,gt,1
NC_037337.1,NC_032659.1,38956604,38936024,38936025,t,ta,1
NC_037337.1,NC_032659.1,38958556,38937977,38937979,t,ttc,2
NC_037337.1,NC_032659.1,38967443,38947008,38947009,t,ta,1
NC_037337.1,NC_032659.1,38973291,38954043,38954044,c,ct,1
NC_037337.1,NC_032659.1,38977618,38958370,38958371,A,AT,1
NC_037337.1,NC_032659.1,38986060,38966818,38966821,a,aaat,3
NC_037337.1,NC_032659.1,38987370,38968127,38968129,T,TCC,2
NC_037337.1,NC_032659.1,38989427,38970187,38970188,C,CN,1
NC_037337.1,NC_032659.1,39021163,39019619,39019620,a,at,1
NC_037337.1,NC_032659.1,39054610,38986267,38986268,c,ca,1
NC_037337.1,NC_032659.1,39064552,38976309,38976310,g,gc,1
NC_037337.1,NC_032659.1,39073828,39114055,39114058,t,tttc,3
NC_037337.1,NC_032659.1,39074183,39114413,39114414,g,ga,1
NC_037337.1,NC_032659.1,39077633,39117850,39117851,C,CA,1
NC_037337.1,NC_032659.1,39080574,39120016,39120017,a,ag,1
NC_037337.1,NC_032659.1,39087619,39127070,39127071,t,tc,1
NC_037337.1,NC_032659.1,39089303,39128755,39128762,T,TGTTTTGG,7
NC_037337.1,NC_032659.1,39099347,39138802,39138803,g,ga,1
NC_037337.1,NC_032659.1,39136736,39177104,39177105,G,GT,1
NC_037337.1,NC_032659.1,39141547,39181916,39181917,a,aN,1
NC_037337.1,NC_032659.1,39242458,39252390,39252391,a,aN,1
NC_037337.1,NC_032659.1,39242566,39252499,39252500,c,ca,1
NC_037337.1,NC_032659.1,39242589,39252523,39252524,a,at,1
NC_037337.1,NC_032659.1,39243199,39253137,39253138,c,ca,1
NC_037337.1,NC_032659.1,39249551,39259490,39259491,a,at,1
NC_037337.1,NC_032659.1,39331700,39341648,39341649,t,tg,1
NC_037337.1,NC_032659.1,39394002,39403970,39403971,T,TG,1
NC_037337.1,NC_032659.1,39407717,39417693,39417695,a,aNN,2
NC_037337.1,NC_032659.1,39422844,39432831,39432832,t,tc,1
NC_037337.1,NC_032659.1,39428768,39438750,39438751,a,at,1
NC_037337.1,NC_032659.1,39436415,39446401,39446402,A,AR,1
NC_037337.1,NC_032659.1,39456140,39466136,39466142,a,aNNNNNN,6
NC_037337.1,NC_032659.1,39470421,39480423,39480424,t,ta,1
NC_037337.1,NC_032659.1,39483165,39493170,39493171,t,tc,1
NC_037337.1,NC_032659.1,39490760,39500773,39500775,a,aNN,2
NC_037337.1,NC_032659.1,39529042,39539060,39539061,g,gK,1
NC_037337.1,NC_032659.1,39607756,39629376,39629381,C,CAGAGG,5
NC_037337.1,NC_032659.1,39615484,39637112,39637122,g,gttcatggggt,10
NC_037337.1,NC_032659.1,39615488,39637126,39637130,g,gTGGT,4
NC_037337.1,NC_032659.1,39637189,39658834,39658838,G,GGGKT,4
NC_037337.1,NC_032659.1,39657566,39679457,39679460,t,ttta,3
NC_037337.1,NC_032659.1,39657886,39679780,39679781,g,gR,1
NC_037337.1,NC_032659.1,39658200,39680095,39680096,a,at,1
NC_037337.1,NC_032659.1,39658476,39680372,39680381,t,tgaactgcag,9
NC_037337.1,NC_032659.1,39660050,39681955,39681956,A,AM,1
NC_037337.1,NC_032659.1,39666390,39688282,39688288,c,cttcact,6
NC_037337.1,NC_032659.1,39685526,39707442,39707443,G,GC,1
NC_037337.1,NC_032659.1,39690045,39711970,39711979,A,ATCTATTTAT,9
NC_037337.1,NC_032659.1,39690090,39712024,39712025,t,tW,1
NC_037337.1,NC_032659.1,39690415,39712350,39712353,a,attg,3
NC_037337.1,NC_032659.1,39695542,39717482,39717483,C,CA,1
NC_037337.1,NC_032659.1,39695994,39717935,39717938,g,gggc,3
NC_037337.1,NC_032659.1,39696183,39718128,39718129,a,ag,1
NC_037337.1,NC_032659.1,39696193,39718139,39718140,c,ct,1
NC_037337.1,NC_032659.1,39698823,39720770,39720779,g,gacactgttt,9
NC_037337.1,NC_032659.1,39709124,39731102,39731115,c,cttcactttcactt,13
NC_037337.1,NC_032659.1,39711531,39733525,39733528,a,agtt,3
NC_037337.1,NC_032659.1,39713129,39735126,39735128,A,ATC,2
NC_037337.1,NC_032659.1,39719932,39741936,39741937,T,TC,1
NC_037337.1,NC_032659.1,39745928,39767930,39767939,G,GTATATTAGT,9
NC_037337.1,NC_032659.1,39759286,39781298,39781299,a,at,1
NC_037337.1,NC_032659.1,39761282,39783296,39783300,C,CCAAT,4
NC_037337.1,NC_032659.1,39774499,39796518,39796520,t,ttc,2
NC_037337.1,NC_032659.1,39780960,39804586,39804587,T,TG,1
NC_037337.1,NC_032659.1,39783984,39807602,39807604,a,aNN,2
NC_037337.1,NC_032659.1,40030473,40026368,40026369,G,GT,1
NC_037337.1,NC_032659.1,40034767,40030659,40030660,t,ta,1
NC_037337.1,NC_032659.1,40099291,40095625,40095628,t,tagc,3
NC_037337.1,NC_032659.1,40130250,40126588,40126589,G,GA,1
NC_037337.1,NC_032659.1,40267023,40249977,40249978,t,ta,1
NC_037337.1,NC_032659.1,40267135,40250090,40250091,c,ct,1
NC_037337.1,NC_032659.1,40267212,40250168,40250169,A,AC,1
NC_037337.1,NC_032659.1,40267618,40250574,40250575,t,ta,1
NC_037337.1,NC_032659.1,40267659,40250616,40250617,C,CA,1
NC_037337.1,NC_032659.1,40267840,40250798,40250799,t,ta,1
NC_037337.1,NC_032659.1,40267982,40250941,40250942,C,CA,1
NC_037337.1,NC_032659.1,40268165,40251126,40251127,C,CA,1
NC_037337.1,NC_032659.1,40268468,40251427,40251428,T,TA,1
NC_037337.1,NC_032659.1,40268612,40251572,40251573,C,CA,1
NC_037337.1,NC_032659.1,40268645,40251606,40251607,A,AT,1
NC_037337.1,NC_032659.1,40268659,40251621,40251622,C,CT,1
NC_037337.1,NC_032659.1,40268666,40251629,40251630,A,AT,1
NC_037337.1,NC_032659.1,40268681,40251645,40251646,T,TA,1
NC_037337.1,NC_032659.1,40273729,40256694,40256695,t,ta,1
NC_037337.1,NC_032659.1,40276725,40259832,40259854,t,tgcacacacacacacacacacac,22
NC_037337.1,NC_032659.1,40281109,40264240,40264249,A,ATTGAATATG,9
NC_037337.1,NC_032659.1,40284443,40267584,40267586,A,ACT,2
NC_037337.1,NC_032659.1,40340102,40323814,40323816,A,AAC,2
NC_037337.1,NC_032659.1,40345629,40329343,40329344,g,gc,1
NC_037337.1,NC_032659.1,40354560,40338271,40338272,t,ta,1
NC_037337.1,NC_032659.1,40419339,40403065,40403066,T,TA,1
NC_037337.1,NC_032659.1,40425102,40408828,40408832,C,CCAKM,4
NC_037337.1,NC_032659.1,40428189,40411920,40411934,t,tatataaaaatataa,14
NC_037337.1,NC_032659.1,40439817,40423561,40423562,T,TW,1
NC_037337.1,NC_032659.1,40443283,40427028,40427029,t,ta,1
NC_037337.1,NC_032659.1,40451977,40435726,40435730,t,ttaaa,4
NC_037337.1,NC_032659.1,40477495,40461256,40461257,c,ca,1
NC_037337.1,NC_032659.1,40484450,40468214,40468215,T,TW,1
NC_037337.1,NC_032659.1,40485433,40469198,40469199,a,at,1
NC_037337.1,NC_032659.1,40499574,40483344,40483347,t,tagc,3
NC_037337.1,NC_032659.1,40502840,40486612,40486613,g,gt,1
NC_037337.1,NC_032659.1,40515391,40499211,40499212,A,AW,1
NC_037337.1,NC_032659.1,40522403,40506253,40506256,t,tagc,3
NC_037337.1,NC_032659.1,40610562,40594410,40594411,T,TA,1
NC_037337.1,NC_032659.1,40647698,40631541,40631542,A,AW,1
NC_037337.1,NC_032659.1,40796554,40712908,40712915,a,atatatat,7
NC_037337.1,NC_032659.1,40811263,40727623,40727624,A,AN,1
NC_037337.1,NC_032659.1,40811274,40727635,40727636,C,CT,1
NC_037337.1,NC_032659.1,40819802,40810405,40810407,c,ctt,2
NC_037337.1,NC_032659.1,40819802,40736172,40736174,c,ctt,2
NC_037337.1,NC_032659.1,40827866,40744238,40744239,t,ta,1
NC_037337.1,NC_032659.1,40839248,40755623,40755624,T,TA,1
NC_037337.1,NC_032659.1,40839248,40829306,40829307,T,TA,1
NC_037337.1,NC_032659.1,40849194,40839257,40839258,a,aN,1
NC_037337.1,NC_032659.1,40849474,40839538,40839539,a,ag,1
NC_037337.1,NC_032659.1,40874299,40860305,40860307,C,CTG,2
NC_037337.1,NC_032659.1,40901799,40887502,40887516,T,TCTATGGATTTTGAA,14
NC_037337.1,NC_032659.1,40951322,40937063,40937064,t,tc,1
NC_037337.1,NC_032659.1,41075903,40995651,40995653,g,gta,2
NC_037337.1,NC_032659.1,41164771,41084832,41084834,t,taa,2
NC_037337.1,NC_032659.1,41176225,41096025,41096031,c,ctgggct,6
NC_037337.1,NC_032659.1,41179800,41099603,41099605,c,ctt,2
NC_037337.1,NC_032659.1,41188762,41113392,41113395,t,taac,3
NC_037337.1,NC_032659.1,41267645,41194114,41194120,g,ggagata,6
NC_037337.1,NC_032659.1,41267878,41194353,41194355,t,ttc,2
NC_037337.1,NC_032659.1,41270026,41196501,41196502,a,ac,1
NC_037337.1,NC_032659.1,41271249,41197725,41197729,a,aaatg,4
NC_037337.1,NC_032659.1,41290139,41216935,41216936,T,TA,1
NC_037337.1,NC_032659.1,41313542,41240361,41240362,T,TC,1
NC_037337.1,NC_032659.1,41324361,41251177,41251178,T,TY,1
NC_037337.1,NC_032659.1,41358644,41285669,41285688,t,tatatatatatatatatata,19
NC_037337.1,NC_032659.1,41371520,41298574,41298575,t,ta,1
NC_037337.1,NC_032659.1,41400535,41327598,41327599,a,ac,1
NC_037337.1,NC_032659.1,41400815,41327879,41327890,a,aacagttagaac,11
NC_037337.1,NC_032659.1,41404168,41331260,41331261,t,ta,1
NC_037337.1,NC_032659.1,41478608,41446499,41446500,C,CT,1
NC_037337.1,NC_032659.1,41478786,41446678,41446679,T,TK,1
NC_037337.1,NC_032659.1,41488091,41455984,41455985,a,ac,1
NC_037337.1,NC_032659.1,41597385,41565117,41565119,a,aNN,2
NC_037337.1,NC_032659.1,41714121,41682726,41682727,t,ta,1
NC_037337.1,NC_032659.1,41732885,41701488,41701489,g,ga,1
NC_037337.1,NC_032659.1,41750088,41718700,41718710,t,tagtatatata,10
NC_037337.1,NC_032659.1,41790175,41758804,41758805,a,ac,1
NC_037337.1,NC_032659.1,41825170,41791512,41791513,T,TC,1
NC_037337.1,NC_032659.1,41856590,41823745,41823746,c,ca,1
NC_037337.1,NC_032659.1,41857833,41824992,41824994,t,ttc,2
NC_037337.1,NC_032659.1,41880862,41953955,41953956,t,tg,1
NC_037337.1,NC_032659.1,41881197,41954291,41954293,C,CGT,2
NC_037337.1,NC_032659.1,41881247,41954343,41954345,G,GTC,2
NC_037337.1,NC_032659.1,41892242,41965345,41965346,c,ct,1
NC_037337.1,NC_032659.1,41902552,41977547,41977548,g,ga,1
NC_037337.1,NC_032659.1,41910543,41985538,41985539,T,TG,1
NC_037337.1,NC_032659.1,41910587,41985583,41985601,T,TAGTAANNNNNNNNNNNNN,18
NC_037337.1,NC_032659.1,42240969,42259919,42259939,c,cttGTAAAAGATTGAAATcaa,20
NC_037337.1,NC_032659.1,42251038,42270014,42270015,g,ga,1
NC_037337.1,NC_032659.1,42262394,42282344,42282345,g,ga,1
NC_037337.1,NC_032659.1,42334168,42356848,42356853,A,ATCTAG,5
NC_037337.1,NC_032659.1,42348155,42370859,42370860,C,CT,1
NC_037337.1,NC_032659.1,42348162,42370867,42370877,G,GAACAACACCT,10
NC_037337.1,NC_032659.1,42352093,42374805,42374806,G,GN,1
NC_037337.1,NC_032659.1,42502140,42573040,42573044,a,acttt,4
NC_037337.1,NC_032659.1,42571420,42642550,42642551,A,AM,1
NC_037337.1,NC_032659.1,42581559,42652695,42652696,C,CT,1
NC_037337.1,NC_032659.1,42597726,42670051,42670052,T,TC,1
NC_037337.1,NC_032659.1,42611895,42684220,42684228,t,tNNNNNNNN,8
NC_037337.1,NC_032659.1,42731374,42805217,42805218,C,CY,1
NC_037337.1,NC_032659.1,42787201,42860716,42860717,A,AG,1
NC_037337.1,NC_032659.1,42801066,42874583,42874584,a,at,1
NC_037337.1,NC_032659.1,42817653,42891175,42891176,A,AC,1
NC_037337.1,NC_032659.1,42902462,42976001,42976002,T,TW,1
NC_037337.1,NC_032659.1,42916239,42989787,42989789,c,cat,2
NC_037337.1,NC_032659.1,42956455,43030012,43030013,a,ag,1
NC_037337.1,NC_032659.1,42976654,43050210,43050211,c,ca,1
NC_037337.1,NC_032659.1,43589735,43700506,43700507,a,ag,1
NC_037337.1,NC_032659.1,43713781,43823052,43823053,G,GC,1
NC_037337.1,NC_032659.1,43793293,43903408,43903409,A,AW,1
NC_037337.1,NC_032659.1,43793325,43903441,43903442,T,TA,1
NC_037337.1,NC_032659.1,43793333,43903450,43903451,T,TA,1
NC_037337.1,NC_032659.1,43793532,43903651,43903652,c,ca,1
NC_037337.1,NC_032659.1,43800371,43910492,43910494,t,tNN,2
NC_037337.1,NC_032659.1,43814212,43924135,43924136,a,ag,1
NC_037337.1,NC_032659.1,43820166,43930085,43930086,c,ct,1
NC_037337.1,NC_032659.1,43826597,43936518,43936519,G,GC,1
NC_037337.1,NC_032659.1,43880219,43990144,43990145,t,ta,1
NC_037337.1,NC_032659.1,43973909,44196864,44196874,c,ccttttttttt,10
NC_037337.1,NC_032659.1,43981749,44204711,44204714,T,TATC,3
NC_037337.1,NC_032659.1,43984558,44207522,44207523,A,AM,1
NC_037337.1,NC_032659.1,43987085,44210050,44210051,T,TG,1
NC_037337.1,NC_032659.1,43990375,44213363,44213364,a,ag,1
NC_037337.1,NC_032659.1,43995862,44219073,44219074,A,AG,1
NC_037337.1,NC_032659.1,43996547,44219758,44219761,C,CCTT,3
NC_037337.1,NC_032659.1,44004119,44227200,44227201,g,gc,1
NC_037337.1,NC_032659.1,44005587,44228669,44228675,c,cacagag,6
NC_037337.1,NC_032659.1,44022837,44245927,44245928,a,ag,1
NC_037337.1,NC_032659.1,44029639,44063264,44063268,C,CATAG,4
NC_037337.1,NC_032659.1,44035472,44069098,44069099,c,ct,1
NC_037337.1,NC_032659.1,44131023,44284433,44284434,a,ac,1
NC_037337.1,NC_032659.1,44190947,44344346,44344384,T,TGGTCAACACCTCTACTTACCTTTTTTAATTCTAAGAAG,38
NC_037337.1,NC_032659.1,44196704,44350141,44350142,G,GT,1
NC_037337.1,NC_032659.1,44213262,44365496,44365497,a,at,1
NC_037337.1,NC_032659.1,44213291,44365526,44365527,A,AC,1
NC_037337.1,NC_032659.1,44222446,44374746,44374747,g,gc,1
NC_037337.1,NC_032659.1,44264000,44416307,44416308,G,GK,1
NC_037337.1,NC_032659.1,44266089,44418383,44418384,A,AC,1
NC_037337.1,NC_032659.1,44267460,44419755,44419757,a,att,2
NC_037337.1,NC_032659.1,44383802,44544709,44544710,T,TC,1
NC_037337.1,NC_032659.1,44391307,44552214,44552215,C,CT,1
NC_037337.1,NC_032659.1,44403154,44564061,44564062,t,tg,1
NC_037337.1,NC_032659.1,44446527,44607478,44607485,T,TNNNNNNN,7
NC_037337.1,NC_032659.1,44478819,44639798,44639799,t,ta,1
NC_037337.1,NC_032659.1,44512286,44815467,44815468,A,AN,1
NC_037337.1,NC_032659.1,44538330,44841512,44841513,G,GA,1
NC_037337.1,NC_032659.1,44646570,44950063,44950064,a,aN,1
NC_037337.1,NC_032659.1,44648296,44951790,44951791,C,CT,1
NC_037337.1,NC_032659.1,44660596,44964100,44964101,A,AT,1
NC_037337.1,NC_032659.1,44707052,45042131,45042132,G,GR,1
NC_037337.1,NC_032659.1,44717914,45052999,45053000,T,TK,1
NC_037337.1,NC_032659.1,44726839,45061926,45061928,C,CTG,2
NC_037337.1,NC_032659.1,44727043,45062132,45062133,A,AY,1
NC_037337.1,NC_032659.1,44731381,45066466,45066467,a,ac,1
NC_037337.1,NC_032659.1,44734931,45070018,45070019,a,at,1
NC_037337.1,NC_032659.1,44747509,45082599,45082601,T,TTA,2
NC_037337.1,NC_032659.1,44756818,45093346,45093347,a,ac,1
NC_037337.1,NC_032659.1,44816768,45154817,45154819,t,taa,2
NC_037337.1,NC_032659.1,44819673,45157724,45157725,G,GA,1
NC_037337.1,NC_032659.1,44863254,45201373,45201374,C,CW,1
NC_037337.1,NC_032659.1,44870613,45208738,45208746,G,GTTACTGAC,8
NC_037337.1,NC_032659.1,44881307,45219467,45219468,a,ag,1
NC_037337.1,NC_032659.1,44894287,45238749,45238750,t,tc,1
NC_037337.1,NC_032659.1,44896385,45240847,45240848,A,AN,1
NC_037337.1,NC_032659.1,44921551,45266013,45266014,G,GR,1
NC_037337.1,NC_032659.1,44928025,45272494,45272495,G,GW,1
NC_037337.1,NC_032659.1,44928457,45272926,45272930,c,catat,4
NC_037337.1,NC_032659.1,44930404,45274878,45274879,A,AG,1
NC_037337.1,NC_032659.1,44950465,45294940,45294941,g,ga,1
NC_037337.1,NC_032659.1,44951039,45295515,45295516,c,ca,1
NC_037337.1,NC_032659.1,44976363,45320836,45320837,G,GS,1
NC_037337.1,NC_032659.1,45008711,45381336,45381337,a,ag,1
NC_037337.1,NC_032659.1,45045598,45425748,45425749,A,AT,1
NC_037337.1,NC_032659.1,45169811,45534208,45534209,A,AG,1
NC_037337.1,NC_032659.1,45240791,45605190,45605191,A,AG,1
NC_037337.1,NC_032659.1,45281434,45645821,45645822,C,CM,1
NC_037337.1,NC_032659.1,45285122,45649510,45649511,A,AG,1
NC_037337.1,NC_032659.1,45305036,45669429,45669431,t,tta,2
NC_037337.1,NC_032659.1,45320759,45685125,45685132,T,TCTGTTGG,7
NC_037337.1,NC_032659.1,45324617,45688990,45688992,A,AGC,2
NC_037337.1,NC_032659.1,45327032,45691407,45691408,C,CT,1
NC_037337.1,NC_032659.1,45342679,45707058,45707059,G,GA,1
NC_037337.1,NC_032659.1,45351827,45716216,45716221,A,AGAAAG,5
NC_037337.1,NC_032659.1,45351981,45716375,45716377,C,CTG,2
NC_037337.1,NC_032659.1,45355598,45719992,45719993,G,GT,1
NC_037337.1,NC_032659.1,45358781,45723176,45723177,T,TC,1
NC_037337.1,NC_032659.1,45379484,45744041,45744042,A,AG,1
NC_037337.1,NC_032659.1,45430484,45795029,45795031,C,CCG,2
NC_037337.1,NC_032659.1,45452646,45820731,45820732,t,tY,1
NC_037337.1,NC_032659.1,45468138,45836222,45836224,A,AAC,2
NC_037337.1,NC_032659.1,45472193,45840278,45840279,a,ag,1
NC_037337.1,NC_032659.1,45472221,45840307,45840308,c,ct,1
NC_037337.1,NC_032659.1,45486382,45854478,45854479,a,at,1
NC_037337.1,NC_032659.1,45541233,45909320,45909321,t,ta,1
NC_037337.1,NC_032659.1,45688350,46048539,46048540,a,at,1
NC_037337.1,NC_032659.1,45724917,46085104,46085105,t,ta,1
NC_037337.1,NC_032659.1,45810547,46170234,46170237,A,ATCT,3
NC_037337.1,NC_032659.1,45817765,46177455,46177456,t,ta,1
NC_037337.1,NC_032659.1,46008350,46349832,46349836,t,tNNNN,4
NC_037337.1,NC_032659.1,46080013,46421504,46421505,G,GC,1
NC_037337.1,NC_032659.1,46134823,46476326,46476328,t,ttg,2
NC_037337.1,NC_032659.1,46140748,46482255,46482273,c,cctgggttcaatccctggg,18
NC_037337.1,NC_032659.1,46197066,46538697,46538698,G,GT,1
NC_037337.1,NC_032659.1,46220130,46561756,46561757,c,ct,1
NC_037337.1,NC_032659.1,46295593,46636723,46636736,A,ATCCTGTAATGTWC,13
NC_037337.1,NC_032659.1,46384863,46725851,46725852,t,ta,1
NC_037337.1,NC_032659.1,46424997,46765986,46765987,a,at,1
NC_037337.1,NC_032659.1,46425058,46766049,46766050,c,ct,1
NC_037337.1,NC_032659.1,46456678,46797672,46797674,T,TGG,2
NC_037337.1,NC_032659.1,46474490,46815489,46815490,t,tg,1
NC_037337.1,NC_032659.1,46474596,46815596,46815597,c,cg,1
NC_037337.1,NC_032659.1,46503086,46844089,46844090,C,CS,1
NC_037337.1,NC_032659.1,46503563,46844567,46844569,A,AAG,2
NC_037337.1,NC_032659.1,46513643,46854648,46854649,C,CS,1
NC_037337.1,NC_032659.1,46532750,46873764,46873774,c,ccgtgtgtgtg,10
NC_037337.1,NC_032659.1,46534978,46876003,46876004,A,AR,1
NC_037337.1,NC_032659.1,46568353,46909372,46909386,C,CAGAGGTGCGAGCTA,14
NC_037337.1,NC_032659.1,46590640,46931669,46931670,G,GR,1
NC_037337.1,NC_032659.1,46601231,46942266,46942267,g,gt,1
NC_037337.1,NC_032659.1,46668319,47009361,47009362,a,ac,1
NC_037337.1,NC_032659.1,46668326,47009369,47009370,t,ta,1
NC_037337.1,NC_032659.1,46668338,47009382,47009384,t,tcc,2
NC_037337.1,NC_032659.1,46725192,47066224,47066225,t,ta,1
NC_037337.1,NC_032659.1,46741631,47082662,47082663,t,ta,1
NC_037337.1,NC_032659.1,46747452,47088497,47088499,t,ttc,2
NC_037337.1,NC_032659.1,46778993,47120039,47120040,g,gt,1
NC_037337.1,NC_032659.1,46797105,47138150,47138151,t,ta,1
NC_037337.1,NC_032659.1,46818609,47159662,47159663,C,CY,1
NC_037337.1,NC_032659.1,46861271,47202325,47202328,A,AGAG,3
NC_037337.1,NC_032659.1,46898939,47240002,47240003,a,at,1
NC_037337.1,NC_032659.1,46986165,47328175,47328177,T,TAC,2
NC_037337.1,NC_032659.1,47009508,47351525,47351527,t,taa,2
NC_037337.1,NC_032659.1,47051794,47421439,47421440,C,CA,1
NC_037337.1,NC_032659.1,47091912,47461510,47461511,t,tN,1
NC_037337.1,NC_032659.1,47107355,47490025,47490026,t,tg,1
NC_037337.1,NC_032659.1,47119767,47502451,47502452,c,ct,1
NC_037337.1,NC_032659.1,47127563,47510305,47510306,A,AC,1
NC_037337.1,NC_032659.1,47127577,47510320,47510321,C,CT,1
NC_037337.1,NC_032659.1,47127816,47510560,47510561,A,AG,1
NC_037337.1,NC_032659.1,47135464,47518210,47518211,A,AT,1
NC_037337.1,NC_032659.1,47135607,47518354,47518355,C,CA,1
NC_037337.1,NC_032659.1,47135646,47518394,47518395,G,GW,1
NC_037337.1,NC_032659.1,47136319,47519065,47519066,c,ct,1
NC_037337.1,NC_032659.1,47141581,47524328,47524329,C,CM,1
NC_037337.1,NC_032659.1,47147521,47529753,47529759,T,TATAATA,6
NC_037337.1,NC_032659.1,47155725,47537946,47537947,C,CY,1
NC_037337.1,NC_032659.1,47159408,47541644,47541645,a,ag,1
NC_037337.1,NC_032659.1,47164655,47546900,47546901,G,GA,1
NC_037337.1,NC_032659.1,47174830,47557072,47557077,a,aaatat,5
NC_037337.1,NC_032659.1,47239176,47622934,47622936,C,CCG,2
NC_037337.1,NC_032659.1,47248229,47631980,47631993,G,GTGCCTGACGGCAC,13
NC_037337.1,NC_032659.1,47278072,47661837,47661839,a,aag,2
NC_037337.1,NC_032659.1,47349168,47732938,47732939,t,tc,1
NC_037337.1,NC_032659.1,47413602,47797392,47797393,A,AC,1
NC_037337.1,NC_032659.1,47429126,47813341,47813342,G,GT,1
NC_037337.1,NC_032659.1,47444196,47828413,47828414,c,ca,1
NC_037337.1,NC_032659.1,47444228,47828446,47828448,t,tca,2
NC_037337.1,NC_032659.1,47484857,47869102,47869103,A,AG,1
NC_037337.1,NC_032659.1,47491114,47875362,47875364,C,CTT,2
NC_037337.1,NC_032659.1,47507455,47891724,47891726,t,taa,2
NC_037337.1,NC_032659.1,47517084,47901379,47901381,C,CTY,2
NC_037337.1,NC_032659.1,47582153,47964320,47964321,t,ta,1
NC_037337.1,NC_032659.1,47583572,47965740,47965748,g,ggcAAGTAA,8
NC_037337.1,NC_032659.1,47583594,47965770,47965772,a,aac,2
NC_037337.1,NC_032659.1,47602572,47984774,47984775,a,ac,1
NC_037337.1,NC_032659.1,47603244,47985446,47985448,G,GGC,2
NC_037337.1,NC_032659.1,47616349,47998565,47998568,g,gaaa,3
NC_037337.1,NC_032659.1,47620267,48002481,48002493,A,ATTTTATTATGCM,12
NC_037337.1,NC_032659.1,48018088,48391283,48391284,G,GR,1
NC_037337.1,NC_032659.1,48020443,48393639,48393640,T,TG,1
NC_037337.1,NC_032659.1,48041238,48414434,48414435,g,ga,1
NC_037337.1,NC_032659.1,48077598,48450800,48450801,t,tc,1
NC_037337.1,NC_032659.1,48112397,48487678,48487679,g,gc,1
NC_037337.1,NC_032659.1,48122642,48497928,48497931,T,TAGA,3
NC_037337.1,NC_032659.1,48636693,49011525,49011526,g,gt,1
NC_037337.1,NC_032659.1,48854997,49216645,49216650,t,taaaaa,5
NC_037337.1,NC_032659.1,48855717,49217371,49217372,t,tg,1
NC_037337.1,NC_032659.1,48859819,49221474,49221495,a,aatagaaggaacatacctcaac,21
NC_037337.1,NC_032659.1,49093450,49454469,49454470,G,GT,1
NC_037337.1,NC_032659.1,49144363,49505387,49505391,C,CCCCY,4
NC_037337.1,NC_032659.1,49242835,49622678,49622680,t,tNN,2
NC_037337.1,NC_032659.1,49249821,49629668,49629669,g,gt,1
NC_037337.1,NC_032659.1,49265785,49645637,49645638,a,at,1
NC_037337.1,NC_032659.1,49541663,49921285,49921290,T,TAAGAA,5
NC_037337.1,NC_032659.1,49586463,49966390,49966396,a,atNNNNN,6
NC_037337.1,NC_032659.1,49587630,49967563,49967588,C,CNNNNNNNNNNNNNNNNNNNNNNNNN,25
NC_037337.1,NC_032659.1,49665065,50044925,50044928,T,TTCA,3
NC_037337.1,NC_032659.1,49687706,50067713,50067714,a,at,1
NC_037337.1,NC_032659.1,49775962,50190670,50190672,C,CTA,2
NC_037337.1,NC_032659.1,49789401,50204114,50204115,c,ct,1
NC_037337.1,NC_032659.1,49793722,50208436,50208437,G,GS,1
NC_037337.1,NC_032659.1,49825964,50240674,50240675,g,gc,1
NC_037337.1,NC_032659.1,49853554,50268277,50268278,G,GR,1
NC_037337.1,NC_032659.1,49857431,50272138,50272141,T,TCTC,3
NC_037337.1,NC_032659.1,49858742,50273452,50273453,G,GW,1
NC_037337.1,NC_032659.1,49893880,50308597,50308598,a,at,1
NC_037337.1,NC_032659.1,49919376,50334095,50334098,t,tttg,3
NC_037337.1,NC_032659.1,49923704,50338426,50338428,a,aag,2
NC_037337.1,NC_032659.1,49932641,50347366,50347368,A,AAG,2
NC_037337.1,NC_032659.1,49937516,50352277,50352281,a,aacac,4
NC_037337.1,NC_032659.1,49938501,50353266,50353267,T,TC,1
NC_037337.1,NC_032659.1,49976111,50390876,50390879,t,tctc,3
NC_037337.1,NC_032659.1,49994351,50409345,50409351,c,ctttttt,6
NC_037337.1,NC_032659.1,50035072,50450086,50450087,c,ca,1
NC_037337.1,NC_032659.1,50060164,50475188,50475189,c,ct,1
NC_037337.1,NC_032659.1,50097549,50512673,50512674,t,ta,1
NC_037337.1,NC_032659.1,50119123,50534444,50534452,t,tttcccccc,8
NC_037337.1,NC_032659.1,50164486,50579492,50579495,C,CGAG,3
NC_037337.1,NC_032659.1,50187698,50602695,50602696,A,AG,1
NC_037337.1,NC_032659.1,50223345,50638631,50638632,T,TC,1
NC_037337.1,NC_032659.1,50285933,50700731,50700732,T,TG,1
NC_037337.1,NC_032659.1,50291258,50706043,50706044,G,GR,1
NC_037337.1,NC_032659.1,50322850,50737638,50737646,A,ACGCNNNNN,8
NC_037337.1,NC_032659.1,50326682,50741481,50741482,T,TY,1
NC_037337.1,NC_032659.1,50361155,50775866,50775879,c,cggacacgactgag,13
NC_037337.1,NC_032659.1,50361244,50775968,50775969,a,at,1
NC_037337.1,NC_032659.1,50391105,50803552,50803574,A,AATTCTAGGGTAGGAGGGTTCTG,22
NC_037337.1,NC_032659.1,50392194,50804656,50804657,C,CT,1
NC_037337.1,NC_032659.1,50403453,50815918,50815919,c,ca,1
NC_037337.1,NC_032659.1,50459521,50921463,50921464,g,ga,1
NC_037337.1,NC_032659.1,50463514,50925458,50925463,t,ttttWa,5
NC_037337.1,NC_032659.1,50463538,50925487,50925493,a,attttat,6
NC_037337.1,NC_032659.1,50474174,50936133,50936134,C,CT,1
NC_037337.1,NC_032659.1,50491178,50953140,50953141,G,GC,1
NC_037337.1,NC_032659.1,50557491,51022797,51022800,C,CAGA,3
NC_037337.1,NC_032659.1,50582075,51047299,51047308,G,GCAAGCTTTK,9
NC_037337.1,NC_032659.1,50618319,51083556,51083561,g,gatagc,5
NC_037337.1,NC_032659.1,50627741,51092651,51092652,A,AG,1
NC_037337.1,NC_032659.1,50676356,51140845,51140846,c,ca,1
NC_037337.1,NC_032659.1,50976986,51531923,51531924,t,tg,1
NC_037337.1,NC_032659.1,51044347,51599295,51599296,C,CY,1
NC_037337.1,NC_032659.1,51047215,51602164,51602170,C,CGCCCCA,6
NC_037337.1,NC_032659.1,51062885,51619207,51619208,T,TG,1
NC_037337.1,NC_032659.1,51064223,51620540,51620541,t,ta,1
NC_037337.1,NC_032659.1,51065876,51622196,51622197,c,ca,1
NC_037337.1,NC_032659.1,51066317,51622639,51622642,a,attt,3
NC_037337.1,NC_032659.1,51070761,51627086,51627087,C,CM,1
NC_037337.1,NC_032659.1,51071801,51628127,51628128,A,AR,1
NC_037337.1,NC_032659.1,51114392,51670901,51670902,G,GC,1
NC_037337.1,NC_032659.1,51122637,51679154,51679157,c,ccct,3
NC_037337.1,NC_032659.1,51127178,51683698,51683699,G,GA,1
NC_037337.1,NC_032659.1,51137002,51693532,51693543,C,CGTCGTAATCAT,11
NC_037337.1,NC_032659.1,51149599,51706140,51706141,T,TC,1
NC_037337.1,NC_032659.1,51163100,51719645,51719646,t,ta,1
NC_037337.1,NC_032659.1,51164201,51720746,51720758,g,gcgaccccataga,12
NC_037337.1,NC_032659.1,51179031,51735583,51735584,t,tg,1
NC_037337.1,NC_032659.1,51304954,51826221,51826222,g,ga,1
NC_037337.1,NC_032659.1,51324723,51845991,51845993,G,GGT,2
NC_037337.1,NC_032659.1,51324733,51846003,51846004,C,CT,1
NC_037337.1,NC_032659.1,51394701,51916852,51916855,g,gggt,3
NC_037337.1,NC_032659.1,51397858,51920016,51920017,g,gt,1
NC_037337.1,NC_032659.1,51406660,51928816,51928817,G,GC,1
NC_037337.1,NC_032659.1,51407489,51929647,51929648,T,TK,1
NC_037337.1,NC_032659.1,51409351,51931513,51931517,A,AATGT,4
NC_037337.1,NC_032659.1,51409433,51931599,51931603,T,TACTC,4
NC_037337.1,NC_032659.1,51412091,51934091,51934093,C,CAG,2
NC_037337.1,NC_032659.1,51412721,51934718,51934728,C,CTAGAAATAAA,10
NC_037337.1,NC_032659.1,51412896,51934903,51934906,A,AAAT,3
NC_037337.1,NC_032659.1,51413231,51935244,51935251,T,TACCCAAA,7
NC_037337.1,NC_032659.1,51415574,51937594,51937598,t,tgata,4
NC_037337.1,NC_032659.1,51501290,52023974,52023976,a,aag,2
NC_037337.1,NC_032659.1,51536471,52059157,52059158,G,GC,1
NC_037337.1,NC_032659.1,51576504,52100344,52100346,t,ttc,2
NC_037337.1,NC_032659.1,51695952,52219987,52219988,C,CT,1
NC_037337.1,NC_032659.1,51697758,52221793,52221794,G,GR,1
NC_037337.1,NC_032659.1,51774526,52331196,52331199,T,TGGC,3
NC_037337.1,NC_032659.1,51778020,52334692,52334695,C,CCTT,3
NC_037337.1,NC_032659.1,51844836,52401520,52401521,T,TA,1
NC_037337.1,NC_032659.1,51913836,52470322,52470323,G,GA,1
NC_037337.1,NC_032659.1,51942209,52498700,52498703,T,TTTC,3
NC_037337.1,NC_032659.1,51984003,52540513,52540515,T,TTA,2
NC_037337.1,NC_032659.1,51985210,52541722,52541723,t,ta,1
NC_037337.1,NC_032659.1,52023813,52580326,52580327,a,ag,1
NC_037337.1,NC_032659.1,52023839,52580353,52580354,c,cA,1
NC_037337.1,NC_032659.1,52023844,52580359,52580360,t,tg,1
NC_037337.1,NC_032659.1,52050546,52607073,52607074,t,tc,1
NC_037337.1,NC_032659.1,52061058,52617584,52617586,g,gtt,2
NC_037337.1,NC_032659.1,52070840,52627366,52627369,A,ATCT,3
NC_037337.1,NC_032659.1,52084682,52641208,52641224,a,acgcGAGTNNNNNNNNN,16
NC_037337.1,NC_032659.1,52130150,52687443,52687444,G,GT,1
NC_037337.1,NC_032659.1,52157519,52714585,52714586,C,CA,1
NC_037337.1,NC_032659.1,52434851,53000187,53000202,T,TGCTATGGAGTGGTGA,15
NC_037337.1,NC_032659.1,52561021,53098360,53098361,T,TC,1
NC_037337.1,NC_032659.1,52597374,53135114,53135117,A,AAAT,3
NC_037337.1,NC_032659.1,52638031,53175797,53175798,T,TC,1
NC_037337.1,NC_032659.1,52703986,53241613,53241614,t,tN,1
NC_037337.1,NC_032659.1,52729754,53267377,53267378,c,cg,1
NC_037337.1,NC_032659.1,52790441,53326673,53326674,g,ga,1
NC_037337.1,NC_032659.1,52820116,53356349,53356354,A,AGACCM,5
NC_037337.1,NC_032659.1,52829046,53365285,53365286,T,TY,1
NC_037337.1,NC_032659.1,52845944,53382188,53382189,c,ca,1
NC_037337.1,NC_032659.1,52875138,53412235,53412236,C,CM,1
NC_037337.1,NC_032659.1,52911896,53448971,53448972,A,AG,1
NC_037337.1,NC_032659.1,52930652,53467580,53467581,T,TG,1
NC_037337.1,NC_032659.1,52938859,53475789,53475790,t,tc,1
NC_037337.1,NC_032659.1,52970392,53507333,53507334,c,cg,1
NC_037337.1,NC_032659.1,52981659,53518606,53518607,C,CS,1
NC_037337.1,NC_032659.1,52997555,53534509,53534510,A,AG,1
NC_037337.1,NC_032659.1,53008593,53545557,53545567,G,GTTGGCAACCA,10
NC_037337.1,NC_032659.1,53010312,53547287,53547288,G,GA,1
NC_037337.1,NC_032659.1,53017500,53554478,53554479,C,CG,1
NC_037337.1,NC_032659.1,53017732,53554711,53554712,A,AC,1
NC_037337.1,NC_032659.1,53018193,53555172,53555174,A,AAC,2
NC_037337.1,NC_032659.1,53026051,53563034,53563058,G,GTTCTCAGTGGGGAGACACCGTTAT,24
NC_037337.1,NC_032659.1,53089692,53626669,53626674,A,ATTAAG,5
NC_037337.1,NC_032659.1,53117615,53654404,53654405,g,ga,1
NC_037337.1,NC_032659.1,53129781,53666103,53666104,t,ta,1
NC_037337.1,NC_032659.1,53153766,53690119,53690120,C,CG,1
NC_037337.1,NC_032659.1,53162175,53950601,53950602,T,TA,1
NC_037337.1,NC_032659.1,53248981,54037412,54037414,t,tNN,2
NC_037337.1,NC_032659.1,53289968,54078512,54078513,G,GT,1
NC_037337.1,NC_032659.1,53314772,54103524,54103525,a,ag,1
NC_037337.1,NC_032659.1,53389671,54178344,54178345,A,AW,1
NC_037337.1,NC_032659.1,53584025,54372660,54372661,c,ca,1
NC_037337.1,NC_032659.1,53679115,54469425,54469428,G,GGTT,3
NC_037337.1,NC_032659.1,53686147,54476541,54476543,c,cta,2
NC_037337.1,NC_032659.1,53835635,54627806,54627811,c,cttaaa,5
NC_037337.1,NC_032659.1,53857978,54650161,54650162,g,gt,1
NC_037337.1,NC_032659.1,53858946,54651130,54651131,T,TY,1
NC_037337.1,NC_032659.1,53888843,54681035,54681036,c,ca,1
NC_037337.1,NC_032659.1,53906837,54699760,54699761,T,TC,1
NC_037337.1,NC_032659.1,53916488,54709413,54709416,c,cctt,3
NC_037337.1,NC_032659.1,53916530,54709458,54709459,t,tg,1
NC_037337.1,NC_032659.1,53916550,54709479,54709480,t,tc,1
NC_037337.1,NC_032659.1,53947323,54740263,54740264,A,AG,1
NC_037337.1,NC_032659.1,53960406,54753363,54753364,T,TA,1
NC_037337.1,NC_032659.1,53961577,54754534,54754535,a,aN,1
NC_037337.1,NC_032659.1,53972822,54765780,54765782,t,tta,2
NC_037337.1,NC_032659.1,53988932,54781894,54781895,A,AG,1
NC_037337.1,NC_032659.1,54019101,54812088,54812092,t,tNNNN,4
NC_037337.1,NC_032659.1,54057800,54940681,54940682,A,AG,1
NC_037337.1,NC_032659.1,54057800,54842206,54842207,A,AG,1
NC_037337.1,NC_032659.1,54062472,54945365,54945366,g,gt,1
NC_037337.1,NC_032659.1,54062482,54945376,54945379,g,gttt,3
NC_037337.1,NC_032659.1,54068972,54951869,54951870,c,ca,1
NC_037337.1,NC_032659.1,54086483,54865417,54865419,a,aac,2
NC_037337.1,NC_032659.1,54093548,54872488,54872489,g,ga,1
NC_037337.1,NC_032659.1,54096411,54875344,54875345,c,ca,1
NC_037337.1,NC_032659.1,54096549,54875483,54875492,t,tcagatatgc,9
NC_037337.1,NC_032659.1,54099193,54878135,54878136,C,CG,1
NC_037337.1,NC_032659.1,54104644,54883581,54883585,t,ttaaa,4
NC_037337.1,NC_032659.1,54107502,54886444,54886445,t,tg,1
NC_037337.1,NC_032659.1,54120753,54899666,54899667,T,TC,1
NC_037337.1,NC_032659.1,54125376,54904289,54904290,a,ac,1
NC_037337.1,NC_032659.1,54127434,54906349,54906371,A,AATTCCAATACAATATTGGAGAC,22
NC_037337.1,NC_032659.1,54147157,54926091,54926095,a,aagat,4
NC_037337.1,NC_032659.1,54155668,54961091,54961092,T,TA,1
NC_037337.1,NC_032659.1,54157269,54962693,54962694,a,aN,1
NC_037337.1,NC_032659.1,54162497,54967921,54967922,c,ca,1
NC_037337.1,NC_032659.1,54165959,54971385,54971386,T,TY,1
NC_037337.1,NC_032659.1,54178384,54983822,54983823,A,AC,1
NC_037337.1,NC_032659.1,54235511,55040962,55040971,c,caaaaaaaaa,9
NC_037337.1,NC_032659.1,54236087,55041547,55041570,C,CAGGCACTAGGGATTCCATGAGCA,23
NC_037337.1,NC_032659.1,54237902,55043385,55043386,a,at,1
NC_037337.1,NC_032659.1,54298498,55103987,55103988,A,AM,1
NC_037337.1,NC_032659.1,54367088,55172626,55172627,T,TC,1
NC_037337.1,NC_032659.1,54446574,55252238,55252239,A,AG,1
NC_037337.1,NC_032659.1,54497894,55303551,55303557,c,cctcttt,6
NC_037337.1,NC_032659.1,54586466,55392236,55392238,A,AAC,2
NC_037337.1,NC_032659.1,54586487,55392259,55392270,G,GCTANNNNNNNN,11
NC_037337.1,NC_032659.1,54741228,55585219,55585228,T,TAAGTTGGCC,9
NC_037337.1,NC_032659.1,54743684,55587684,55587688,c,ctgtt,4
NC_037337.1,NC_032659.1,54763619,55610006,55610010,a,atagt,4
NC_037337.1,NC_032659.1,54771206,55617599,55617600,G,GT,1
NC_037337.1,NC_032659.1,54771264,55617658,55617663,a,atacac,5
NC_037337.1,NC_032659.1,54775954,55622353,55622354,c,ct,1
NC_037337.1,NC_032659.1,54807962,55654381,55654382,c,ct,1
NC_037337.1,NC_032659.1,54824708,55696518,55696519,T,TG,1
NC_037337.1,NC_032659.1,54958977,55830792,55830796,c,ccttt,4
NC_037337.1,NC_032659.1,54967781,55839600,55839601,t,tg,1
NC_037337.1,NC_032659.1,55104687,55960388,55960390,G,GAK,2
NC_037337.1,NC_032659.1,55127307,55983010,55983012,C,CAG,2
NC_037337.1,NC_032659.1,55424244,56387363,56387364,T,TY,1
NC_037337.1,NC_032659.1,55430639,56393760,56393762,C,CAT,2
NC_037337.1,NC_032659.1,55431265,56394388,56394390,a,acg,2
NC_037337.1,NC_032659.1,55456470,56419882,56419883,a,at,1
NC_037337.1,NC_032659.1,55457829,56421242,56421243,a,at,1
NC_037337.1,NC_032659.1,55487837,56458316,56458317,t,ta,1
NC_037337.1,NC_032659.1,55487842,56287105,56287106,t,ta,1
NC_037337.1,NC_032659.1,55489289,56459765,56459766,T,TA,1
NC_037337.1,NC_032659.1,55489446,56288701,56288702,C,CA,1
NC_037337.1,NC_032659.1,55493024,56292309,56292310,T,TC,1
NC_037337.1,NC_032659.1,55493024,56463530,56463531,T,TC,1
NC_037337.1,NC_032659.1,55510344,56309626,56309627,c,ct,1
NC_037337.1,NC_032659.1,55516077,56315346,56315351,g,gagaaa,5
NC_037337.1,NC_032659.1,55516639,56315916,56315919,a,actg,3
NC_037337.1,NC_032659.1,55519367,56318626,56318627,A,AG,1
NC_037337.1,NC_032659.1,55521692,56320951,56320955,t,tcaga,4
NC_037337.1,NC_032659.1,55521719,56320982,56320984,t,ttc,2
NC_037337.1,NC_032659.1,55523948,56323215,56323216,T,TA,1
NC_037337.1,NC_032659.1,55527468,56485426,56485435,t,tagcagcagc,9
NC_037337.1,NC_032659.1,55532727,56490613,56490616,T,TCTG,3
NC_037337.1,NC_032659.1,55535809,56493701,56493705,A,ATTAT,4
NC_037337.1,NC_032659.1,55535857,56493753,56493754,t,ta,1
NC_037337.1,NC_032659.1,55536734,56494628,56494630,C,CTT,2
NC_037337.1,NC_032659.1,55539099,56496994,56496995,C,CA,1
NC_037337.1,NC_032659.1,55542491,56500386,56500387,A,AT,1
NC_037337.1,NC_032659.1,55543040,56500937,56500938,A,AG,1
NC_037337.1,NC_032659.1,55544358,56502233,56502235,c,cca,2
NC_037337.1,NC_032659.1,55544599,56502466,56502467,A,AC,1
NC_037337.1,NC_032659.1,55551197,56509045,56509048,A,AGAT,3
NC_037337.1,NC_032659.1,55558551,56517423,56517424,a,at,1
NC_037337.1,NC_032659.1,55564425,56523311,56523312,a,at,1
NC_037337.1,NC_032659.1,55569347,56528101,56528103,C,CTR,2
NC_037337.1,NC_032659.1,55569679,56528435,56528436,A,AR,1
NC_037337.1,NC_032659.1,55572168,56530925,56530927,C,CTS,2
NC_037337.1,NC_032659.1,55576761,56535520,56535521,t,ta,1
NC_037337.1,NC_032659.1,55591330,56550111,56550114,g,gttt,3
NC_037337.1,NC_032659.1,55591708,56550494,56550495,T,TY,1
NC_037337.1,NC_032659.1,55601678,56560395,56560396,T,TA,1
NC_037337.1,NC_032659.1,55603377,56562094,56562095,t,ta,1
NC_037337.1,NC_032659.1,55607453,56566187,56566188,A,AR,1
NC_037337.1,NC_032659.1,55612741,56571477,56571478,G,GT,1
NC_037337.1,NC_032659.1,55613246,56571984,56571985,t,tc,1
NC_037337.1,NC_032659.1,55621319,56580046,56580048,T,TCA,2
NC_037337.1,NC_032659.1,55621319,56602087,56602089,T,TCA,2
NC_037337.1,NC_032659.1,55685934,56674198,56674199,C,CT,1
NC_037337.1,NC_032659.1,55687515,56675780,56675781,T,TA,1
NC_037337.1,NC_032659.1,55701669,56688943,56688959,G,GGGGTACACTTCTCTGA,16
NC_037337.1,NC_032659.1,55780415,56767747,56767748,a,ac,1
NC_037337.1,NC_032659.1,55802222,56789563,56789567,A,ACAAT,4
NC_037337.1,NC_032659.1,55807346,56794696,56794697,G,GA,1
NC_037337.1,NC_032659.1,55820697,56808044,56808045,T,TC,1
NC_037337.1,NC_032659.1,55822733,56810083,56810084,A,AC,1
NC_037337.1,NC_032659.1,55878240,56865581,56865582,a,ac,1
NC_037337.1,NC_032659.1,55881968,56869311,56869312,A,AG,1
NC_037337.1,NC_032659.1,55903197,56890538,56890539,a,ac,1
NC_037337.1,NC_032659.1,55931811,56919815,56919816,t,ta,1
NC_037337.1,NC_032659.1,55932230,56920247,56920251,A,AGTTT,4
NC_037337.1,NC_032659.1,55958179,56946015,56946016,T,TY,1
NC_037337.1,NC_032659.1,55959744,56947581,56947584,g,gaaa,3
NC_037337.1,NC_032659.1,55988157,56976012,56976013,t,ta,1
NC_037337.1,NC_032659.1,56004116,56991974,56991983,g,ggaaaacagt,9
NC_037337.1,NC_032659.1,56004142,56992009,56992011,t,tgg,2
NC_037337.1,NC_032659.1,56010931,56998796,56998799,t,tttc,3
NC_037337.1,NC_032659.1,56012266,57000134,57000136,A,AAG,2
NC_037337.1,NC_032659.1,56014603,57002473,57002474,G,GT,1
NC_037337.1,NC_032659.1,56015310,57003181,57003188,a,aaaaaaag,7
NC_037337.1,NC_032659.1,56015321,57003199,57003202,g,ggca,3
NC_037337.1,NC_032659.1,56018371,57006267,57006278,g,gtcgtgtccRac,11
NC_037337.1,NC_032659.1,56018725,57006633,57006655,t,taNNNNNNNNNNNNNNNNNNNNN,22
NC_037337.1,NC_032659.1,56019376,57007306,57007308,g,gga,2
NC_037337.1,NC_032659.1,56036667,57024734,57024743,a,atatatattt,9
NC_037337.1,NC_032659.1,56037857,57025933,57025934,t,tc,1
NC_037337.1,NC_032659.1,56041414,57029487,57029488,C,CA,1
NC_037337.1,NC_032659.1,56107892,57078156,57078157,t,tg,1
NC_037337.1,NC_032659.1,56107911,57078176,57078177,g,ga,1
NC_037337.1,NC_032659.1,56109046,57079312,57079331,A,AACAAANNNNNNNNNNNNNN,19
NC_037337.1,NC_032659.1,56118121,57118120,57118121,T,TC,1
NC_037337.1,NC_032659.1,56125608,57123967,57123970,a,aCAG,3
NC_037337.1,NC_032659.1,56125613,57123975,57123976,G,GT,1
NC_037337.1,NC_032659.1,56125619,57123982,57123983,T,TM,1
NC_037337.1,NC_032659.1,56127986,57126348,57126349,t,ta,1
NC_037337.1,NC_032659.1,56130408,57128777,57128778,A,AC,1
NC_037337.1,NC_032659.1,56137684,57136054,57136058,c,ctttt,4
NC_037337.1,NC_032659.1,56158838,57157213,57157216,T,TATG,3
NC_037337.1,NC_032659.1,56207406,57202831,57202832,A,AG,1
NC_037337.1,NC_032659.1,56215212,57224170,57224175,t,tgtgta,5
NC_037337.1,NC_032659.1,56216157,57225120,57225122,G,GTC,2
NC_037337.1,NC_032659.1,56231020,57240005,57240009,t,taaaa,4
NC_037337.1,NC_032659.1,56255373,57264373,57264374,A,AT,1
NC_037337.1,NC_032659.1,56264775,57273776,57273777,G,GK,1
NC_037337.1,NC_032659.1,56281033,57289779,57289780,g,ga,1
NC_037337.1,NC_032659.1,56318356,57327127,57327128,T,TA,1
NC_037337.1,NC_032659.1,56332015,57335797,57335800,A,AATG,3
NC_037337.1,NC_032659.1,56336683,57340717,57340718,A,AG,1
NC_037337.1,NC_032659.1,56340031,57344133,57344134,T,TA,1
NC_037337.1,NC_032659.1,56343733,57347840,57347844,g,gcaca,4
NC_037337.1,NC_032659.1,56345650,57349748,57349750,G,GTC,2
NC_037337.1,NC_032659.1,56361856,57365947,57365948,A,AT,1
NC_037337.1,NC_032659.1,56374139,57378220,57378223,A,AGAT,3
NC_037337.1,NC_032659.1,56376248,57380338,57380339,g,ga,1
NC_037337.1,NC_032659.1,56377033,57381124,57381126,c,cag,2
NC_037337.1,NC_032659.1,56416974,57448652,57448653,C,CA,1
NC_037337.1,NC_032659.1,56417215,57448894,57448895,a,ag,1
NC_037337.1,NC_032659.1,56417302,57448982,57448985,t,taaa,3
NC_037337.1,NC_032659.1,56420016,57451696,57451699,T,TCTA,3
NC_037337.1,NC_032659.1,56423015,57454696,57454699,g,gtga,3
NC_037337.1,NC_032659.1,56436017,57467588,57467590,T,TAC,2
NC_037337.1,NC_032659.1,56441996,57473844,57473845,a,ac,1
NC_037337.1,NC_032659.1,56446491,57478342,57478343,c,ct,1
NC_037337.1,NC_032659.1,56486169,57523716,57523717,A,AG,1
NC_037337.1,NC_032659.1,56489978,57527531,57527535,C,CAGTG,4
NC_037337.1,NC_032659.1,56493157,57530714,57530716,a,att,2
NC_037337.1,NC_032659.1,56508129,57545735,57545736,c,ct,1
NC_037337.1,NC_032659.1,56509533,57547138,57547139,T,TA,1
NC_037337.1,NC_032659.1,56521459,57574949,57574950,a,at,1
NC_037337.1,NC_032659.1,56605243,57635271,57635275,c,catat,4
NC_037337.1,NC_032659.1,56651876,57681928,57681929,t,ta,1
NC_037337.1,NC_032659.1,56693251,57726715,57726717,C,CTA,2
NC_037337.1,NC_032659.1,56766202,57799461,57799462,G,GS,1
NC_037337.1,NC_032659.1,56766313,57799573,57799599,A,ACTTNNNNNNNNNNNNNNNNNNNNNNN,26
NC_037337.1,NC_032659.1,56826013,57859797,57859798,c,ca,1
NC_037337.1,NC_032659.1,56828336,57862121,57862130,t,tccccccccc,9
NC_037337.1,NC_032659.1,56840102,57874572,57874577,a,aaaaag,5
NC_037337.1,NC_032659.1,56847032,57881507,57881508,A,AT,1
NC_037337.1,NC_032659.1,56921277,57957989,57957990,C,CY,1
NC_037337.1,NC_032659.1,56922970,57959683,57959684,A,AM,1
NC_037337.1,NC_032659.1,56961910,58024210,58024211,a,aM,1
NC_037337.1,NC_032659.1,56963428,58025729,58025742,c,ctgtctcctgtaca,13
NC_037337.1,NC_032659.1,57016890,58079203,58079204,C,CT,1
NC_037337.1,NC_032659.1,57017705,58080017,58080021,c,ctgag,4
NC_037337.1,NC_032659.1,57383511,58531808,58531813,a,agtatg,5
NC_037337.1,NC_032659.1,57464428,58613425,58613435,t,tNNNNNNNNNN,10
NC_037337.1,NC_032659.1,57541791,58691028,58691030,t,ttg,2
NC_037337.1,NC_032659.1,57560214,58709453,58709454,G,GC,1
NC_037337.1,NC_032659.1,57572998,58722237,58722238,T,TC,1
NC_037337.1,NC_032659.1,57646064,58795306,58795307,t,ta,1
NC_037337.1,NC_032659.1,57651851,58801062,58801063,a,at,1
NC_037337.1,NC_032659.1,57699377,58848595,58848598,a,acag,3
NC_037337.1,NC_032659.1,57819175,58969206,58969207,G,GN,1
NC_037337.1,NC_032659.1,57822033,58972071,58972073,a,aNN,2
NC_037337.1,NC_032659.1,57932920,59089688,59089698,T,TTGTTTGCAAC,10
NC_037337.1,NC_032659.1,57936833,59093604,59093605,c,ct,1
NC_037337.1,NC_032659.1,57937560,59094332,59094333,T,TG,1
NC_037337.1,NC_032659.1,57973351,59130136,59130137,G,GC,1
NC_037337.1,NC_032659.1,58034371,59191156,59191158,c,caa,2
NC_037337.1,NC_032659.1,58045786,59202579,59202581,c,cta,2
NC_037337.1,NC_032659.1,58063032,59219827,59219830,t,tagc,3
NC_037337.1,NC_032659.1,58067872,59224678,59224688,g,gtaatttgtat,10
NC_037337.1,NC_032659.1,59314968,60554081,60554082,G,GT,1
NC_037337.1,NC_032659.1,59330384,60569502,60569504,t,taa,2
NC_037337.1,NC_032659.1,59351102,60590895,60590896,T,TY,1
NC_037337.1,NC_032659.1,59351512,60591306,60591307,C,CG,1
NC_037337.1,NC_032659.1,59400153,60639859,60639860,C,CA,1
NC_037337.1,NC_032659.1,59400184,60639891,60639892,A,AM,1
NC_037337.1,NC_032659.1,59409710,60649418,60649419,G,GC,1
NC_037337.1,NC_032659.1,59442596,60844061,60844062,A,AT,1
NC_037337.1,NC_032659.1,59442601,60844067,60844068,A,AG,1
NC_037337.1,NC_032659.1,59557521,60959034,60959037,T,TTAA,3
NC_037337.1,NC_032659.1,59595912,60997742,60997744,t,tta,2
NC_037337.1,NC_032659.1,59649952,61051686,61051688,C,CTT,2
NC_037337.1,NC_032659.1,59658564,61061222,61061225,A,ACAC,3
NC_037337.1,NC_032659.1,59710830,61113493,61113494,t,ta,1
NC_037337.1,NC_032659.1,59793806,61196412,61196415,t,tagc,3
NC_037337.1,NC_032659.1,59795481,61198084,61198085,c,ca,1
NC_037337.1,NC_032659.1,59917119,61319739,61319740,t,tc,1
NC_037337.1,NC_032659.1,59938641,61341240,61341241,a,aN,1
NC_037337.1,NC_032659.1,59950919,61353520,61353521,a,at,1
NC_037337.1,NC_032659.1,59982082,61384278,61384281,C,CCAT,3
NC_037337.1,NC_032659.1,59983341,61385540,61385542,T,TGC,2
NC_037337.1,NC_032659.1,59988186,61390430,61390431,T,TC,1
NC_037337.1,NC_032659.1,60768253,62044737,62044738,c,cg,1
NC_037337.1,NC_032659.1,60841817,62118660,62118661,C,CA,1
NC_037337.1,NC_032659.1,60943882,62221144,62221145,t,ta,1
NC_037337.1,NC_032659.1,60943894,62221157,62221158,a,ac,1
NC_037337.1,NC_032659.1,61288656,62965436,62965437,t,ta,1
NC_037337.1,NC_032659.1,61431300,63108687,63108688,a,ac,1
NC_037337.1,NC_032659.1,61434247,63111635,63111639,t,tNNNN,4
NC_037337.1,NC_032659.1,61453242,63130635,63130636,A,AT,1
NC_037337.1,NC_032659.1,61458015,63135412,63135417,T,TTTGAG,5
NC_037337.1,NC_032659.1,61461112,63138534,63138537,T,TTTC,3
NC_037337.1,NC_032659.1,61469858,63147285,63147287,A,AAT,2
NC_037337.1,NC_032659.1,61486238,63163696,63163699,T,TTTG,3
NC_037337.1,NC_032659.1,61495655,63173129,63173130,t,tg,1
NC_037337.1,NC_032659.1,61502428,63179903,63179904,C,CA,1
NC_037337.1,NC_032659.1,61570072,63247565,63247566,a,at,1
NC_037337.1,NC_032659.1,61577738,63255235,63255241,C,CTAACTT,6
NC_037337.1,NC_032659.1,61636482,63313996,63313997,t,tN,1
NC_037337.1,NC_032659.1,61653749,63331264,63331265,T,TC,1
NC_037337.1,NC_032659.1,61657534,63335055,63335056,A,AM,1
NC_037337.1,NC_032659.1,61662374,63339889,63339890,G,GS,1
NC_037337.1,NC_032659.1,61706723,63384253,63384254,C,CY,1
NC_037337.1,NC_032659.1,61786176,63463718,63463721,A,ACCC,3
NC_037337.1,NC_032659.1,61816991,63494539,63494543,C,CTKYS,4
NC_037337.1,NC_032659.1,61845912,63524367,63524372,g,ggtttt,5
NC_037337.1,NC_032659.1,61864951,63543414,63543416,a,aag,2
NC_037337.1,NC_032659.1,61874083,63552548,63552550,t,tta,2
NC_037337.1,NC_032659.1,61925019,63603176,63603177,T,TA,1
NC_037337.1,NC_032659.1,62013571,63691726,63691727,C,CT,1
NC_037337.1,NC_032659.1,62017207,63695362,63695363,c,ct,1
NC_037337.1,NC_032659.1,62022149,63700307,63700308,C,CG,1
NC_037337.1,NC_032659.1,62042645,63720662,63720663,C,CA,1
NC_037337.1,NC_032659.1,62093525,63771539,63771540,T,TG,1
NC_037337.1,NC_032659.1,62138763,63817402,63817403,a,aM,1
NC_037337.1,NC_032659.1,62147976,63826616,63826617,A,AG,1
NC_037337.1,NC_032659.1,62155059,63833700,63833701,c,ct,1
NC_037337.1,NC_032659.1,62255442,63934089,63934091,A,AAT,2
NC_037337.1,NC_032659.1,62312083,63990743,63990745,G,GGA,2
NC_037337.1,NC_032659.1,62337085,64015744,64015745,G,GA,1
NC_037337.1,NC_032659.1,62342200,64020862,64020863,T,TY,1
NC_037337.1,NC_032659.1,62342818,64021481,64021484,a,attt,3
NC_037337.1,NC_032659.1,62343593,64022260,64022273,T,TTGCTACTCGAACG,13
NC_037337.1,NC_032659.1,62344893,64023572,64023573,c,ct,1
NC_037337.1,NC_032659.1,62365311,64043997,64044001,G,GTCAC,4
NC_037337.1,NC_032659.1,62366448,64045138,64045139,C,CA,1
NC_037337.1,NC_032659.1,62372895,64051586,64051592,g,ggttgtt,6
NC_037337.1,NC_032659.1,62410641,64089338,64089339,g,gt,1
NC_037337.1,NC_032659.1,62514197,64195233,64195234,t,tg,1
NC_037337.1,NC_032659.1,62514452,64195489,64195490,g,gc,1
NC_037337.1,NC_032659.1,62696553,64377523,64377524,G,GA,1
NC_037337.1,NC_032659.1,62937144,64618114,64618115,c,ca,1
NC_037337.1,NC_032659.1,63010781,64691609,64691610,T,TW,1
NC_037337.1,NC_032659.1,63052122,64732424,64732425,T,TA,1
NC_037337.1,NC_032659.1,63052197,64732503,64732504,C,CA,1
NC_037337.1,NC_032659.1,63052201,64732508,64732509,G,GA,1
NC_037337.1,NC_032659.1,63104707,64785014,64785015,G,GT,1
NC_037337.1,NC_032659.1,63197812,64883125,64883126,a,at,1
NC_037337.1,NC_032659.1,63533442,65224933,65224934,c,ct,1
NC_037337.1,NC_032659.1,63817756,65494579,65494581,a,aac,2
NC_037337.1,NC_032659.1,63868802,65620440,65620442,a,aNN,2
NC_037337.1,NC_032659.1,63880417,65632057,65632058,t,tN,1
NC_037337.1,NC_032659.1,63897235,65648668,65648673,C,CTCTAA,5
NC_037337.1,NC_032659.1,63959982,65711230,65711231,t,ta,1
NC_037337.1,NC_032659.1,64078454,65829308,65829309,t,tg,1
NC_037337.1,NC_032659.1,64106503,65857403,65857404,t,ta,1
NC_037337.1,NC_032659.1,64173349,65924324,65924325,a,at,1
NC_037337.1,NC_032659.1,64176097,65927073,65927074,t,tc,1
NC_037337.1,NC_032659.1,64208705,65959886,65959887,a,ag,1
NC_037337.1,NC_032659.1,64299288,66050211,66050212,G,GA,1
NC_037337.1,NC_032659.1,64308713,66061326,66061349,A,ACNNNNNNNNNNNNNNNNNNNNNN,23
NC_037337.1,NC_032659.1,64317924,66070560,66070561,c,ct,1
NC_037337.1,NC_032659.1,64350806,66103443,66103444,C,CY,1
NC_037337.1,NC_032659.1,64778355,66398030,66398040,c,ccaaYCACCTT,10
NC_037337.1,NC_032659.1,64778376,66398061,66398069,a,aaaaggtct,8
NC_037337.1,NC_032659.1,64838282,66457978,66457979,A,AG,1
NC_037337.1,NC_032659.1,64880404,66500102,66500108,A,ANNNNNN,6
NC_037337.1,NC_032659.1,64946208,66565912,66565913,g,gt,1
NC_037337.1,NC_032659.1,65013589,66631967,66631968,t,tg,1
NC_037337.1,NC_032659.1,65028847,66648137,66648138,a,ag,1
NC_037337.1,NC_032659.1,65382521,67003510,67003511,G,GT,1
NC_037337.1,NC_032659.1,65494294,67116332,67116333,c,cg,1
NC_037337.1,NC_032659.1,65497013,67119052,67119053,c,cg,1
NC_037337.1,NC_032659.1,65986162,67613741,67613742,T,TG,1
NC_037337.1,NC_032659.1,65998645,67626113,67626119,g,gatattt,6
NC_037337.1,NC_032659.1,66017970,67645433,67645436,G,GCAT,3
NC_037337.1,NC_032659.1,66757692,68381457,68381459,A,AAT,2
NC_037337.1,NC_032659.1,66806709,39868371,39868372,t,tK,1
NC_037337.1,NC_032659.1,66889037,68513697,68513698,C,CT,1
NC_037337.1,NC_032659.1,66889040,68513701,68513702,G,GA,1
NC_037337.1,NC_032659.1,66971378,68664490,68664492,a,aNN,2
NC_037337.1,NC_032659.1,67132927,68840829,68840830,a,ag,1
NC_037337.1,NC_032659.1,67190913,68898837,68898838,a,at,1
NC_037337.1,NC_032659.1,67192852,68900777,68900778,T,TK,1
NC_037337.1,NC_032659.1,67362333,69070104,69070105,t,tg,1
NC_037337.1,NC_032659.1,67366868,69076279,69076280,t,tg,1
NC_037337.1,NC_032659.1,67507366,69218234,69218235,C,CT,1
NC_037337.1,NC_032659.1,67720053,69438109,69438110,c,ct,1
NC_037337.1,NC_032659.1,67928483,69648372,69648379,G,GCTTAGTA,7
NC_037337.1,NC_032659.1,67936640,69656046,69656047,t,ta,1
NC_037337.1,NC_032659.1,67951657,69671071,69671075,A,AAGTT,4
NC_037337.1,NC_032659.1,67954593,69674006,69674007,a,ag,1
NC_037337.1,NC_032659.1,68005109,69792338,69792339,C,CA,1
NC_037337.1,NC_032659.1,68062060,69844511,69844517,t,tagcagc,6
NC_037337.1,NC_032659.1,68070510,69852971,69852975,g,gtttt,4
NC_037337.1,NC_032659.1,68083702,69866174,69866175,t,tg,1
NC_037337.1,NC_032659.1,68155625,69938079,69938086,T,TAGTAAAC,7
NC_037337.1,NC_032659.1,68161083,69943545,69943546,t,ta,1
NC_037337.1,NC_032659.1,68174623,69957087,69957088,T,TY,1
NC_037337.1,NC_032659.1,68182383,69964874,69964877,C,CTCT,3
NC_037337.1,NC_032659.1,68200596,69983214,69983219,G,GGGTGT,5
NC_037337.1,NC_032659.1,68223534,70006794,70006812,G,GTTTCAATTTCCAAACGGR,18
NC_037337.1,NC_032659.1,68226074,70009370,70009375,t,tgaGTG,5
NC_037337.1,NC_032659.1,68235854,70019043,70019044,c,ct,1
NC_037337.1,NC_032659.1,68250939,70033963,70033975,C,CACTGAGATTCTT,12
NC_037337.1,NC_032659.1,68254634,70037670,70037671,T,TW,1
NC_037337.1,NC_032659.1,68290184,70073219,70073220,C,CA,1
NC_037337.1,NC_032659.1,68293185,70076221,70076226,A,ACAGCT,5
NC_037337.1,NC_032659.1,68299135,70082176,70082177,g,gt,1
NC_037337.1,NC_032659.1,68325863,70109471,70109473,a,aNN,2
NC_037337.1,NC_032659.1,68344959,70128405,70128406,a,aM,1
NC_037337.1,NC_032659.1,68393152,70176377,70176381,G,GTAGT,4
NC_037337.1,NC_032659.1,68400278,70183496,70183499,t,ttaa,3
NC_037337.1,NC_032659.1,68463402,70246626,70246627,G,GA,1
NC_037337.1,NC_032659.1,68565862,70358871,70358892,G,GGTTGAGTTACTTCTTTGACTC,21
NC_037337.1,NC_032659.1,68568374,70361404,70361405,g,gc,1
NC_037337.1,NC_032659.1,68571472,70364505,70364506,G,GA,1
NC_037337.1,NC_032659.1,68583835,70377222,70377223,T,TA,1
NC_037337.1,NC_032659.1,68619051,70428516,70428517,t,ta,1
NC_037337.1,NC_032659.1,68677682,70487309,70487310,c,ca,1
NC_037337.1,NC_032659.1,68737030,70572156,70572158,a,aat,2
NC_037337.1,NC_032659.1,68738857,70573998,70573999,c,ca,1
NC_037337.1,NC_032659.1,68743512,70578657,70578658,T,TA,1
NC_037337.1,NC_032659.1,68776812,70611958,70611959,C,CY,1
NC_037337.1,NC_032659.1,68785362,70620515,70620516,A,AG,1
NC_037337.1,NC_032659.1,68804544,70639696,70639697,A,AR,1
NC_037337.1,NC_032659.1,69226002,71182135,71182137,a,aag,2
NC_037337.1,NC_032659.1,69266357,71220007,71220009,C,CTT,2
NC_037337.1,NC_032659.1,69363657,71318773,71318774,T,TY,1
NC_037337.1,NC_032659.1,69409386,71364508,71364509,a,at,1
NC_037337.1,NC_032659.1,69409392,71364515,71364516,a,ac,1
NC_037337.1,NC_032659.1,69469363,71424515,71424516,T,TC,1
NC_037337.1,NC_032659.1,69473422,71428575,71428577,G,GGA,2
NC_037337.1,NC_032659.1,69475932,71431086,71431087,A,AR,1
NC_037337.1,NC_032659.1,69520370,71475597,71475601,c,cgaaa,4
NC_037337.1,NC_032659.1,69521684,71476915,71476916,T,TG,1
NC_037337.1,NC_032659.1,69527897,71483218,71483219,g,ga,1
NC_037337.1,NC_032659.1,69547879,71503199,71503201,A,AAC,2
NC_037337.1,NC_032659.1,69549353,71504675,71504676,C,CY,1
NC_037337.1,NC_032659.1,69566083,71521409,71521419,a,agtgtgtgtgt,10
NC_037337.1,NC_032659.1,69582109,71538940,71538941,c,ca,1
NC_037337.1,NC_032659.1,69664090,71620107,71620110,C,CTTT,3
NC_037337.1,NC_032659.1,69805480,71761386,71761393,T,TAAAAAAA,7
NC_037337.1,NC_032659.1,69832871,71788789,71788790,A,AG,1
NC_037337.1,NC_032659.1,69835388,71791295,71791296,G,GT,1
NC_037337.1,NC_032659.1,69848662,71804885,71804886,t,ta,1
NC_037337.1,NC_032659.1,69916405,71872601,71872602,t,tY,1
NC_037337.1,NC_032659.1,69918296,71874493,71874495,C,CCT,2
NC_037337.1,NC_032659.1,69935678,71891872,71891874,t,tga,2
NC_037337.1,NC_032659.1,69953131,71909309,71909313,t,tNNNN,4
NC_037337.1,NC_032659.1,69987832,71937862,71937868,C,CTTGATT,6
NC_037337.1,NC_032659.1,70010623,71960603,71960607,T,TACTA,4
NC_037337.1,NC_032659.1,70011446,71961429,71961430,A,AR,1
NC_037337.1,NC_032659.1,70012399,71962385,71962386,g,gc,1
NC_037337.1,NC_032659.1,70012417,71962404,71962405,c,ca,1
NC_037337.1,NC_032659.1,70076972,72027254,72027255,g,ga,1
NC_037337.1,NC_032659.1,70159731,72110007,72110008,g,gt,1
NC_037337.1,NC_032659.1,70179290,72129541,72129542,g,ga,1
NC_037337.1,NC_032659.1,70179569,72129821,72129822,c,ca,1
NC_037337.1,NC_032659.1,70191838,72142089,72142090,G,GC,1
NC_037337.1,NC_032659.1,70203274,72153515,72153516,T,TY,1
NC_037337.1,NC_032659.1,70205398,72155640,72155641,a,ac,1
NC_037337.1,NC_032659.1,70208126,72158372,72158373,A,AR,1
NC_037337.1,NC_032659.1,70208143,72158390,72158391,T,TA,1
NC_037337.1,NC_032659.1,70220065,72170312,72170313,G,GC,1
NC_037337.1,NC_032659.1,70220230,72170478,72170479,C,CS,1
NC_037337.1,NC_032659.1,70244025,72194285,72194286,t,ta,1
NC_037337.1,NC_032659.1,70252577,72202838,72202840,G,GAC,2
NC_037337.1,NC_032659.1,70259266,72209529,72209531,t,tgg,2
NC_037337.1,NC_032659.1,70420389,72340138,72340139,T,TY,1
NC_037337.1,NC_032659.1,70431315,72351065,72351066,c,ca,1
NC_037337.1,NC_032659.1,70433314,72353066,72353068,T,TTC,2
NC_037337.1,NC_032659.1,70451288,72371474,72371477,t,tata,3
NC_037337.1,NC_032659.1,70452862,72373051,72373053,c,cgt,2
NC_037337.1,NC_032659.1,70463812,72384017,72384018,T,TA,1
NC_037337.1,NC_032659.1,70492731,72413008,72413009,C,CS,1
NC_037337.1,NC_032659.1,70499414,72419694,72419697,A,AAAC,3
NC_037337.1,NC_032659.1,70500091,72420375,72420376,A,AR,1
NC_037337.1,NC_032659.1,70504665,72424952,72424954,A,AAY,2
NC_037337.1,NC_032659.1,70509041,72429331,72429332,A,AG,1
NC_037337.1,NC_032659.1,70512720,72433011,72433012,T,TA,1
NC_037337.1,NC_032659.1,70527632,72447926,72447927,C,CM,1
NC_037337.1,NC_032659.1,70564395,72484544,72484545,C,CM,1
NC_037337.1,NC_032659.1,70589017,72509208,72509210,T,TTA,2
NC_037337.1,NC_032659.1,70635231,72555909,72555910,G,GA,1
NC_037337.1,NC_032659.1,70651818,72572503,72572515,t,taaattaaataaa,12
NC_037337.1,NC_032659.1,70667982,72588676,72588682,t,tcttttc,6
NC_037337.1,NC_032659.1,70672999,72593697,72593715,g,ggctgccatccatggggtc,18
NC_037337.1,NC_032659.1,70718159,72638888,72638902,a,actttgcaaccccgt,14
NC_037337.1,NC_032659.1,70718163,72638906,72638907,c,ct,1
NC_037337.1,NC_032659.1,70721449,72642195,72642197,T,TTC,2
NC_037337.1,NC_032659.1,70743679,72664404,72664406,c,cag,2
NC_037337.1,NC_032659.1,70756552,72677279,72677289,T,TATNNNNNNNN,10
NC_037337.1,NC_032659.1,70789389,72710131,72710134,G,GAGA,3
NC_037337.1,NC_032659.1,70792034,72712779,72712780,C,CT,1
NC_037337.1,NC_032659.1,70793407,72714153,72714155,t,taa,2
NC_037337.1,NC_032659.1,70806605,72727894,72727895,g,ga,1
NC_037337.1,NC_032659.1,70815410,72737039,72737049,A,ACTMKAGTGTG,10
NC_037337.1,NC_032659.1,70847830,72769662,72769663,t,tc,1
NC_037337.1,NC_032659.1,70923775,72845743,72845744,g,ga,1
NC_037337.1,NC_032659.1,71006285,72928115,72928119,a,aNNNN,4
NC_037337.1,NC_032659.1,71020862,72942699,72942700,A,AR,1
NC_037337.1,NC_032659.1,71030488,72952331,72952335,c,cccca,4
NC_037337.1,NC_032659.1,71032453,72954300,72954302,c,cct,2
NC_037337.1,NC_032659.1,71037299,72959149,72959157,C,CCTGACCTY,8
NC_037337.1,NC_032659.1,71051851,72973727,72973731,T,TGAAA,4
NC_037337.1,NC_032659.1,71071537,72993422,72993423,T,TG,1
NC_037337.1,NC_032659.1,71126493,73048384,73048386,t,ttc,2
NC_037337.1,NC_032659.1,71234768,73091203,73091212,t,ttttaatggc,9
NC_037337.1,NC_032659.1,71240937,73097382,73097383,g,ga,1
NC_037337.1,NC_032659.1,71311592,73169990,73169991,g,gK,1
NC_037337.1,NC_032659.1,71346708,73208820,73208821,t,tN,1
NC_037337.1,NC_032659.1,71364809,73275133,73275134,g,gt,1
NC_037337.1,NC_032659.1,71372359,73282690,73282691,g,ga,1
NC_037337.1,NC_032659.1,71372574,73282906,73282907,c,ct,1
NC_037337.1,NC_032659.1,71377324,73287655,73287657,C,CCT,2
NC_037337.1,NC_032659.1,71401436,73311670,73311671,C,CM,1
NC_037337.1,NC_032659.1,71404766,73315001,73315003,a,act,2
NC_037337.1,NC_032659.1,71455178,73365873,73365874,A,AR,1
NC_037337.1,NC_032659.1,71460122,73370817,73370818,c,cg,1
NC_037337.1,NC_032659.1,71465427,73376121,73376123,T,TAG,2
NC_037337.1,NC_032659.1,71470501,73381197,73381198,A,AG,1
NC_037337.1,NC_032659.1,71506361,73417039,73417040,c,cg,1
NC_037337.1,NC_032659.1,71506645,73417324,73417330,c,cagaaat,6
NC_037337.1,NC_032659.1,71507107,73417791,73417792,t,tg,1
NC_037337.1,NC_032659.1,71508878,73431430,73431431,G,GR,1
NC_037337.1,NC_032659.1,71556237,73478871,73478873,t,tNN,2
NC_037337.1,NC_032659.1,71557619,73480255,73480260,T,TATGAG,5
NC_037337.1,NC_032659.1,71572553,73560915,73560916,t,ta,1
NC_037337.1,NC_032659.1,71572830,73561193,73561194,t,ta,1
NC_037337.1,NC_032659.1,71572885,73561249,73561252,c,cttt,3
NC_037337.1,NC_032659.1,71581755,73570122,73570124,a,aag,2
NC_037337.1,NC_032659.1,71592937,73581306,73581307,C,CA,1
NC_037337.1,NC_032659.1,71618398,73606776,73606777,T,TG,1
NC_037337.1,NC_032659.1,71875278,73864130,73864131,A,AM,1
NC_037337.1,NC_032659.1,72059177,74002069,74002070,g,gt,1
NC_037337.1,NC_032659.1,72086421,74029367,74029369,A,AAC,2
NC_037337.1,NC_032659.1,72110411,74054109,74054110,T,TY,1
NC_037337.1,NC_032659.1,72146459,74083455,74083456,g,ga,1
NC_037337.1,NC_032659.1,72146464,74083461,74083462,t,ta,1
NC_037337.1,NC_032659.1,72201253,74138251,74138252,t,ta,1
NC_037337.1,NC_032659.1,72265357,74203820,74203821,A,AC,1
NC_037337.1,NC_032659.1,72353818,74292303,74292305,c,caa,2
NC_037337.1,NC_032659.1,72353976,74292462,74292463,a,at,1
NC_037337.1,NC_032659.1,72357357,74295707,74295711,t,tgtga,4
NC_037337.1,NC_032659.1,72358292,74296656,74296657,C,Ca,1
NC_037337.1,NC_032659.1,72386942,74325314,74325315,c,ct,1
NC_037337.1,NC_032659.1,72416828,74355246,74355247,c,ca,1
NC_037337.1,NC_032659.1,72419810,74358097,74358098,c,cg,1
NC_037337.1,NC_032659.1,72425099,74363386,74363387,T,TY,1
NC_037337.1,NC_032659.1,72427622,74365920,74365922,C,CTS,2
NC_037337.1,NC_032659.1,72470619,74408704,74408705,G,GA,1
NC_037337.1,NC_032659.1,72520424,74458218,74458221,T,TGWG,3
NC_037337.1,NC_032659.1,72524750,74462547,74462548,t,ta,1
NC_037337.1,NC_032659.1,72551904,74493748,74493749,A,AG,1
NC_037337.1,NC_032659.1,72554148,74495993,74495994,t,ta,1
NC_037337.1,NC_032659.1,72782934,74747421,74747425,a,atNNN,4
NC_037337.1,NC_032659.1,73179542,75194939,75194942,T,TRAA,3
NC_037337.1,NC_032659.1,73203204,75218859,75218860,g,gc,1
NC_037337.1,NC_032659.1,73205254,75220916,75220917,t,ta,1
NC_037337.1,NC_032659.1,73292019,75307681,75307682,G,GR,1
NC_037337.1,NC_032659.1,73315597,75337887,75337888,g,gc,1
NC_037337.1,NC_032659.1,73369818,75391538,75391539,g,ga,1
NC_037337.1,NC_032659.1,73499618,75548174,75548177,T,TTGA,3
NC_037337.1,NC_032659.1,73504378,75552236,75552237,c,ct,1
NC_037337.1,NC_032659.1,73507447,75555302,75555303,A,AG,1
NC_037337.1,NC_032659.1,73524523,75572727,75572728,G,GT,1
NC_037337.1,NC_032659.1,73527897,75576099,75576101,t,tta,2
NC_037337.1,NC_032659.1,73531213,75579419,75579421,C,CCA,2
NC_037337.1,NC_032659.1,73541611,75589820,75589821,C,CT,1
NC_037337.1,NC_032659.1,73558966,75606929,75606934,T,TAATAG,5
NC_037337.1,NC_032659.1,73565406,75613361,75613367,A,AAAAGTT,6
NC_037337.1,NC_032659.1,73590141,75638112,75638124,a,aacacacacacac,12
NC_037337.1,NC_032659.1,73593403,75641379,75641380,A,AR,1
NC_037337.1,NC_032659.1,73607664,75655657,75655658,A,AG,1
NC_037337.1,NC_032659.1,73680363,75728360,75728362,t,tga,2
NC_037337.1,NC_032659.1,73680367,75728366,75728367,c,ct,1
NC_037337.1,NC_032659.1,73837655,75885959,75885960,G,GS,1
NC_037337.1,NC_032659.1,74087879,76163324,76163325,T,TW,1
NC_037337.1,NC_032659.1,74287940,76363854,76363855,T,TN,1
NC_037337.1,NC_032659.1,74296372,76372281,76372284,g,gtgt,3
NC_037337.1,NC_032659.1,74352545,76440746,76440748,c,ctg,2
NC_037337.1,NC_032659.1,74593836,76686661,76686663,c,caa,2
NC_037337.1,NC_032659.1,74688770,76781595,76781596,T,TY,1
NC_037337.1,NC_032659.1,74727977,76823742,76823743,G,GK,1
NC_037337.1,NC_032659.1,74730629,76826390,76826391,A,AT,1
NC_037337.1,NC_032659.1,74880652,76978094,76978095,c,cN,1
NC_037337.1,NC_032659.1,74965741,77056193,77056194,a,at,1
NC_037337.1,NC_032659.1,74977662,77068115,77068116,c,ct,1
NC_037337.1,NC_032659.1,75148281,77238595,77238596,A,AT,1
NC_037337.1,NC_032659.1,75325551,77416019,77416020,A,AC,1
NC_037337.1,NC_032659.1,75665316,77756276,77756277,G,GS,1
NC_037337.1,NC_032659.1,75679530,77770687,77770688,A,AR,1
NC_037337.1,NC_032659.1,75679614,77770772,77770773,T,TS,1
NC_037337.1,NC_032659.1,76002977,78094326,78094329,a,atct,3
NC_037337.1,NC_032659.1,76005719,78097072,78097074,t,tca,2
NC_037337.1,NC_032659.1,76197892,78322787,78322788,t,tW,1
NC_037337.1,NC_032659.1,76354171,78479624,78479625,t,tg,1
NC_037337.1,NC_032659.1,76874831,79039730,79039731,A,AM,1
NC_037337.1,NC_032659.1,76874854,79039754,79039756,G,GAR,2
NC_037337.1,NC_032659.1,77226204,79397746,79397747,g,gR,1
NC_037337.1,NC_032659.1,77263254,79438382,79438383,g,gc,1
NC_037337.1,NC_032659.1,77364186,79702389,79702390,T,TG,1
NC_037337.1,NC_032659.1,77415583,79754003,79754004,a,at,1
NC_037337.1,NC_032659.1,77506480,79619192,79619193,C,CA,1
NC_037337.1,NC_032659.1,77867444,80009462,80009463,T,TW,1
NC_037337.1,NC_032659.1,77939633,80080571,80080572,A,AM,1
NC_037337.1,NC_032659.1,78057621,80195457,80195459,a,aat,2
NC_037337.1,NC_032659.1,78248663,80408710,80408725,c,ccaagccgctcaggtt,15
NC_037337.1,NC_032659.1,78309312,80469406,80469407,t,tc,1
NC_037337.1,NC_032659.1,78318230,80478655,80478656,a,ag,1
NC_037337.1,NC_032659.1,79345945,81563170,81563171,G,GA,1
NC_037337.1,NC_032659.1,79347340,81564566,81564567,T,TM,1
NC_037337.1,NC_032659.1,79514453,81745671,81745672,c,ct,1
NC_037337.1,NC_032659.1,79514511,81745730,81745731,t,ta,1
NC_037337.1,NC_032659.1,79661852,81893988,81893989,A,AC,1
NC_037337.1,NC_032659.1,79998522,82230076,82230077,G,GR,1
NC_037337.1,NC_032659.1,80120341,82351908,82351909,A,AT,1
NC_037337.1,NC_032659.1,80165087,82396649,82396650,A,AM,1
NC_037337.1,NC_032659.1,80222204,82453771,82453773,a,aag,2
NC_037337.1,NC_032659.1,80234602,82466171,82466172,g,gt,1
NC_037337.1,NC_032659.1,80609928,82854297,82854301,C,CTCTY,4
NC_037337.1,NC_032659.1,80610932,82855305,82855307,C,CCA,2
NC_037337.1,NC_032659.1,80611770,82856145,82856146,T,TK,1
NC_037337.1,NC_032659.1,80615452,82859828,82859835,C,CTATCTGG,7
NC_037337.1,NC_032659.1,80615493,82859876,82859878,C,CTA,2
NC_037337.1,NC_032659.1,80615497,82859882,82859883,A,AG,1
NC_037337.1,NC_032659.1,80615648,82860033,82860034,T,TA,1
NC_037337.1,NC_032659.1,80624492,82868947,82868948,G,GA,1
NC_037337.1,NC_032659.1,80624509,82868965,82868966,T,TA,1
NC_037337.1,NC_032659.1,80632434,82876896,82876897,G,GC,1
NC_037337.1,NC_032659.1,80636530,82880994,82880995,c,ct,1
NC_037337.1,NC_032659.1,80681896,82926939,82926940,C,CA,1
NC_037337.1,NC_032659.1,80692333,82937390,82937391,T,TA,1
NC_037337.1,NC_032659.1,80739089,82984142,82984148,A,AGCCCAC,6
NC_037337.1,NC_032659.1,80750509,82995573,82995574,C,CT,1
NC_037337.1,NC_032659.1,80797474,83042554,83042555,t,tN,1
NC_037337.1,NC_032659.1,80814005,83062644,83062645,A,AM,1
NC_037337.1,NC_032659.1,80814732,83063372,83063373,A,AG,1
NC_037337.1,NC_032659.1,80825560,83074204,83074205,g,gc,1
NC_037337.1,NC_032659.1,80825568,83074213,83074214,c,ct,1
NC_037337.1,NC_032659.1,80900240,83148892,83148914,C,CTGGAAAAAAATCCTAACAAATT,22
NC_037337.1,NC_032659.1,80930871,83180019,83180020,T,TA,1
NC_037337.1,NC_032659.1,81047382,83250342,83250343,C,CA,1
NC_037337.1,NC_032659.1,81061040,83263663,83263664,A,AM,1
NC_037337.1,NC_032659.1,81090728,83293356,83293366,c,ctcagactcat,10
NC_037337.1,NC_032659.1,81168040,83370752,83370756,T,TACAA,4
NC_037337.1,NC_032659.1,81187195,83389943,83389944,G,GA,1
NC_037337.1,NC_032659.1,81189205,83391959,83391962,c,cgct,3
NC_037337.1,NC_032659.1,81189859,83392616,83392617,T,TA,1
NC_037337.1,NC_032659.1,81192187,83394945,83394946,g,ga,1
NC_037337.1,NC_032659.1,81195739,83398482,83398489,a,atgaaagt,7
NC_037337.1,NC_032659.1,81197772,83400523,83400532,a,acactgtttc,9
NC_037337.1,NC_032659.1,81229140,83431901,83431902,A,AR,1
NC_037337.1,NC_032659.1,81445025,83682507,83682508,A,AG,1
NC_037337.1,NC_032659.1,81510761,83710847,83710854,a,agaacact,7
NC_037337.1,NC_032659.1,81513714,83713809,83713810,C,CA,1
NC_037337.1,NC_032659.1,81542886,83742983,83742984,A,AC,1
NC_037337.1,NC_032659.1,81611558,83811661,83811662,G,GS,1
NC_037337.1,NC_032659.1,81772537,83972663,83972669,a,aNNNNNN,6
NC_037337.1,NC_032659.1,81788027,83988160,83988161,t,ta,1
NC_037337.1,NC_032659.1,81789914,83990048,83990050,t,ttg,2
NC_037337.1,NC_032659.1,81794486,83994622,83994623,T,TY,1
NC_037337.1,NC_032659.1,81925720,84124151,84124152,g,gt,1
NC_037337.1,NC_032659.1,81926297,84124729,84124730,t,ta,1
NC_037337.1,NC_032659.1,82061162,84259608,84259609,c,ca,1
NC_037337.1,NC_032659.1,82108519,84295057,84295058,A,AC,1
NC_037337.1,NC_032659.1,82109930,84296469,84296470,c,ca,1
NC_037337.1,NC_032659.1,82111565,84298105,84298106,g,ga,1
NC_037337.1,NC_032659.1,82112573,84299117,84299128,A,AGATTTCCCATG,11
NC_037337.1,NC_032659.1,82112771,84299326,84299327,a,ac,1
NC_037337.1,NC_032659.1,82129997,84316564,84316565,C,CA,1
NC_037337.1,NC_032659.1,82144672,84331241,84331243,a,aNN,2
NC_037337.1,NC_032659.1,82158995,84346856,84346857,A,AT,1
NC_037337.1,NC_032659.1,82168147,84356008,84356009,C,CM,1
NC_037337.1,NC_032659.1,82177340,84365204,84365205,T,TC,1
NC_037337.1,NC_032659.1,82190019,84377883,84377884,c,ct,1
NC_037337.1,NC_032659.1,82221084,84408946,84408947,A,AG,1
NC_037337.1,NC_032659.1,82253620,84441354,84441357,c,ctct,3
NC_037337.1,NC_032659.1,82408348,84599995,84600003,T,TCTCAGAGC,8
NC_037337.1,NC_032659.1,82434389,84626058,84626059,G,GR,1
NC_037337.1,NC_032659.1,82885285,85135903,85135904,g,ga,1
NC_037337.1,NC_032659.1,82987899,85318836,85318837,C,CT,1
NC_037337.1,NC_032659.1,82988151,85319089,85319091,a,aNN,2
NC_037337.1,NC_032659.1,83019867,85350846,85350847,a,ag,1
NC_037337.1,NC_032659.1,83020154,85351133,85351138,C,CTCTTG,5
NC_037337.1,NC_032659.1,83031565,85362550,85362551,C,CY,1
NC_037337.1,NC_032659.1,83033158,85364141,85364142,T,TC,1
NC_037337.1,NC_032659.1,83042019,85372999,85373000,C,CM,1
NC_037337.1,NC_032659.1,83080556,85450288,85450300,A,ATGTAAAGGAATT,12
NC_037337.1,NC_032659.1,83125765,85495517,85495518,A,AG,1
NC_037337.1,NC_032659.1,83220584,85590352,85590356,A,ATCCC,4
NC_037337.1,NC_032659.1,83221174,85590938,85590939,C,CT,1
NC_037337.1,NC_032659.1,83407681,85781405,85781406,t,ta,1
NC_037337.1,NC_032659.1,83445546,85819173,85819186,a,acttttcactttcg,13
NC_037337.1,NC_032659.1,83450378,85846403,85846404,t,tc,1
NC_037337.1,NC_032659.1,83457273,85853302,85853305,G,GTGK,3
NC_037337.1,NC_032659.1,83499997,85896049,85896050,g,gt,1
NC_037337.1,NC_032659.1,83507482,85903540,85903541,t,tg,1
NC_037337.1,NC_032659.1,83508022,85904080,85904081,G,GR,1
NC_037337.1,NC_032659.1,83518640,85914702,85914711,g,gacactgttt,9
NC_037337.1,NC_032659.1,83522690,85918762,85918763,T,TC,1
NC_037337.1,NC_032659.1,83538346,85934392,85934393,a,ag,1
NC_037337.1,NC_032659.1,83549450,85945497,85945501,G,GAACT,4
NC_037337.1,NC_032659.1,83559795,85955843,85955844,G,GC,1
NC_037337.1,NC_032659.1,83746873,86130018,86130019,c,ca,1
NC_037337.1,NC_032659.1,83939845,86323847,86323848,g,ga,1
NC_037337.1,NC_032659.1,83951564,86335568,86335569,g,gc,1
NC_037337.1,NC_032659.1,83996494,86380299,86380303,a,atgcg,4
NC_037337.1,NC_032659.1,83996517,86380326,86380328,a,act,2
NC_037337.1,NC_032659.1,83998169,86381980,86381981,g,ga,1
NC_037337.1,NC_032659.1,84018234,86402048,86402053,t,ttaaaa,5
NC_037337.1,NC_032659.1,84035802,86419622,86419624,C,CCT,2
NC_037337.1,NC_032659.1,84066063,86450057,86450058,G,GR,1
NC_037337.1,NC_032659.1,84071192,86455186,86455187,G,GC,1
NC_037337.1,NC_032659.1,84075702,86459703,86459706,a,attt,3
NC_037337.1,NC_032659.1,84093536,86477539,86477540,g,ga,1
NC_037337.1,NC_032659.1,84100509,86484455,86484456,t,ta,1
NC_037337.1,NC_032659.1,84111407,86495352,86495353,C,CA,1
NC_037337.1,NC_032659.1,84111959,86495905,86495906,G,GA,1
NC_037337.1,NC_032659.1,84112552,86496500,86496503,A,AGAT,3
NC_037337.1,NC_032659.1,84114991,86498943,86498944,T,TA,1
NC_037337.1,NC_032659.1,84137753,86522432,86522433,g,gc,1
NC_037337.1,NC_032659.1,84140931,86525602,86525603,T,TC,1
NC_037337.1,NC_032659.1,84174935,86559617,86559618,a,aN,1
NC_037337.1,NC_032659.1,84193511,86578198,86578199,C,CT,1
NC_037337.1,NC_032659.1,84235331,86620013,86620017,t,tctca,4
NC_037337.1,NC_032659.1,84291811,86676048,86676050,g,ggt,2
NC_037337.1,NC_032659.1,84352560,86736463,86736464,A,AR,1
NC_037337.1,NC_032659.1,84423751,86807577,86807578,g,ga,1
NC_037337.1,NC_032659.1,84447359,86831056,86831059,C,CAAA,3
NC_037337.1,NC_032659.1,84447967,86831667,86831668,g,gt,1
NC_037337.1,NC_032659.1,84448796,86832498,86832502,C,CGCTG,4
NC_037337.1,NC_032659.1,84459551,86843257,86843258,c,ct,1
NC_037337.1,NC_032659.1,84487530,86871430,86871442,g,gtgtgtgtgtgta,12
NC_037337.1,NC_032659.1,84537254,86921258,86921259,a,ac,1
NC_037337.1,NC_032659.1,84563013,86947709,86947710,A,AG,1
NC_037337.1,NC_032659.1,84585472,86970173,86970182,T,TGTTAGTATA,9
NC_037337.1,NC_032659.1,84587602,86972314,86972315,T,TG,1
NC_037337.1,NC_032659.1,84610195,86994754,86994755,T,TA,1
NC_037337.1,NC_032659.1,84663181,87047624,87047625,C,CT,1
NC_037337.1,NC_032659.1,84689499,87074235,87074236,A,AC,1
NC_037337.1,NC_032659.1,84721021,87105908,87105909,t,tc,1
NC_037337.1,NC_032659.1,84731450,87116338,87116368,C,CTTCCATGGGTACCCTGGGGGTACCTCTGGT,30
NC_037337.1,NC_032659.1,84759415,87144339,87144340,c,ca,1
NC_037337.1,NC_032659.1,84836113,87221940,87221941,t,ta,1
NC_037337.1,NC_032659.1,84925728,87310708,87310709,g,gt,1
NC_037337.1,NC_032659.1,84959983,87344935,87344936,T,TG,1
NC_037337.1,NC_032659.1,84969352,87354314,87354315,a,aM,1
NC_037337.1,NC_032659.1,84998412,87389091,87389093,g,gtc,2
NC_037337.1,NC_032659.1,85008873,87399554,87399555,t,tg,1
NC_037337.1,NC_032659.1,85025358,87416007,87416008,c,ct,1
NC_037337.1,NC_032659.1,85025601,87416251,87416252,A,AG,1
NC_037337.1,NC_032659.1,85051095,87441748,87441749,c,ct,1
NC_037337.1,NC_032659.1,85070889,87461546,87461588,G,GGTTTAGGAAACAGTGTCCCCTATTGCCAGAGAGGGAWTTTTA,42
NC_037337.1,NC_032659.1,85087084,87477825,87477828,a,acgt,3
NC_037337.1,NC_032659.1,85093424,87484155,87484156,c,ct,1
NC_037337.1,NC_032659.1,85099892,87492235,87492250,c,cccgtaagaacactgg,15
NC_037337.1,NC_032659.1,85099894,87492252,87492253,g,gt,1
NC_037337.1,NC_032659.1,85126725,87519356,87519357,T,TW,1
NC_037337.1,NC_032659.1,85363088,87755552,87755553,T,TA,1
NC_037337.1,NC_032659.1,85424778,87817037,87817039,a,atg,2
NC_037337.1,NC_032659.1,85430476,87822738,87822739,A,AC,1
NC_037337.1,NC_032659.1,85522808,87915079,87915080,a,at,1
NC_037337.1,NC_032659.1,85574190,87966474,87966481,a,acatattt,7
NC_037337.1,NC_032659.1,85605467,87999329,87999342,C,CGCGGCCTGTGKCT,13
NC_037337.1,NC_032659.1,85614112,88007987,88007989,A,ATC,2
NC_037337.1,NC_032659.1,85698296,88097105,88097106,G,GA,1
NC_037337.1,NC_032659.1,85705537,88104347,88104348,G,GK,1
NC_037337.1,NC_032659.1,85707591,88106403,88106404,G,GR,1
NC_037337.1,NC_032659.1,85716634,88115661,88115662,G,GC,1
NC_037337.1,NC_032659.1,86090818,88487582,88487586,T,TTGTG,4
NC_037337.1,NC_032659.1,86131916,88528608,88528614,t,ttactga,6
NC_037337.1,NC_032659.1,86132246,88528944,88528945,t,tc,1
NC_037337.1,NC_032659.1,86219349,88615017,88615027,C,CAGCACCTCCT,10
NC_037337.1,NC_032659.1,86303625,88699314,88699315,a,at,1
NC_037337.1,NC_032659.1,86380571,88776266,88776267,G,GR,1
NC_037337.1,NC_032659.1,86380619,88776315,88776316,A,AR,1
NC_037337.1,NC_032659.1,86394574,88790274,88790275,a,ag,1
NC_037337.1,NC_032659.1,86577076,88975065,88975066,g,ga,1
NC_037337.1,NC_032659.1,86691952,89090346,89090348,A,ACC,2
NC_037337.1,NC_032659.1,86747367,89145768,89145769,A,AC,1
NC_037337.1,NC_032659.1,86775813,89181020,89181032,a,atgtgtgtgtgtg,12
NC_037337.1,NC_032659.1,86777432,89182651,89182652,t,tc,1
NC_037337.1,NC_032659.1,86790549,89195769,89195771,T,TTC,2
NC_037337.1,NC_032659.1,86793727,89198950,89198951,t,tc,1
NC_037337.1,NC_032659.1,86801560,89207418,89207420,g,gga,2
NC_037337.1,NC_032659.1,86850089,89336309,89336318,G,GACTTAGCTC,9
NC_037337.1,NC_032659.1,86873883,89360114,89360115,A,AT,1
NC_037337.1,NC_032659.1,86876330,89362618,89362619,t,ta,1
NC_037337.1,NC_032659.1,86937015,89453766,89453768,t,ttg,2
NC_037337.1,NC_032659.1,86939859,89456613,89456615,a,aag,2
NC_037337.1,NC_032659.1,86957429,89474291,89474295,t,tNNNN,4
NC_037337.1,NC_032659.1,87067348,89584318,89584322,A,ATAGT,4
NC_037337.1,NC_032659.1,87164671,89681569,89681570,T,TW,1
NC_037337.1,NC_032659.1,87196476,89713375,89713386,G,GAGTATGATATK,11
NC_037337.1,NC_032659.1,87196832,89713742,89713744,T,TAA,2
NC_037337.1,NC_032659.1,87216772,89733685,89733686,G,GT,1
NC_037337.1,NC_032659.1,87314467,89831378,89831379,t,ta,1
NC_037337.1,NC_032659.1,87314947,89831861,89831862,a,at,1
NC_037337.1,NC_032659.1,87315445,89832363,89832364,t,tg,1
NC_037337.1,NC_032659.1,87335857,89852775,89852776,G,GA,1
NC_037337.1,NC_032659.1,87343960,89860880,89860881,C,CY,1
NC_037337.1,NC_032659.1,87344352,89861273,89861274,T,TA,1
NC_037337.1,NC_032659.1,87346263,89863181,89863192,t,tgtgtgtgtgtg,11
NC_037337.1,NC_032659.1,87346288,89863217,89863220,t,tatc,3
NC_037337.1,NC_032659.1,87357420,89874358,89874361,A,AGCT,3
NC_037337.1,NC_032659.1,87373637,89890577,89890578,G,GS,1
NC_037337.1,NC_032659.1,87387714,89904648,89904651,a,atac,3
NC_037337.1,NC_032659.1,87404965,89921906,89921907,c,ca,1
NC_037337.1,NC_032659.1,87415446,89932381,89932383,C,CRT,2
NC_037337.1,NC_032659.1,87423156,89940083,89940084,c,cg,1
NC_037337.1,NC_032659.1,87470854,89987780,89987781,A,AC,1
NC_037337.1,NC_032659.1,87606500,90121872,90121874,C,CTG,2
NC_037337.1,NC_032659.1,87623811,90139193,90139194,T,TW,1
NC_037337.1,NC_032659.1,87632831,90148226,90148227,C,CA,1
NC_037337.1,NC_032659.1,87638351,90153745,90153748,t,tagc,3
NC_037337.1,NC_032659.1,87640896,90156291,90156292,A,AG,1
NC_037337.1,NC_032659.1,87650921,90166322,90166323,T,TC,1
NC_037337.1,NC_032659.1,87727741,90243301,90243302,a,aR,1
NC_037337.1,NC_032659.1,87735794,90251355,90251356,G,GR,1
NC_037337.1,NC_032659.1,87743553,90259115,90259116,C,CA,1
NC_037337.1,NC_032659.1,87750028,90265594,90265596,C,CTA,2
NC_037337.1,NC_032659.1,87757355,90272926,90272927,T,TY,1
NC_037337.1,NC_032659.1,87770608,90286171,90286172,T,TA,1
NC_037337.1,NC_032659.1,87778905,90294470,90294471,T,TG,1
NC_037337.1,NC_032659.1,87793260,90308825,90308826,C,CY,1
NC_037337.1,NC_032659.1,87798970,90314536,90314537,T,TK,1
NC_037337.1,NC_032659.1,87980597,90495472,90495473,A,AG,1
NC_037337.1,NC_032659.1,88027192,90542064,90542066,C,CTT,2
NC_037337.1,NC_032659.1,88065712,90580109,90580111,C,CTT,2
NC_037337.1,NC_032659.1,88076831,90591208,90591209,t,tg,1
NC_037337.1,NC_032659.1,88076841,90591219,90591220,g,gt,1
NC_037337.1,NC_032659.1,88094090,90608469,90608470,g,gt,1
NC_037337.1,NC_032659.1,88113770,90628150,90628151,G,GS,1
NC_037337.1,NC_032659.1,88114501,90628886,90628887,c,ca,1
NC_037337.1,NC_032659.1,88183368,90698374,90698375,T,TM,1
NC_037337.1,NC_032659.1,88207560,90722570,90722571,C,CY,1
NC_037337.1,NC_032659.1,88216590,90731601,90731602,C,CN,1
NC_037337.1,NC_032659.1,88221503,90736515,90736517,T,TTC,2
NC_037337.1,NC_032659.1,88243319,90758348,90758349,t,ta,1
NC_037337.1,NC_032659.1,88272082,90788161,90788163,T,TTY,2
NC_037337.1,NC_032659.1,88280491,90796571,90796575,C,CTATA,4
NC_037337.1,NC_032659.1,88298470,90814559,90814563,c,cccca,4
NC_037337.1,NC_032659.1,88336664,90852752,90852756,t,tataa,4
NC_037337.1,NC_032659.1,88372832,90889127,90889128,G,GC,1
NC_037337.1,NC_032659.1,88433521,91001808,91001809,T,TA,1
NC_037337.1,NC_032659.1,88433574,91001862,91001863,T,TG,1
NC_037337.1,NC_032659.1,88478001,91046341,91046343,C,CCA,2
NC_037337.1,NC_032659.1,88478011,91046353,91046354,G,GC,1
NC_037337.1,NC_032659.1,88620088,91187279,91187280,g,ga,1
NC_037337.1,NC_032659.1,88664368,91231552,91231553,A,AG,1
NC_037337.1,NC_032659.1,88674796,91241964,91241979,A,ACAANNNNNNNNNNGC,15
NC_037337.1,NC_032659.1,88678920,91245654,91245655,T,TY,1
NC_037337.1,NC_032659.1,88682773,91249508,91249533,C,CTATTTTTTACTCAATAGTCTTGTCT,25
NC_037337.1,NC_032659.1,88683802,91250564,91250565,C,CA,1
NC_037337.1,NC_032659.1,88692776,91259471,91259472,A,AG,1
NC_037337.1,NC_032659.1,88715212,91281906,91281909,t,taaa,3
NC_037337.1,NC_032659.1,88716185,91282883,91282885,a,aNN,2
NC_037337.1,NC_032659.1,88718711,91285412,91285413,G,GR,1
NC_037337.1,NC_032659.1,88738241,91305009,91305011,A,AAC,2
NC_037337.1,NC_032659.1,88753555,91320334,91320360,a,aggagcctggaaggctgcagtccatgg,26
NC_037337.1,NC_032659.1,88760292,91327106,91327111,t,tcagtc,5
NC_037337.1,NC_032659.1,88766346,91333173,91333174,C,CT,1
NC_037337.1,NC_032659.1,88772582,91339410,91339412,c,caa,2
NC_037337.1,NC_032659.1,88775734,91342564,91342565,A,AG,1
NC_037337.1,NC_032659.1,88842182,91418387,91418388,T,TC,1
NC_037337.1,NC_032659.1,88845135,91411960,91411964,T,TTTGA,4
NC_037337.1,NC_032659.1,88845135,91421341,91421345,T,TTTGA,4
NC_037337.1,NC_032659.1,88846049,91422260,91422280,T,TACGTAACTTTTTANNNAAAC,20
NC_037337.1,NC_032659.1,88849961,91426183,91426202,a,agctgtgcacaggctcagtt,19
NC_037337.1,NC_032659.1,88851410,91427651,91427652,t,tc,1
NC_037337.1,NC_032659.1,88860344,91436670,91436671,g,ga,1
NC_037337.1,NC_032659.1,88873117,91449916,91449924,a,aNNNNNNNN,8
NC_037337.1,NC_032659.1,88895339,91472142,91472143,a,at,1
NC_037337.1,NC_032659.1,88899565,91476370,91476378,a,aNNNNNNNN,8
NC_037337.1,NC_032659.1,88910802,91488221,91488222,t,tg,1
NC_037337.1,NC_032659.1,88978947,91495991,91495992,G,GA,1
NC_037337.1,NC_032659.1,88989253,91506466,91506468,a,att,2
NC_037337.1,NC_032659.1,88996914,91514177,91514178,T,TC,1
NC_037337.1,NC_032659.1,89036354,91554792,91554793,C,CT,1
NC_037337.1,NC_032659.1,89053923,91572346,91572357,G,GGGGAGGGGAGT,11
NC_037337.1,NC_032659.1,89056748,91575184,91575185,G,GT,1
NC_037337.1,NC_032659.1,89079845,91598287,91598288,A,AR,1
NC_037337.1,NC_032659.1,89083694,91602131,91602132,G,GC,1
NC_037337.1,NC_032659.1,89085453,91603890,91603891,T,TA,1
NC_037337.1,NC_032659.1,89096735,91617670,91617671,T,TG,1
NC_037337.1,NC_032659.1,89128350,91649302,91649303,t,ta,1
NC_037337.1,NC_032659.1,89153472,91674983,91674985,a,att,2
NC_037337.1,NC_032659.1,89155151,91676665,91676666,t,tc,1
NC_037337.1,NC_032659.1,89187198,91708792,91708793,a,at,1
NC_037337.1,NC_032659.1,89236776,91758371,91758372,T,TY,1
NC_037337.1,NC_032659.1,89272984,91794597,91794603,G,GAATAGT,6
NC_037337.1,NC_032659.1,89300585,91822199,91822201,c,cct,2
NC_037337.1,NC_032659.1,89309135,91830769,91830770,t,tc,1
NC_037337.1,NC_032659.1,89311235,91832870,91832877,C,CCAAAAAA,7
NC_037337.1,NC_032659.1,89326103,91847745,91847746,a,ac,1
NC_037337.1,NC_032659.1,89410827,91932435,91932436,A,AG,1
NC_037337.1,NC_032659.1,89448393,91970010,91970012,C,CAG,2
NC_037337.1,NC_032659.1,89450012,91971631,91971632,T,TC,1
NC_037337.1,NC_032659.1,89473065,91994680,91994681,G,GK,1
NC_037337.1,NC_032659.1,89485682,92007298,92007306,a,aNNNNNNNN,8
NC_037337.1,NC_032659.1,89613639,92107551,92107552,t,tc,1
NC_037337.1,NC_032659.1,89624623,92116618,92116619,T,TY,1
NC_037337.1,NC_032659.1,89631678,92123673,92123674,g,gt,1
NC_037337.1,NC_032659.1,89658868,92150818,92150819,A,AM,1
NC_037337.1,NC_032659.1,89690111,92185438,92185439,T,TK,1
NC_037337.1,NC_032659.1,89723460,92218694,92218695,a,at,1
NC_037337.1,NC_032659.1,89784121,92279360,92279361,G,GC,1
NC_037337.1,NC_032659.1,89840602,92335823,92335825,c,ctt,2
NC_037337.1,NC_032659.1,89843344,92338567,92338570,C,CTTA,3
NC_037337.1,NC_032659.1,89894980,92390197,92390198,G,GA,1
NC_037337.1,NC_032659.1,89942243,92438162,92438164,t,tca,2
NC_037337.1,NC_032659.1,89949965,92445892,92445893,A,AT,1
NC_037337.1,NC_032659.1,90056320,92551963,92551964,T,TA,1
NC_037337.1,NC_032659.1,90067137,92562777,92562778,c,ca,1
NC_037337.1,NC_032659.1,90126201,92621740,92621743,C,CATG,3
NC_037337.1,NC_032659.1,90127096,92622638,92622639,C,CA,1
NC_037337.1,NC_032659.1,90137073,92632622,92632625,a,atat,3
NC_037337.1,NC_032659.1,90166646,92662193,92662196,A,AGYT,3
NC_037337.1,NC_032659.1,90173137,92668679,92668682,C,CCTT,3
NC_037337.1,NC_032659.1,90214283,92709836,92709837,C,CT,1
NC_037337.1,NC_032659.1,90216159,92711713,92711714,G,GT,1
NC_037337.1,NC_032659.1,90217771,92713329,92713330,T,TG,1
NC_037337.1,NC_032659.1,90252779,92748347,92748348,C,CM,1
NC_037337.1,NC_032659.1,90252853,92748422,92748424,G,GAA,2
NC_037337.1,NC_032659.1,90297999,92793640,92793641,C,CA,1
NC_037337.1,NC_032659.1,90335232,92830872,92830873,a,at,1
NC_037337.1,NC_032659.1,90384137,92879778,92879781,t,ttag,3
NC_037337.1,NC_032659.1,90412404,92908050,92908052,A,AGG,2
NC_037337.1,NC_032659.1,90614554,93261571,93261574,G,GTGT,3
NC_037337.1,NC_032659.1,90614993,93262013,93262016,a,aaaM,3
NC_037337.1,NC_032659.1,90632254,93279115,93279116,g,ga,1
NC_037337.1,NC_032659.1,90633405,93280267,93280268,a,ag,1
NC_037337.1,NC_032659.1,90633436,93280299,93280300,a,ag,1
NC_037337.1,NC_032659.1,90667675,93315369,93315370,c,cN,1
NC_037337.1,NC_032659.1,90807769,93455497,93455498,g,gR,1
NC_037337.1,NC_032659.1,90813125,93460850,93460853,A,AAAG,3
NC_037337.1,NC_032659.1,90875968,93523743,93523744,g,gt,1
NC_037337.1,NC_032659.1,90881283,93528828,93528829,G,GT,1
NC_037337.1,NC_032659.1,90881289,93528835,93528836,A,AR,1
NC_037337.1,NC_032659.1,90883479,93531022,93531023,G,GR,1
NC_037337.1,NC_032659.1,90888326,93535868,93535869,a,at,1
NC_037337.1,NC_032659.1,90904687,93552075,93552076,a,at,1
NC_037337.1,NC_032659.1,90905424,93552820,93552822,a,att,2
NC_037337.1,NC_032659.1,90909700,93557101,93557103,a,aac,2
NC_037337.1,NC_032659.1,90911541,93558944,93558945,t,tc,1
NC_037337.1,NC_032659.1,90914104,93561506,93561507,G,GK,1
NC_037337.1,NC_032659.1,90927508,93574913,93574914,T,TW,1
NC_037337.1,NC_032659.1,91016892,93665721,93665723,G,GGA,2
NC_037337.1,NC_032659.1,91053817,93702332,93702334,a,aNN,2
NC_037337.1,NC_032659.1,91117144,93765680,93765681,t,ta,1
NC_037337.1,NC_032659.1,91142610,93791286,93791288,t,taW,2
NC_037337.1,NC_032659.1,91183075,93831557,93831558,T,TA,1
NC_037337.1,NC_032659.1,91431912,94080917,94080918,G,GT,1
NC_037337.1,NC_032659.1,91460159,94109173,94109176,t,tttg,3
NC_037337.1,NC_032659.1,91507311,94155088,94155089,A,AC,1
NC_037337.1,NC_032659.1,91517697,94165477,94165478,T,TY,1
NC_037337.1,NC_032659.1,91535340,94183133,94183134,A,AM,1
NC_037337.1,NC_032659.1,91579498,94223445,94223446,T,TG,1
NC_037337.1,NC_032659.1,91680434,94342630,94342631,A,AR,1
NC_037337.1,NC_032659.1,91689727,94351923,94351927,a,acacg,4
NC_037337.1,NC_032659.1,91689745,94351945,94351951,a,acacacg,6
NC_037337.1,NC_032659.1,91713073,94375279,94375280,g,ga,1
NC_037337.1,NC_032659.1,91751741,94413951,94413953,a,aNN,2
NC_037337.1,NC_032659.1,91816226,94557506,94557507,a,at,1
NC_037337.1,NC_032659.1,91824367,94565648,94565651,g,gaaa,3
NC_037337.1,NC_032659.1,91847845,94589133,94589134,A,AG,1
NC_037337.1,NC_032659.1,91869203,94610487,94610490,T,TTGY,3
NC_037337.1,NC_032659.1,92050756,94792096,94792097,C,CY,1
NC_037337.1,NC_032659.1,92092788,94834130,94834176,T,TCACGATTTGGATNNNNNNNNNNNNNNNNNNNNNNNGCTTAATGCAC,46
NC_037337.1,NC_032659.1,92098606,94839994,94839995,A,AG,1
NC_037337.1,NC_032659.1,92140573,94882315,94882316,a,at,1
NC_037337.1,NC_032659.1,92152819,94894564,94894565,a,at,1
NC_037337.1,NC_032659.1,92193978,94941500,94941501,g,gt,1
NC_037337.1,NC_032659.1,92203582,94951104,94951105,C,CT,1
NC_037337.1,NC_032659.1,92229663,94977194,94977195,G,GA,1
NC_037337.1,NC_032659.1,92239628,94987160,94987161,a,at,1
NC_037337.1,NC_032659.1,92274943,95022481,95022483,g,gtt,2
NC_037337.1,NC_032659.1,92274943,95034962,95034964,g,gtt,2
NC_037337.1,NC_032659.1,92368144,95138643,95138646,t,tttg,3
NC_037337.1,NC_032659.1,92407637,95177968,95177969,A,AR,1
NC_037337.1,NC_032659.1,92519060,95287615,95287624,a,atatatatat,9
NC_037337.1,NC_032659.1,92544768,95313332,95313333,A,AT,1
NC_037337.1,NC_032659.1,92664381,95433578,95433579,T,TK,1
NC_037337.1,NC_032659.1,92665989,95435186,95435187,t,ta,1
NC_037337.1,NC_032659.1,92672716,95441922,95441923,G,GC,1
NC_037337.1,NC_032659.1,92703570,95475067,95475068,g,gt,1
NC_037337.1,NC_032659.1,92729934,95502004,95502006,G,GTT,2
NC_037337.1,NC_032659.1,92729951,95502023,95502024,C,CA,1
NC_037337.1,NC_032659.1,92762263,95534337,95534338,G,GS,1
NC_037337.1,NC_032659.1,92771782,95543862,95543871,c,ctccacacag,9
NC_037337.1,NC_032659.1,92776806,95548892,95548906,t,tNNNNNNNNNNNNNN,14
NC_037337.1,NC_032659.1,92855871,95627975,95627976,T,TA,1
NC_037337.1,NC_032659.1,92962486,95734888,95734889,c,ct,1
NC_037337.1,NC_032659.1,93027523,95799928,95799930,c,cat,2
NC_037337.1,NC_032659.1,93044879,95817291,95817292,T,TC,1
NC_037337.1,NC_032659.1,93052734,95825152,95825153,t,ta,1
NC_037337.1,NC_032659.1,93073383,95845820,95845824,G,GGGAR,4
NC_037337.1,NC_032659.1,93120222,95892508,95892509,c,ca,1
NC_037337.1,NC_032659.1,93183983,95956198,95956199,G,GR,1
NC_037337.1,NC_032659.1,93214743,95987014,95987021,g,ggtgatta,7
NC_037337.1,NC_032659.1,93215201,95987464,95987465,g,gt,1
NC_037337.1,NC_032659.1,93248159,96020426,96020427,G,GT,1
NC_037337.1,NC_032659.1,93316780,96089174,96089175,G,GA,1
NC_037337.1,NC_032659.1,93364738,96137430,96137435,t,tgtaaa,5
NC_037337.1,NC_032659.1,93394037,96167667,96167668,c,ct,1
NC_037337.1,NC_032659.1,93414369,96189600,96189601,g,ga,1
NC_037337.1,NC_032659.1,93444201,96219442,96219444,C,CTG,2
NC_037337.1,NC_032659.1,93446780,96222021,96222022,t,ta,1
NC_037337.1,NC_032659.1,93450908,96226151,96226158,C,CAAAATAA,7
NC_037337.1,NC_032659.1,93526401,96305716,96305719,a,agag,3
NC_037337.1,NC_032659.1,93537218,96316801,96316802,c,ct,1
NC_037337.1,NC_032659.1,93545404,96324987,96324988,t,tc,1
NC_037337.1,NC_032659.1,93966465,96349931,96349932,a,at,1
NC_037337.1,NC_032659.1,93978103,96361561,96361562,a,at,1
NC_037337.1,NC_032659.1,93979907,96363361,96363362,t,tg,1
NC_037337.1,NC_032659.1,93980258,96363713,96363721,t,tctttggaa,8
NC_037337.1,NC_032659.1,93988424,96371857,96371858,T,TC,1
NC_037337.1,NC_032659.1,93991003,96374437,96374438,t,ta,1
NC_037337.1,NC_032659.1,93991173,96374608,96374609,c,ct,1
NC_037337.1,NC_032659.1,93993641,96377075,96377076,G,GR,1
NC_037337.1,NC_032659.1,93998256,96381718,96381722,t,tttta,4
NC_037337.1,NC_032659.1,93999174,96382640,96382641,a,at,1
NC_037337.1,NC_032659.1,94025177,96409179,96409180,t,tK,1
NC_037337.1,NC_032659.1,94037847,96421926,96421927,a,at,1
NC_037337.1,NC_032659.1,94074338,96458434,96458435,t,ta,1
NC_037337.1,NC_032659.1,94088579,96472676,96472677,t,tg,1
NC_037337.1,NC_032659.1,94138433,96522544,96522545,a,ac,1
NC_037337.1,NC_032659.1,94139458,96523570,96523571,a,ag,1
NC_037337.1,NC_032659.1,94141062,96525175,96525180,G,GTTATT,5
NC_037337.1,NC_032659.1,94151893,96536004,96536005,C,CT,1
NC_037337.1,NC_032659.1,94156399,96540509,96540510,C,CY,1
NC_037337.1,NC_032659.1,94169926,96554416,96554417,a,aR,1
NC_037337.1,NC_032659.1,94178905,96563396,96563400,c,cgctt,4
NC_037337.1,NC_032659.1,94224396,96608887,96608888,c,ca,1
NC_037337.1,NC_032659.1,94224412,96608904,96608933,g,gaccaaggtaatcacgatgatgtgatcact,29
NC_037337.1,NC_032659.1,94265808,96650342,96650343,T,TC,1
NC_037337.1,NC_032659.1,94275832,96660621,96660622,T,TA,1
NC_037337.1,NC_032659.1,94277546,96662337,96662338,c,ct,1
NC_037337.1,NC_032659.1,94355134,96739959,96739960,T,TK,1
NC_037337.1,NC_032659.1,94362066,96824813,96824816,T,TATC,3
NC_037337.1,NC_032659.1,94365882,96828624,96828625,C,CY,1
NC_037337.1,NC_032659.1,94368237,96830883,96830888,c,caattt,5
NC_037337.1,NC_032659.1,94368308,96830959,96830960,t,tg,1
NC_037337.1,NC_032659.1,94368980,96831632,96831633,a,at,1
NC_037337.1,NC_032659.1,94448132,96910796,96910797,A,AT,1
NC_037337.1,NC_032659.1,94495253,96957929,96957930,t,tN,1
NC_037337.1,NC_032659.1,94503070,96965212,96965213,A,AN,1
NC_037337.1,NC_032659.1,94509211,96971349,96971353,t,tttaa,4
NC_037337.1,NC_032659.1,94510990,97158415,97158416,g,ga,1
NC_037337.1,NC_032659.1,94510990,96973134,96973135,g,ga,1
NC_037337.1,NC_032659.1,94539606,97187707,97187711,t,tNNNN,4
NC_037337.1,NC_032659.1,94585742,97233850,97233852,T,TAA,2
NC_037337.1,NC_032659.1,94699818,97246338,97246342,C,CAGAS,4
NC_037337.1,NC_032659.1,94725118,97260104,97260105,T,TC,1
NC_037337.1,NC_032659.1,94728786,97263773,97263774,t,tc,1
NC_037337.1,NC_032659.1,94772490,97307460,97307461,G,GA,1
NC_037337.1,NC_032659.1,94774228,97309198,97309199,T,TA,1
NC_037337.1,NC_032659.1,94798672,97332643,97332644,t,tc,1
NC_037337.1,NC_032659.1,94835196,97402472,97402473,a,ac,1
NC_037337.1,NC_032659.1,94849740,97417024,97417025,a,at,1
NC_037337.1,NC_032659.1,94852934,97420243,97420244,C,CN,1
NC_037337.1,NC_032659.1,94854083,97421394,97421411,T,TTCGTTTTAAAAAAACTA,17
NC_037337.1,NC_032659.1,94856152,97423480,97423481,A,AR,1
NC_037337.1,NC_032659.1,94874971,97442296,97442297,G,GA,1
NC_037337.1,NC_032659.1,95012138,97579263,97579265,t,taa,2
NC_037337.1,NC_032659.1,95025636,97592765,97592768,t,ttga,3
NC_037337.1,NC_032659.1,95033403,97600579,97600582,t,tagc,3
NC_037337.1,NC_032659.1,95045461,97612643,97612646,A,AGAR,3
NC_037337.1,NC_032659.1,95049819,97616891,97616893,a,act,2
NC_037337.1,NC_032659.1,95049962,97617036,97617037,T,TA,1
NC_037337.1,NC_032659.1,95050975,97618049,97618050,t,ta,1
NC_037337.1,NC_032659.1,95075721,97642687,97642688,G,GT,1
NC_037337.1,NC_032659.1,95089889,97656859,97656863,t,ttaaa,4
NC_037337.1,NC_032659.1,95106113,97673096,97673097,c,ca,1
NC_037337.1,NC_032659.1,95122161,97689145,97689146,t,tc,1
NC_037337.1,NC_032659.1,95179390,97739907,97739915,a,aNNNNNNNN,8
NC_037337.1,NC_032659.1,95227173,97788388,97788389,C,CA,1
NC_037337.1,NC_032659.1,95354625,97915503,97915504,C,CA,1
NC_037337.1,NC_032659.1,95354639,97915518,97915519,A,AC,1
NC_037337.1,NC_032659.1,95383335,97944218,97944219,a,at,1
NC_037337.1,NC_032659.1,95387844,97948727,97948728,t,tc,1
NC_037337.1,NC_032659.1,95387949,97948833,97948834,a,ac,1
NC_037337.1,NC_032659.1,95400405,97961088,97961090,A,AAG,2
NC_037337.1,NC_032659.1,95556555,98107412,98107414,T,TTG,2
NC_037337.1,NC_032659.1,95735526,98286355,98286356,t,ta,1
NC_037337.1,NC_032659.1,95735531,98286361,98286362,t,tc,1
NC_037337.1,NC_032659.1,95735558,98286389,98286390,G,GA,1
NC_037337.1,NC_032659.1,95735566,98286398,98286399,a,ag,1
NC_037337.1,NC_032659.1,95777952,98328784,98328785,T,TG,1
NC_037337.1,NC_032659.1,95948033,98498701,98498703,G,GGT,2
NC_037337.1,NC_032659.1,96039018,98589319,98589328,a,acactgtttc,9
NC_037337.1,NC_032659.1,96078108,98618992,98618993,A,AM,1
NC_037337.1,NC_032659.1,96206985,98740297,98740298,c,ca,1
NC_037337.1,NC_032659.1,96262564,98795829,98795830,c,ct,1
NC_037337.1,NC_032659.1,96321785,98854968,98854969,t,tc,1
NC_037337.1,NC_032659.1,96660724,99193682,99193683,a,at,1
NC_037337.1,NC_032659.1,96740193,99344942,99344943,C,CA,1
NC_037337.1,NC_032659.1,96814063,99283257,99283258,a,aN,1
NC_037337.1,NC_032659.1,96845901,99538592,99538593,g,gt,1
NC_037337.1,NC_032659.1,96851470,99544082,99544083,t,tg,1
NC_037337.1,NC_032659.1,96851491,99544104,99544106,c,cag,2
NC_037337.1,NC_032659.1,96923617,99450940,99450941,g,ga,1
NC_037337.1,NC_032659.1,96923617,99621852,99621853,g,ga,1
NC_037337.1,NC_032659.1,97136943,99834508,99834509,g,ga,1
NC_037337.1,NC_032659.1,97162131,99859770,99859777,c,cttttttt,7
NC_037337.1,NC_032659.1,97166309,99863956,99863957,t,ta,1
NC_037337.1,NC_032659.1,97166311,99863959,99863965,t,ttctctc,6
NC_037337.1,NC_032659.1,97201995,99899648,99899649,g,ga,1
NC_037337.1,NC_032659.1,97305047,100002579,100002581,g,gac,2
NC_037337.1,NC_032659.1,97321143,100020976,100020977,T,TG,1
NC_037337.1,NC_032659.1,97367419,100108763,100108772,A,ACTTAAATGC,9
NC_037337.1,NC_032659.1,97368030,100109383,100109384,G,GR,1
NC_037337.1,NC_032659.1,97368380,100109736,100109737,T,TC,1
NC_037337.1,NC_032659.1,97375957,100117324,100117325,a,ag,1
NC_037337.1,NC_032659.1,97443346,100091909,100091910,A,AG,1
NC_037337.1,NC_032659.1,97443389,100091953,100091954,A,AG,1
NC_037337.1,NC_032659.1,97449433,100097998,100097999,c,ct,1
NC_037337.1,NC_032659.1,97454840,100204673,100204682,c,caaacaaaca,9
NC_037337.1,NC_032659.1,97475720,100187361,100187362,C,CA,1
NC_037337.1,NC_032659.1,97480803,100192446,100192447,t,ta,1
NC_037337.1,NC_032659.1,97521815,100378282,100378284,c,ctg,2
NC_037337.1,NC_032659.1,97527900,100384365,100384368,t,tcgg,3
NC_037337.1,NC_032659.1,97553445,100410010,100410014,t,ttttg,4
NC_037337.1,NC_032659.1,97573966,100233714,100233715,G,GY,1
NC_037337.1,NC_032659.1,97581048,100240796,100240797,a,at,1
NC_037337.1,NC_032659.1,97590805,100250766,100250767,G,GT,1
NC_037337.1,NC_032659.1,97601482,100261443,100261447,a,aNNNN,4
NC_037337.1,NC_032659.1,97653980,100314008,100314009,C,CA,1
NC_037337.1,NC_032659.1,97653980,100444989,100444990,C,CA,1
NC_037337.1,NC_032659.1,97753073,100544721,100544735,a,ataaaNNNNNNNNNN,14
NC_037337.1,NC_032659.1,97777330,100569005,100569006,g,ga,1
NC_037337.1,NC_032659.1,97779901,100571480,100571481,g,gY,1
NC_037337.1,NC_032659.1,97793187,100584735,100584736,G,GT,1
NC_037337.1,NC_032659.1,97798773,100590323,100590325,g,gNN,2
NC_037337.1,NC_032659.1,97804917,100596469,100596470,C,CA,1
NC_037337.1,NC_032659.1,97822918,100614537,100614538,g,ga,1
NC_037337.1,NC_032659.1,97822922,100614542,100614543,a,ag,1
NC_037337.1,NC_032659.1,97822942,100614563,100614564,a,ag,1
NC_037337.1,NC_032659.1,97918904,100686992,100686993,T,TC,1
NC_037337.1,NC_032659.1,97972348,100770176,100770178,t,tKg,2
NC_037337.1,NC_032659.1,97977607,100775440,100775441,a,ac,1
NC_037337.1,NC_032659.1,97977669,100775502,100775503,c,ct,1
NC_037337.1,NC_032659.1,97978819,100776653,100776654,c,ct,1
NC_037337.1,NC_032659.1,98025317,100821634,100821635,c,ct,1
NC_037337.1,NC_032659.1,98025327,100821645,100821646,C,CT,1
NC_037337.1,NC_032659.1,98025869,100822188,100822189,A,AT,1
NC_037337.1,NC_032659.1,98046664,100844261,100844262,C,CY,1
NC_037337.1,NC_032659.1,98053617,100851215,100851216,t,tc,1
NC_037337.1,NC_032659.1,98100910,100884770,100884771,G,GR,1
NC_037337.1,NC_032659.1,98103337,100887191,100887192,t,tg,1
NC_037337.1,NC_032659.1,98108298,100892133,100892134,a,ac,1
NC_037337.1,NC_032659.1,98108307,100892143,100892144,a,at,1
NC_037337.1,NC_032659.1,98119988,100903599,100903600,a,aM,1
NC_037337.1,NC_032659.1,98122872,100906359,100906360,C,CT,1
NC_037337.1,NC_032659.1,98231297,100972396,100972400,t,tagaa,4
NC_037337.1,NC_032659.1,98231952,100973048,100973068,c,cagagacaaagagatgaaaaa,20
NC_037337.1,NC_032659.1,98240681,100981813,100981814,A,AG,1
NC_037337.1,NC_032659.1,98242557,100983689,100983690,T,TA,1
NC_037337.1,NC_032659.1,98280404,101021402,101021403,g,ga,1
NC_037337.1,NC_032659.1,98280624,101021623,101021625,c,caa,2
NC_037337.1,NC_032659.1,98297217,101038187,101038189,c,ccg,2
NC_037337.1,NC_032659.1,98298273,101039245,101039246,A,AC,1
NC_037337.1,NC_032659.1,98317178,101058152,101058154,c,ctg,2
NC_037337.1,NC_032659.1,98328590,101069570,101069571,a,at,1
NC_037337.1,NC_032659.1,98362388,101103371,101103372,a,ag,1
NC_037337.1,NC_032659.1,98411877,101152869,101152870,G,GC,1
NC_037337.1,NC_032659.1,98419278,101158586,101158587,C,CT,1
NC_037337.1,NC_032659.1,98456193,101160200,101160201,a,ac,1
NC_037337.1,NC_032659.1,98456715,101160723,101160724,t,tc,1
NC_037337.1,NC_032659.1,98500662,101207383,101207400,t,tttccatatgctatctag,17
NC_037337.1,NC_032659.1,98505384,101212125,101212127,A,AAG,2
NC_037337.1,NC_032659.1,98511510,101218251,101218271,g,ggtttttttgtgtgtgttttt,20
NC_037337.1,NC_032659.1,98511745,101218506,101218510,t,ttttg,4
NC_037337.1,NC_032659.1,98520001,101226763,101226764,A,AC,1
NC_037337.1,NC_032659.1,98556420,101263180,101263181,A,AR,1
NC_037337.1,NC_032659.1,98587270,101294208,101294210,A,ATT,2
NC_037337.1,NC_032659.1,98626047,101332999,101333000,g,ga,1
NC_037337.1,NC_032659.1,98626068,101333021,101333022,g,ga,1
NC_037337.1,NC_032659.1,98722714,101429450,101429451,A,AG,1
NC_037337.1,NC_032659.1,98725200,101431938,101431940,g,ggc,2
NC_037337.1,NC_032659.1,98736365,101443112,101443113,C,CN,1
NC_037337.1,NC_032659.1,98769055,101588244,101588246,t,ttc,2
NC_037337.1,NC_032659.1,98769101,101588292,101588293,t,tc,1
NC_037337.1,NC_032659.1,98769118,101588310,101588311,g,gc,1
NC_037337.1,NC_032659.1,98923341,101725989,101725990,G,GR,1
NC_037337.1,NC_032659.1,99047450,101850186,101850189,t,tata,3
NC_037337.1,NC_032659.1,99052344,101855058,101855059,C,CG,1
NC_037337.1,NC_032659.1,99059418,101862133,101862134,t,tc,1
NC_037337.1,NC_032659.1,99059422,101862138,101862139,t,ta,1
NC_037337.1,NC_032659.1,99130127,101951092,101951093,A,AR,1
NC_037337.1,NC_032659.1,99133170,101954137,101954142,G,GGCTAC,5
NC_037337.1,NC_032659.1,99134629,101955601,101955603,a,aat,2
NC_037337.1,NC_032659.1,99151527,101975413,101975416,t,ttta,3
NC_037337.1,NC_032659.1,99226406,101998920,101998921,C,CA,1
NC_037337.1,NC_032659.1,99228012,102000527,102000528,C,CA,1
NC_037337.1,NC_032659.1,99228124,102000644,102000645,c,ct,1
NC_037337.1,NC_032659.1,99327105,102143004,102143005,c,ca,1
NC_037337.1,NC_032659.1,99335265,102151168,102151169,T,TC,1
NC_037337.1,NC_032659.1,99348000,102163904,102163905,t,tg,1
NC_037337.1,NC_032659.1,99365820,102181724,102181734,T,TTGTGCCCGAA,10
NC_037337.1,NC_032659.1,99383402,102199202,102199203,t,tc,1
NC_037337.1,NC_032659.1,99470100,102319789,102319790,G,GC,1
NC_037337.1,NC_032659.1,99485737,102337245,102337246,G,GR,1
NC_037337.1,NC_032659.1,99489803,102341314,102341315,a,aR,1
NC_037337.1,NC_032659.1,99560315,102411830,102411831,T,TG,1
NC_037337.1,NC_032659.1,99565015,102416567,102416569,G,GAA,2
NC_037337.1,NC_032659.1,99566118,102417672,102417673,t,tg,1
NC_037337.1,NC_032659.1,99566124,102417679,102417682,g,gttt,3
NC_037337.1,NC_032659.1,99599895,102451459,102451460,G,GC,1
NC_037337.1,NC_032659.1,99605799,102457367,102457368,a,ag,1
NC_037337.1,NC_032659.1,99620553,102471929,102471930,G,GA,1
NC_037337.1,NC_032659.1,99623348,102474725,102474730,a,aaaaat,5
NC_037337.1,NC_032659.1,99623964,102475346,102475349,T,TGGK,3
NC_037337.1,NC_032659.1,99633213,102484600,102484605,T,TTAAAG,5
NC_037337.1,NC_032659.1,99728467,102581342,102581350,A,AGTACAATC,8
NC_037337.1,NC_032659.1,99764031,102616913,102616916,A,AGAC,3
NC_037337.1,NC_032659.1,99765510,102618395,102618396,C,CY,1
NC_037337.1,NC_032659.1,99802427,102725277,102725278,t,ta,1
NC_037337.1,NC_032659.1,99803197,102726046,102726047,g,gc,1
NC_037337.1,NC_032659.1,99841766,102661684,102661685,a,at,1
NC_037337.1,NC_032659.1,99841766,102768235,102768236,a,at,1
NC_037337.1,NC_032659.1,99883075,102809389,102809390,C,CA,1
NC_037337.1,NC_032659.1,99887961,102814296,102814299,T,TWWK,3
NC_037337.1,NC_032659.1,99894463,102820801,102820802,A,AG,1
NC_037337.1,NC_032659.1,99905555,102831828,102831829,T,TY,1
NC_037337.1,NC_032659.1,99907748,102834022,102834023,G,GK,1
NC_037337.1,NC_032659.1,99910238,102836515,102836516,G,GT,1
NC_037337.1,NC_032659.1,99929174,102855453,102855454,T,TC,1
NC_037337.1,NC_032659.1,99962660,102888982,102888985,t,tcaa,3
NC_037337.1,NC_032659.1,99964744,102891065,102891066,A,AW,1
NC_037337.1,NC_032659.1,99978902,102904613,102904615,T,TTC,2
NC_037337.1,NC_032659.1,99986814,102912521,102912522,g,gt,1
NC_037337.1,NC_032659.1,99988222,102913931,102913932,A,AG,1
NC_037337.1,NC_032659.1,99989069,102914764,102914765,G,GK,1
NC_037337.1,NC_032659.1,99999071,102924769,102924811,G,GGTACCAGTCCCACCAGNNNNNNNNNNNNNNNNNNNNNNNNNN,42
NC_037337.1,NC_032659.1,100012726,102938455,102938456,T,TY,1
NC_037337.1,NC_032659.1,100012803,102938533,102938534,A,AR,1
NC_037337.1,NC_032659.1,100068817,102994706,102994707,C,CS,1
NC_037337.1,NC_032659.1,100097683,103022694,103022695,A,AG,1
NC_037337.1,NC_032659.1,100100068,103025068,103025087,c,cagtccttggagtcgctggg,19
NC_037337.1,NC_032659.1,100238698,103166168,103166169,G,GS,1
NC_037337.1,NC_032659.1,100341500,103313860,103313861,g,gt,1
NC_037337.1,NC_032659.1,100341515,103313876,103313877,c,ct,1
NC_037337.1,NC_032659.1,100369356,103341830,103341832,a,aNN,2
NC_037337.1,NC_032659.1,100372570,103345044,103345045,C,CA,1
NC_037337.1,NC_032659.1,100425293,103397786,103397787,A,AY,1
NC_037337.1,NC_032659.1,100454404,103426478,103426479,c,ca,1
NC_037337.1,NC_032659.1,100564802,103536288,103536290,a,agg,2
NC_037337.1,NC_032659.1,100722169,103693611,103693613,T,TTA,2
NC_037337.1,NC_032659.1,100745468,103716917,103716918,G,GA,1
NC_037337.1,NC_032659.1,100750175,103721636,103721637,G,GA,1
NC_037337.1,NC_032659.1,100753611,103725071,103725072,g,gt,1
NC_037337.1,NC_032659.1,100758374,103729840,103729854,C,CCGCACAGCAGCCTT,14
NC_037337.1,NC_032659.1,100807467,103776966,103776967,C,CT,1
NC_037337.1,NC_032659.1,100816305,103785876,103785877,C,CG,1
NC_037337.1,NC_032659.1,100829631,103799203,103799227,a,agaatactgaagtggtttgccattt,24
NC_037337.1,NC_032659.1,100837566,103807160,103807161,C,CA,1
NC_037337.1,NC_032659.1,100843334,103812929,103812931,a,aag,2
NC_037337.1,NC_032659.1,100927500,103896247,103896248,T,TA,1
NC_037337.1,NC_032659.1,101565327,104531989,104531990,A,AC,1
NC_037337.1,NC_032659.1,101828066,104794990,104794997,C,CNNNNNNN,7
NC_037337.1,NC_032659.1,101991884,104951461,104951462,C,CG,1
NC_037337.1,NC_032659.1,102027194,104985372,104985373,G,GA,1
NC_037337.1,NC_032659.1,102311933,105271503,105271504,G,GT,1
NC_037337.1,NC_032659.1,102312092,105271663,105271664,G,GT,1
NC_037337.1,NC_032659.1,102314292,105273861,105273862,C,CT,1
NC_037337.1,NC_032659.1,102314335,105273905,105273906,G,GT,1
NC_037337.1,NC_032659.1,102314777,105274347,105274348,C,CA,1
NC_037337.1,NC_032659.1,102315021,105274592,105274593,A,AT,1
NC_037337.1,NC_032659.1,102315513,105275082,105275083,g,ga,1
NC_037337.1,NC_032659.1,102315607,105275177,105275179,a,aag,2
NC_037337.1,NC_032659.1,102315619,105275191,105275192,T,TG,1
NC_037337.1,NC_032659.1,102315633,105275206,105275207,T,TG,1
NC_037337.1,NC_032659.1,102315688,105275262,105275263,t,ta,1
NC_037337.1,NC_032659.1,102315820,105275394,105275395,a,ag,1
NC_037337.1,NC_032659.1,102315855,105275430,105275431,a,ag,1
NC_037337.1,NC_032659.1,102315862,105275438,105275439,c,ct,1
NC_037337.1,NC_032659.1,102316178,105275754,105275755,a,ag,1
NC_037337.1,NC_032659.1,102316247,105275823,105275824,t,tg,1
NC_037337.1,NC_032659.1,102317676,105277253,105277254,A,AC,1
NC_037337.1,NC_032659.1,102318767,105278344,105278345,A,AG,1
NC_037337.1,NC_032659.1,102319794,105279371,105279372,t,tg,1
NC_037337.1,NC_032659.1,102319976,105279554,105279555,C,CG,1
NC_037337.1,NC_032659.1,102320008,105279587,105279588,C,CG,1
NC_037337.1,NC_032659.1,102322980,105282560,105282561,A,AG,1
NC_037337.1,NC_032659.1,102323470,105283051,105283052,G,GC,1
NC_037337.1,NC_032659.1,102924523,105862317,105862318,a,at,1
NC_037337.1,NC_032659.1,103036680,105974844,105974845,T,TA,1
NC_037337.1,NC_032659.1,103194690,106132836,106132838,t,tNN,2
