Reference ID,Query ID,Reference POS,Query POS,Query END,REF,ALT,SVLEN
NC_037329.1,NC_032651.1,192747,104694,104695,C,CT,1
NC_037329.1,NC_032651.1,208264,120212,120213,A,AG,1
NC_037329.1,NC_032651.1,211620,123569,123570,C,CA,1
NC_037329.1,NC_032651.1,241000,157253,157254,g,gt,1
NC_037329.1,NC_032651.1,246583,162847,162848,g,gt,1
NC_037329.1,NC_032651.1,258000,174266,174268,a,aNN,2
NC_037329.1,NC_032651.1,276379,192648,192649,a,at,1
NC_037329.1,NC_032651.1,276710,192980,192981,t,ta,1
NC_037329.1,NC_032651.1,286090,202362,202363,g,ga,1
NC_037329.1,NC_032651.1,299156,215430,215431,c,ct,1
NC_037329.1,NC_032651.1,357150,273426,273428,t,ttg,2
NC_037329.1,NC_032651.1,363291,279570,279571,t,ta,1
NC_037329.1,NC_032651.1,381002,296942,296944,c,cat,2
NC_037329.1,NC_032651.1,389703,329715,329716,g,gt,1
NC_037329.1,NC_032651.1,390534,330547,330550,a,actt,3
NC_037329.1,NC_032651.1,426893,366922,366923,G,GR,1
NC_037329.1,NC_032651.1,453254,393708,393716,t,tNNNNNNNN,8
NC_037329.1,NC_032651.1,503775,444243,444248,a,aaaacc,5
NC_037329.1,NC_032651.1,510873,451345,451346,t,tW,1
NC_037329.1,NC_032651.1,567721,508196,508197,A,AG,1
NC_037329.1,NC_032651.1,651353,604065,604066,a,aR,1
NC_037329.1,NC_032651.1,656892,609606,609607,g,gt,1
NC_037329.1,NC_032651.1,705259,657981,657982,t,tN,1
NC_037329.1,NC_032651.1,789263,741991,741992,T,TY,1
NC_037329.1,NC_032651.1,913581,866218,866219,G,GA,1
NC_037329.1,NC_032651.1,923455,876089,876092,t,taaa,3
NC_037329.1,NC_032651.1,923469,876106,876107,g,ga,1
NC_037329.1,NC_032651.1,936729,889365,889368,a,accc,3
NC_037329.1,NC_032651.1,937565,890202,890204,G,GAA,2
NC_037329.1,NC_032651.1,1001638,959292,959293,t,ta,1
NC_037329.1,NC_032651.1,1001896,959553,959554,A,AT,1
NC_037329.1,NC_032651.1,1009081,966709,966710,G,GT,1
NC_037329.1,NC_032651.1,1026329,983915,983916,G,GR,1
NC_037329.1,NC_032651.1,1031090,988680,988682,T,TTC,2
NC_037329.1,NC_032651.1,1065773,1022746,1022748,C,CAG,2
NC_037329.1,NC_032651.1,1090081,1047105,1047129,g,gcacacacacacacacacacacaca,24
NC_037329.1,NC_032651.1,1111791,1068853,1068858,G,GTCATA,5
NC_037329.1,NC_032651.1,1145682,1102777,1102778,a,ac,1
NC_037329.1,NC_032651.1,1175109,1132208,1132213,G,GAGGCC,5
NC_037329.1,NC_032651.1,1182415,1139520,1139521,G,GT,1
NC_037329.1,NC_032651.1,1289143,1246269,1246270,G,GS,1
NC_037329.1,NC_032651.1,1302944,1260306,1260309,G,GAAC,3
NC_037329.1,NC_032651.1,1335865,1293222,1293225,a,atat,3
NC_037329.1,NC_032651.1,1351571,1308931,1308932,C,CA,1
NC_037329.1,NC_032651.1,1404611,1362298,1362299,t,ta,1
NC_037329.1,NC_032651.1,1412059,1369752,1369753,A,AG,1
NC_037329.1,NC_032651.1,1437628,1395321,1395322,a,aN,1
NC_037329.1,NC_032651.1,1456354,1411783,1411784,c,ca,1
NC_037329.1,NC_032651.1,1464819,1420254,1420255,A,AT,1
NC_037329.1,NC_032651.1,1593346,1542334,1542335,A,AM,1
NC_037329.1,NC_032651.1,1630254,1580024,1580027,t,tttg,3
NC_037329.1,NC_032651.1,1631435,1581208,1581209,t,tg,1
NC_037329.1,NC_032651.1,1631588,1581363,1581364,g,gt,1
NC_037329.1,NC_032651.1,1652604,1599579,1599580,T,TY,1
NC_037329.1,NC_032651.1,1659666,1606638,1606640,t,tta,2
NC_037329.1,NC_032651.1,1661209,1608173,1608176,t,tctc,3
NC_037329.1,NC_032651.1,1662213,1609180,1609181,A,AR,1
NC_037329.1,NC_032651.1,1694226,1641187,1641188,g,gc,1
NC_037329.1,NC_032651.1,1741958,1689326,1689327,a,at,1
NC_037329.1,NC_032651.1,1765025,1712612,1712613,c,ct,1
NC_037329.1,NC_032651.1,1783236,1730380,1730382,g,gtt,2
NC_037329.1,NC_032651.1,1790967,1738117,1738120,G,GGAA,3
NC_037329.1,NC_032651.1,1799732,1746885,1746886,C,CY,1
NC_037329.1,NC_032651.1,1985319,1932345,1932354,g,gaaacagtga,9
NC_037329.1,NC_032651.1,1985466,1932501,1932502,c,ca,1
NC_037329.1,NC_032651.1,2122429,2115001,2115003,t,tNN,2
NC_037329.1,NC_032651.1,2122429,2061707,2061709,t,tNN,2
NC_037329.1,NC_032651.1,2150292,2089733,2089743,a,aacactctctg,10
NC_037329.1,NC_032651.1,2281026,2163423,2163437,c,cctagCTAAAAAAaa,14
NC_037329.1,NC_032651.1,2491460,2348621,2348622,c,ca,1
NC_037329.1,NC_032651.1,2578817,2463819,2463820,c,cg,1
NC_037329.1,NC_032651.1,2612666,2498122,2498123,t,tc,1
NC_037329.1,NC_032651.1,2678810,2563578,2563579,T,TG,1
NC_037329.1,NC_032651.1,2700075,2603976,2603977,C,CY,1
NC_037329.1,NC_032651.1,2830401,2733171,2733178,a,accctcct,7
NC_037329.1,NC_032651.1,2837295,2740057,2740058,c,ca,1
NC_037329.1,NC_032651.1,2874690,2781753,2781754,C,CY,1
NC_037329.1,NC_032651.1,2926595,2907821,2907822,t,tc,1
NC_037329.1,NC_032651.1,2971692,2953432,2953433,C,CT,1
NC_037329.1,NC_032651.1,2974013,2955755,2955756,t,tg,1
NC_037329.1,NC_032651.1,2974030,2955773,2955774,t,tg,1
NC_037329.1,NC_032651.1,3019400,3001135,3001136,c,ca,1
NC_037329.1,NC_032651.1,3081580,3062465,3062466,t,ta,1
NC_037329.1,NC_032651.1,3092162,3072570,3072571,t,tc,1
NC_037329.1,NC_032651.1,3104853,3085267,3085268,T,TC,1
NC_037329.1,NC_032651.1,3170535,3150948,3150950,t,tNN,2
NC_037329.1,NC_032651.1,3210795,3191023,3191025,g,gNN,2
NC_037329.1,NC_032651.1,3398827,3379212,3379214,c,cca,2
NC_037329.1,NC_032651.1,3492521,3487155,3487156,c,ct,1
NC_037329.1,NC_032651.1,3562773,3557097,3557098,g,gc,1
NC_037329.1,NC_032651.1,3607155,3601765,3601766,A,AT,1
NC_037329.1,NC_032651.1,3622276,3616889,3616890,c,ca,1
NC_037329.1,NC_032651.1,3706141,3700756,3700757,T,TY,1
NC_037329.1,NC_032651.1,3782407,3778408,3778409,G,GK,1
NC_037329.1,NC_032651.1,4001803,4002990,4002991,g,gc,1
NC_037329.1,NC_032651.1,4001822,4003010,4003019,g,gccactgttt,9
NC_037329.1,NC_032651.1,4036991,4038187,4038189,A,ATN,2
NC_037329.1,NC_032651.1,4090309,4091464,4091466,T,TAA,2
NC_037329.1,NC_032651.1,4090349,4091506,4091507,A,AT,1
NC_037329.1,NC_032651.1,4267551,4265616,4265618,a,aat,2
NC_037329.1,NC_032651.1,4291175,4289238,4289239,g,ga,1
NC_037329.1,NC_032651.1,4293553,4291616,4291622,a,acatcac,6
NC_037329.1,NC_032651.1,4306295,4304368,4304369,A,AM,1
NC_037329.1,NC_032651.1,4318709,4316784,4316785,A,AT,1
NC_037329.1,NC_032651.1,4322696,4320776,4320777,a,ag,1
NC_037329.1,NC_032651.1,4323068,4321149,4321154,c,cgactg,5
NC_037329.1,NC_032651.1,4340268,4338381,4338386,C,CCATAA,5
NC_037329.1,NC_032651.1,4370948,4368520,4368521,g,gt,1
NC_037329.1,NC_032651.1,4377646,4375273,4375274,C,CT,1
NC_037329.1,NC_032651.1,4497996,4499189,4499190,G,GC,1
NC_037329.1,NC_032651.1,4500822,4502016,4502017,g,gc,1
NC_037329.1,NC_032651.1,4502855,4504038,4504041,T,TTTA,3
NC_037329.1,NC_032651.1,4518362,4519547,4519548,G,GC,1
NC_037329.1,NC_032651.1,4518488,4519672,4519673,G,GR,1
NC_037329.1,NC_032651.1,4521744,4523057,4523063,C,CGCTAGA,6
NC_037329.1,NC_032651.1,4560349,4577701,4577711,t,tcaggaagcaa,10
NC_037329.1,NC_032651.1,4567342,4584713,4584714,a,at,1
NC_037329.1,NC_032651.1,4567365,4584737,4584738,g,ga,1
NC_037329.1,NC_032651.1,4585624,4602996,4602997,A,AG,1
NC_037329.1,NC_032651.1,4629949,4647143,4647144,c,ct,1
NC_037329.1,NC_032651.1,4640045,4657239,4657242,t,taaa,3
NC_037329.1,NC_032651.1,4683343,4727899,4727903,t,tttta,4
NC_037329.1,NC_032651.1,4720375,4765094,4765097,A,ACTC,3
NC_037329.1,NC_032651.1,4725185,4769933,4769938,T,TTGTAG,5
NC_037329.1,NC_032651.1,4825440,4883645,4883646,c,ca,1
NC_037329.1,NC_032651.1,4924888,4983542,4983543,c,ca,1
NC_037329.1,NC_032651.1,5000390,5058080,5058081,C,CG,1
NC_037329.1,NC_032651.1,5033479,5090976,5090991,C,CAGTTTTTGCCACATA,15
NC_037329.1,NC_032651.1,5114572,5179216,5179217,G,GS,1
NC_037329.1,NC_032651.1,5183308,5247958,5247959,g,gK,1
NC_037329.1,NC_032651.1,5183335,5247986,5247987,t,ta,1
NC_037329.1,NC_032651.1,5342210,5406827,5406829,c,cRa,2
NC_037329.1,NC_032651.1,5396483,5565357,5565361,c,ctggt,4
NC_037329.1,NC_032651.1,5396738,5565616,5565626,g,gagatgagtgc,10
NC_037329.1,NC_032651.1,5696185,5893282,5893283,t,tY,1
NC_037329.1,NC_032651.1,5897921,6095118,6095119,t,tg,1
NC_037329.1,NC_032651.1,6057540,6302522,6302527,t,taaaaa,5
NC_037329.1,NC_032651.1,6117318,6362311,6362312,G,GA,1
NC_037329.1,NC_032651.1,6414626,6659405,6659406,a,ag,1
NC_037329.1,NC_032651.1,6426154,6688497,6688498,g,ga,1
NC_037329.1,NC_032651.1,6655545,6927964,6927965,C,CT,1
NC_037329.1,NC_032651.1,6655594,6928015,6928016,c,ca,1
NC_037329.1,NC_032651.1,6684339,6966785,6966786,G,GA,1
NC_037329.1,NC_032651.1,6815026,7090734,7090735,t,tg,1
NC_037329.1,NC_032651.1,6815854,7091563,7091567,c,cattg,4
NC_037329.1,NC_032651.1,6827137,7102849,7102850,g,gc,1
NC_037329.1,NC_032651.1,6941355,7270729,7270730,t,ta,1
NC_037329.1,NC_032651.1,7115326,7442635,7442636,g,gt,1
NC_037329.1,NC_032651.1,7171311,7498622,7498623,t,tc,1
NC_037329.1,NC_032651.1,7186625,7513937,7513940,g,ggtt,3
NC_037329.1,NC_032651.1,7194969,7522284,7522285,g,ga,1
NC_037329.1,NC_032651.1,7308330,7635621,7635622,t,tc,1
NC_037329.1,NC_032651.1,7423946,7780161,7780162,C,CA,1
NC_037329.1,NC_032651.1,7449154,7805371,7805375,g,ggaaa,4
NC_037329.1,NC_032651.1,7467391,7823612,7823613,T,TA,1
NC_037329.1,NC_032651.1,7467587,7823809,7823810,t,ta,1
NC_037329.1,NC_032651.1,7493036,7848921,7848933,a,agctgactcattt,12
NC_037329.1,NC_032651.1,7498214,7854111,7854113,A,ACT,2
NC_037329.1,NC_032651.1,7501044,7856947,7856952,t,tttggg,5
NC_037329.1,NC_032651.1,7503698,7859603,7859607,g,gagaa,4
NC_037329.1,NC_032651.1,7594717,7945915,7945916,a,at,1
NC_037329.1,NC_032651.1,7619598,7970810,7970812,t,tNN,2
NC_037329.1,NC_032651.1,7701687,8052916,8052917,t,tg,1
NC_037329.1,NC_032651.1,7713642,8064868,8064870,C,CCT,2
NC_037329.1,NC_032651.1,7729401,8257918,8257921,G,GATA,3
NC_037329.1,NC_032651.1,7731523,8255797,8255798,a,ac,1
NC_037329.1,NC_032651.1,7736711,8249077,8249078,A,AG,1
NC_037329.1,NC_032651.1,7738755,8247033,8247034,G,GT,1
NC_037329.1,NC_032651.1,7886534,8315649,8315669,t,taaaaataaaaatatttWaaa,20
NC_037329.1,NC_032651.1,7899930,8328721,8328722,C,CA,1
NC_037329.1,NC_032651.1,7982644,8520152,8520158,t,tatacac,6
NC_037329.1,NC_032651.1,8000075,8537596,8537597,g,gc,1
NC_037329.1,NC_032651.1,8038553,8576070,8576071,t,tc,1
NC_037329.1,NC_032651.1,8069870,8605239,8605240,A,AT,1
NC_037329.1,NC_032651.1,8092152,8630063,8630066,A,ACTT,3
NC_037329.1,NC_032651.1,8101371,8639288,8639289,t,tc,1
NC_037329.1,NC_032651.1,8101532,8639450,8639451,t,ta,1
NC_037329.1,NC_032651.1,8101657,8639577,8639578,c,ca,1
NC_037329.1,NC_032651.1,8101793,8639714,8639715,g,ga,1
NC_037329.1,NC_032651.1,8104447,8642370,8642371,T,TY,1
NC_037329.1,NC_032651.1,8126743,8665143,8665144,t,tY,1
NC_037329.1,NC_032651.1,8145558,8683953,8683954,t,tK,1
NC_037329.1,NC_032651.1,8174604,8713080,8713087,G,GAACATAC,7
NC_037329.1,NC_032651.1,8176835,8715319,8715323,t,tNNNN,4
NC_037329.1,NC_032651.1,8178819,8717306,8717307,a,ag,1
NC_037329.1,NC_032651.1,8202588,8740579,8740581,a,aNN,2
NC_037329.1,NC_032651.1,8217643,8755320,8755321,t,tY,1
NC_037329.1,NC_032651.1,8241416,8779339,8779340,T,TA,1
NC_037329.1,NC_032651.1,8245216,8783133,8783138,t,tcgggc,5
NC_037329.1,NC_032651.1,8245553,8783472,8783473,t,ta,1
NC_037329.1,NC_032651.1,8247793,8785712,8785722,a,aacaccgatac,10
NC_037329.1,NC_032651.1,8248163,8786080,8786082,a,aac,2
NC_037329.1,NC_032651.1,8248453,8786370,8786371,T,TG,1
NC_037329.1,NC_032651.1,8249045,8786967,8786969,c,ctt,2
NC_037329.1,NC_032651.1,8252082,8790005,8790006,a,ag,1
NC_037329.1,NC_032651.1,8261709,8799730,8799731,a,ag,1
NC_037329.1,NC_032651.1,8267210,8805128,8805129,G,GC,1
NC_037329.1,NC_032651.1,8267616,8805535,8805578,G,GAATTAATNNNNNNNNNNNNNNNNNNNNNNNNNNNNNNNNNTAA,43
NC_037329.1,NC_032651.1,8280065,8818028,8818029,g,ga,1
NC_037329.1,NC_032651.1,8303969,8841881,8841882,t,ta,1
NC_037329.1,NC_032651.1,8306135,8844049,8844050,g,gc,1
NC_037329.1,NC_032651.1,8327929,8866069,8866070,g,ga,1
NC_037329.1,NC_032651.1,8375944,8913960,8913962,a,aat,2
NC_037329.1,NC_032651.1,8398340,8936076,8936077,t,tg,1
NC_037329.1,NC_032651.1,8398392,8936129,8936131,C,CAG,2
NC_037329.1,NC_032651.1,8404485,8942224,8942229,t,tgatga,5
NC_037329.1,NC_032651.1,8404487,8942231,8942237,t,tgacaag,6
NC_037329.1,NC_032651.1,8412018,8949768,8949769,c,ca,1
NC_037329.1,NC_032651.1,8412124,8949875,8949876,A,AR,1
NC_037329.1,NC_032651.1,8412594,8950350,8950352,a,aat,2
NC_037329.1,NC_032651.1,8416892,8954647,8954648,a,at,1
NC_037329.1,NC_032651.1,8425833,8963589,8963590,G,GA,1
NC_037329.1,NC_032651.1,8427613,8965371,8965373,a,aat,2
NC_037329.1,NC_032651.1,8445099,8982870,8982871,c,ct,1
NC_037329.1,NC_032651.1,8462696,9000475,9000476,T,TG,1
NC_037329.1,NC_032651.1,8492061,9029859,9029860,T,TG,1
NC_037329.1,NC_032651.1,8493671,9031467,9031468,a,ag,1
NC_037329.1,NC_032651.1,8494192,9031989,9031990,g,ga,1
NC_037329.1,NC_032651.1,8494490,9032285,9032286,t,tc,1
NC_037329.1,NC_032651.1,8496150,9033946,9033947,a,at,1
NC_037329.1,NC_032651.1,8496177,9033974,9033979,a,atattg,5
NC_037329.1,NC_032651.1,8498209,9036009,9036013,a,aattt,4
NC_037329.1,NC_032651.1,8498322,9036126,9036127,c,ct,1
NC_037329.1,NC_032651.1,8504457,9041582,9041583,g,ga,1
NC_037329.1,NC_032651.1,8561142,9098162,9098164,a,aag,2
NC_037329.1,NC_032651.1,8646617,9183649,9183659,c,ccatccctttt,10
NC_037329.1,NC_032651.1,8646617,9189428,9189438,c,ccatccctttt,10
NC_037329.1,NC_032651.1,8646660,9183702,9183708,c,catAAAA,6
NC_037329.1,NC_032651.1,8647390,9190211,9190215,c,catgg,4
NC_037329.1,NC_032651.1,8648795,9185841,9185842,t,tc,1
NC_037329.1,NC_032651.1,8648795,9191623,9191624,t,tc,1
NC_037329.1,NC_032651.1,8709642,9252472,9252474,a,aNN,2
NC_037329.1,NC_032651.1,8747985,9298349,9298351,c,caa,2
NC_037329.1,NC_032651.1,8778266,9328637,9328639,t,tNN,2
NC_037329.1,NC_032651.1,8785455,9335666,9335670,t,tNNNN,4
NC_037329.1,NC_032651.1,8794896,9345111,9345112,c,ct,1
NC_037329.1,NC_032651.1,8813413,9363629,9363630,c,ca,1
NC_037329.1,NC_032651.1,8815296,9365514,9365515,t,tg,1
NC_037329.1,NC_032651.1,8815308,9365527,9365528,c,ca,1
NC_037329.1,NC_032651.1,8815335,9365555,9365556,a,aM,1
NC_037329.1,NC_032651.1,8825427,9375653,9375654,G,GA,1
NC_037329.1,NC_032651.1,8828050,9378277,9378278,G,GC,1
NC_037329.1,NC_032651.1,8830206,9380427,9380428,a,aM,1
NC_037329.1,NC_032651.1,8830215,9380437,9380439,t,taa,2
NC_037329.1,NC_032651.1,8838092,9388319,9388327,t,tNNNNNNNN,8
NC_037329.1,NC_032651.1,8841540,9391774,9391777,a,agag,3
NC_037329.1,NC_032651.1,8943074,9494055,9494057,a,aag,2
NC_037329.1,NC_032651.1,8980647,9532083,9532084,c,ca,1
NC_037329.1,NC_032651.1,9019372,9570810,9570813,A,AAAT,3
NC_037329.1,NC_032651.1,9047895,9600257,9600258,t,tN,1
NC_037329.1,NC_032651.1,9152076,9719942,9719943,a,ac,1
NC_037329.1,NC_032651.1,9161786,9729654,9729655,A,AC,1
NC_037329.1,NC_032651.1,9179976,9747851,9747855,g,gtcgA,4
NC_037329.1,NC_032651.1,9332125,9900341,9900342,t,tW,1
NC_037329.1,NC_032651.1,9351867,9920087,9920088,c,ct,1
NC_037329.1,NC_032651.1,9377812,9946041,9946042,A,AG,1
NC_037329.1,NC_032651.1,9402732,9970982,9970983,G,GA,1
NC_037329.1,NC_032651.1,9407249,9975500,9975501,T,TC,1
NC_037329.1,NC_032651.1,9443586,10011843,10011844,g,ga,1
NC_037329.1,NC_032651.1,9478135,10046402,10046404,g,gac,2
NC_037329.1,NC_032651.1,9583610,10156113,10156114,C,CA,1
NC_037329.1,NC_032651.1,9583693,10156197,10156198,G,GC,1
NC_037329.1,NC_032651.1,9592562,10165067,10165068,C,CA,1
NC_037329.1,NC_032651.1,9706523,10271537,10271538,T,TG,1
NC_037329.1,NC_032651.1,9904431,10469479,10469480,t,tC,1
NC_037329.1,NC_032651.1,10117220,10567729,10567731,a,aNN,2
NC_037329.1,NC_032651.1,10140903,10591319,10591320,c,ct,1
NC_037329.1,NC_032651.1,10182523,10634391,10634392,C,CY,1
NC_037329.1,NC_032651.1,10237119,10688989,10688991,t,tNN,2
NC_037329.1,NC_032651.1,10261008,10714116,10714117,t,ta,1
NC_037329.1,NC_032651.1,10269216,10722326,10722328,a,act,2
NC_037329.1,NC_032651.1,10271433,10724546,10724547,t,tg,1
NC_037329.1,NC_032651.1,10349619,10803231,10803232,c,ct,1
NC_037329.1,NC_032651.1,10355936,10809802,10809804,a,aNN,2
NC_037329.1,NC_032651.1,10427736,10881528,10881529,g,ga,1
NC_037329.1,NC_032651.1,10449459,10903960,10903961,a,ag,1
NC_037329.1,NC_032651.1,10465531,10920037,10920042,g,gtgtca,5
NC_037329.1,NC_032651.1,10613108,11067178,11067182,t,tatag,4
NC_037329.1,NC_032651.1,10741837,11137650,11137651,G,GT,1
NC_037329.1,NC_032651.1,10759371,11155176,11155177,C,CY,1
NC_037329.1,NC_032651.1,10994776,11268571,11268572,g,gt,1
NC_037329.1,NC_032651.1,10994801,11268597,11268599,c,ctt,2
NC_037329.1,NC_032651.1,11233976,11509097,11509098,c,ct,1
NC_037329.1,NC_032651.1,11286837,11561960,11561961,a,ag,1
NC_037329.1,NC_032651.1,11324604,11599730,11599731,t,tN,1
NC_037329.1,NC_032651.1,11348810,11623940,11623942,c,cct,2
NC_037329.1,NC_032651.1,11463456,11738589,11738590,t,tg,1
NC_037329.1,NC_032651.1,11749509,12035770,12035771,g,ga,1
NC_037329.1,NC_032651.1,11749522,12035784,12035785,t,tc,1
NC_037329.1,NC_032651.1,11796923,12097373,12097374,A,AN,1
NC_037329.1,NC_032651.1,11952647,12253029,12253030,t,ta,1
NC_037329.1,NC_032651.1,12034207,12334590,12334591,C,CA,1
NC_037329.1,NC_032651.1,12034248,12334633,12334634,t,tc,1
NC_037329.1,NC_032651.1,12246502,12568682,12568683,A,AT,1
NC_037329.1,NC_032651.1,12327836,12653396,12653397,t,ta,1
NC_037329.1,NC_032651.1,12392903,12718466,12718467,c,ct,1
NC_037329.1,NC_032651.1,12536220,12861773,12861774,a,at,1
NC_037329.1,NC_032651.1,12542984,12868539,12868540,c,cN,1
NC_037329.1,NC_032651.1,12627312,12954089,12954090,A,AW,1
NC_037329.1,NC_032651.1,12700260,13026690,13026691,T,TW,1
NC_037329.1,NC_032651.1,12702032,13028462,13028464,c,cca,2
NC_037329.1,NC_032651.1,12706792,13033222,13033223,t,tg,1
NC_037329.1,NC_032651.1,12713416,13039845,13039846,t,tc,1
NC_037329.1,NC_032651.1,12713759,13040189,13040193,t,tttgc,4
NC_037329.1,NC_032651.1,12718490,13044924,13044925,G,GR,1
NC_037329.1,NC_032651.1,12738245,13064674,13064686,c,catatatatatat,12
NC_037329.1,NC_032651.1,12754654,13079494,13079495,t,ta,1
NC_037329.1,NC_032651.1,12760501,13085346,13085347,g,ga,1
NC_037329.1,NC_032651.1,12762057,13086901,13086902,C,CA,1
NC_037329.1,NC_032651.1,12774069,13098917,13098918,T,TA,1
NC_037329.1,NC_032651.1,12775112,13099961,13099962,G,GR,1
NC_037329.1,NC_032651.1,12805644,13130493,13130494,A,AW,1
NC_037329.1,NC_032651.1,12814573,13139429,13139445,c,cccaaagaaaggcaatg,16
NC_037329.1,NC_032651.1,12817359,13142234,13142242,G,GCCATTGAA,8
NC_037329.1,NC_032651.1,12894316,13218793,13218794,c,ct,1
NC_037329.1,NC_032651.1,12924918,13248953,13248954,C,CT,1
NC_037329.1,NC_032651.1,13075059,13403433,13403434,c,ca,1
NC_037329.1,NC_032651.1,13076505,13404888,13404893,t,taaaaa,5
NC_037329.1,NC_032651.1,13082014,13409378,13409379,t,tg,1
NC_037329.1,NC_032651.1,13088189,13415554,13415570,T,TCTGAGTCACTGGAAGA,16
NC_037329.1,NC_032651.1,13099562,13426953,13426954,a,ag,1
NC_037329.1,NC_032651.1,13099820,13427211,13427212,t,ta,1
NC_037329.1,NC_032651.1,13624175,14004131,14004132,a,ac,1
NC_037329.1,NC_032651.1,13663252,14043289,14043290,T,TA,1
NC_037329.1,NC_032651.1,13800160,14179668,14179669,C,CT,1
NC_037329.1,NC_032651.1,13958194,14375562,14375563,a,ag,1
NC_037329.1,NC_032651.1,14136962,14558063,14558064,c,ct,1
NC_037329.1,NC_032651.1,14175555,14596864,14596865,t,tc,1
NC_037329.1,NC_032651.1,14197514,14625221,14625222,a,at,1
NC_037329.1,NC_032651.1,14273842,14714282,14714283,a,ac,1
NC_037329.1,NC_032651.1,14274049,14714491,14714492,c,ca,1
NC_037329.1,NC_032651.1,14318724,14759173,14759186,t,tagaggaaaacaac,13
NC_037329.1,NC_032651.1,14419997,14860489,14860490,a,at,1
NC_037329.1,NC_032651.1,14437437,14878491,14878492,G,GA,1
NC_037329.1,NC_032651.1,14466075,14907296,14907298,t,tgc,2
NC_037329.1,NC_032651.1,14479983,14921226,14921227,C,CA,1
NC_037329.1,NC_032651.1,14489982,14931238,14931244,a,aaaaaag,6
NC_037329.1,NC_032651.1,14490145,14931407,14931409,C,CTT,2
NC_037329.1,NC_032651.1,14514967,14956095,14956096,T,TA,1
NC_037329.1,NC_032651.1,14613815,15054953,15054954,C,CY,1
NC_037329.1,NC_032651.1,14760404,15201804,15201805,G,GS,1
NC_037329.1,NC_032651.1,14808572,15250013,15250019,a,atctatt,6
NC_037329.1,NC_032651.1,14901872,15343327,15343328,T,TA,1
NC_037329.1,NC_032651.1,14907088,15348548,15348551,C,CAAT,3
NC_037329.1,NC_032651.1,14917367,15358841,15358842,T,TC,1
NC_037329.1,NC_032651.1,14978495,15420871,15420872,C,CA,1
NC_037329.1,NC_032651.1,15014565,15484043,15484044,c,ct,1
NC_037329.1,NC_032651.1,15015703,15485182,15485183,a,ac,1
NC_037329.1,NC_032651.1,15020775,15490255,15490257,C,CAS,2
NC_037329.1,NC_032651.1,15023182,15492665,15492668,G,GTAC,3
NC_037329.1,NC_032651.1,15104324,15573840,15573841,G,GC,1
NC_037329.1,NC_032651.1,15153374,15622897,15622898,A,AG,1
NC_037329.1,NC_032651.1,15155788,15625312,15625313,t,ta,1
NC_037329.1,NC_032651.1,15182162,15651880,15651881,a,at,1
NC_037329.1,NC_032651.1,15183455,15653174,15653176,t,taa,2
NC_037329.1,NC_032651.1,15184794,15654515,15654521,a,aNNNNNN,6
NC_037329.1,NC_032651.1,15187506,15657232,15657233,c,ct,1
NC_037329.1,NC_032651.1,15216789,15698045,15698051,A,ACTACTT,6
NC_037329.1,NC_032651.1,15269408,15751516,15751520,a,atatN,4
NC_037329.1,NC_032651.1,15272121,15754233,15754234,T,TW,1
NC_037329.1,NC_032651.1,15289845,15771900,15771901,c,ca,1
NC_037329.1,NC_032651.1,15293893,15775949,15775950,t,tg,1
NC_037329.1,NC_032651.1,15299355,15781420,15781421,G,GA,1
NC_037329.1,NC_032651.1,15302669,15784735,15784736,t,ta,1
NC_037329.1,NC_032651.1,15304116,15786183,15786186,t,tttc,3
NC_037329.1,NC_032651.1,15310290,15792361,15792366,T,TAATTA,5
NC_037329.1,NC_032651.1,15335638,15817699,15817700,g,gR,1
NC_037329.1,NC_032651.1,15335941,15818003,15818004,A,AC,1
NC_037329.1,NC_032651.1,15335999,15818062,15818063,c,ca,1
NC_037329.1,NC_032651.1,15336108,15818172,15818173,a,at,1
NC_037329.1,NC_032651.1,15343006,15825071,15825072,a,at,1
NC_037329.1,NC_032651.1,15343513,15825581,15825588,A,ATTTTSTT,7
NC_037329.1,NC_032651.1,15344129,15826204,15826206,c,cct,2
NC_037329.1,NC_032651.1,15345139,15827223,15827225,c,ctt,2
NC_037329.1,NC_032651.1,15346521,15828606,15828607,t,tg,1
NC_037329.1,NC_032651.1,15391589,15873746,15873747,a,at,1
NC_037329.1,NC_032651.1,15391596,15873754,15873755,g,ga,1
NC_037329.1,NC_032651.1,15444561,15926725,15926727,a,aag,2
NC_037329.1,NC_032651.1,15529219,16010836,16010837,t,ta,1
NC_037329.1,NC_032651.1,15543952,16025565,16025566,c,ca,1
NC_037329.1,NC_032651.1,15544837,16026451,16026452,g,ga,1
NC_037329.1,NC_032651.1,15546681,16028298,16028299,a,ag,1
NC_037329.1,NC_032651.1,15559597,16041213,16041214,g,gc,1
NC_037329.1,NC_032651.1,15593147,16074777,16074788,T,TCAAAGAGGATG,11
NC_037329.1,NC_032651.1,15603258,16084899,16084900,c,ct,1
NC_037329.1,NC_032651.1,15643065,16124666,16124667,C,CM,1
NC_037329.1,NC_032651.1,15654198,16135801,16135802,T,TY,1
NC_037329.1,NC_032651.1,15654874,16136476,16136478,G,GGT,2
NC_037329.1,NC_032651.1,15674957,16155043,16155044,g,ga,1
NC_037329.1,NC_032651.1,15681489,16161245,16161247,A,AGT,2
NC_037329.1,NC_032651.1,15697846,16177617,16177618,t,ta,1
NC_037329.1,NC_032651.1,15866425,16383285,16383286,C,CT,1
NC_037329.1,NC_032651.1,15886666,16403528,16403545,T,TWCACAATTCTTAATTGA,17
NC_037329.1,NC_032651.1,15899781,16416382,16416383,A,AW,1
NC_037329.1,NC_032651.1,15934884,16455662,16455663,g,ga,1
NC_037329.1,NC_032651.1,15940503,16461282,16461284,G,GTT,2
NC_037329.1,NC_032651.1,15969169,16489939,16489940,t,ta,1
NC_037329.1,NC_032651.1,15978630,16499958,16499960,A,AGC,2
NC_037329.1,NC_032651.1,15990225,16511543,16511544,A,AC,1
NC_037329.1,NC_032651.1,16026049,16547176,16547177,G,GA,1
NC_037329.1,NC_032651.1,16130016,16650704,16650705,c,ct,1
NC_037329.1,NC_032651.1,16246716,16765689,16765704,a,agNNNNNNNNNNNNNN,15
NC_037329.1,NC_032651.1,16310537,16828330,16828331,T,TA,1
NC_037329.1,NC_032651.1,16323858,16841652,16841666,c,cggcgcaccttctca,14
NC_037329.1,NC_032651.1,16327304,16845114,16845115,t,tc,1
NC_037329.1,NC_032651.1,16379121,16934145,16934146,C,CA,1
NC_037329.1,NC_032651.1,16397066,16884477,16884478,A,AG,1
NC_037329.1,NC_032651.1,16402380,16890064,16890065,G,GT,1
NC_037329.1,NC_032651.1,16420883,16908110,16908112,a,aat,2
NC_037329.1,NC_032651.1,16460205,17058616,17058617,C,CA,1
NC_037329.1,NC_032651.1,16471460,17068983,17068985,t,ttc,2
NC_037329.1,NC_032651.1,16481246,17077715,17077725,g,gtaaaaaaaaa,10
NC_037329.1,NC_032651.1,16527256,17098159,17098160,G,GT,1
NC_037329.1,NC_032651.1,16529130,17100034,17100035,G,GA,1
NC_037329.1,NC_032651.1,16529999,17100904,17100905,a,ac,1
NC_037329.1,NC_032651.1,16546208,17117109,17117111,A,AAT,2
NC_037329.1,NC_032651.1,16662678,17235075,17235076,T,TC,1
NC_037329.1,NC_032651.1,16663909,17236307,17236308,a,at,1
NC_037329.1,NC_032651.1,16689138,17261542,17261544,c,ctt,2
NC_037329.1,NC_032651.1,16694222,17266627,17266628,a,ag,1
NC_037329.1,NC_032651.1,17376973,17947496,17947497,T,TC,1
NC_037329.1,NC_032651.1,17487178,18073324,18073326,T,TAG,2
NC_037329.1,NC_032651.1,17615269,18118331,18118332,a,at,1
NC_037329.1,NC_032651.1,17641816,18144316,18144319,G,GTGC,3
NC_037329.1,NC_032651.1,17652436,18154946,18154947,g,gt,1
NC_037329.1,NC_032651.1,17670553,18173298,18173303,a,ataaat,5
NC_037329.1,NC_032651.1,17670558,18173308,18173311,a,aaat,3
NC_037329.1,NC_032651.1,17671412,18174175,18174176,a,at,1
NC_037329.1,NC_032651.1,17680402,18182868,18182870,g,gtt,2
NC_037329.1,NC_032651.1,17689405,18191943,18191946,G,GAGT,3
NC_037329.1,NC_032651.1,17703740,18201878,18201879,T,TG,1
NC_037329.1,NC_032651.1,17709027,18207078,18207080,g,ggt,2
NC_037329.1,NC_032651.1,17711214,18209269,18209270,A,AG,1
NC_037329.1,NC_032651.1,17714702,18212764,18212765,a,at,1
NC_037329.1,NC_032651.1,17717027,18215093,18215094,t,ta,1
NC_037329.1,NC_032651.1,17722388,18220456,18220459,C,CAGA,3
NC_037329.1,NC_032651.1,17729559,18227616,18227617,c,ca,1
NC_037329.1,NC_032651.1,17734149,18232147,18232148,G,GC,1
NC_037329.1,NC_032651.1,17734169,18232168,18232169,G,GA,1
NC_037329.1,NC_032651.1,17746081,18244088,18244093,a,aaggtc,5
NC_037329.1,NC_032651.1,17749692,18247701,18247702,T,TC,1
NC_037329.1,NC_032651.1,17756518,18254551,18254552,T,TG,1
NC_037329.1,NC_032651.1,17790040,18288081,18288082,c,ct,1
NC_037329.1,NC_032651.1,17793787,18291828,18291832,g,ggtgt,4
NC_037329.1,NC_032651.1,17797783,18296344,18296345,T,TC,1
NC_037329.1,NC_032651.1,17798853,18297415,18297416,t,ta,1
NC_037329.1,NC_032651.1,17800734,18299298,18299300,g,gaa,2
NC_037329.1,NC_032651.1,17815944,18314510,18314511,c,cg,1
NC_037329.1,NC_032651.1,17838403,18372319,18372320,g,ga,1
NC_037329.1,NC_032651.1,17868597,18401978,18401979,g,gc,1
NC_037329.1,NC_032651.1,17893964,18427401,18427402,A,AM,1
NC_037329.1,NC_032651.1,17898578,18432013,18432014,t,tc,1
NC_037329.1,NC_032651.1,18102964,18636229,18636230,G,GT,1
NC_037329.1,NC_032651.1,18124547,18658360,18658361,C,CT,1
NC_037329.1,NC_032651.1,18126192,18660005,18660008,A,AARC,3
NC_037329.1,NC_032651.1,18164444,18698264,18698267,A,AAAK,3
NC_037329.1,NC_032651.1,18182810,18716632,18716637,C,CTAAAT,5
NC_037329.1,NC_032651.1,18374204,18908639,18908640,G,GA,1
NC_037329.1,NC_032651.1,18379199,18913634,18913635,a,ag,1
NC_037329.1,NC_032651.1,18396915,18931352,18931353,a,ac,1
NC_037329.1,NC_032651.1,18462059,18996502,18996503,c,ct,1
NC_037329.1,NC_032651.1,18478008,19013026,19013027,G,GS,1
NC_037329.1,NC_032651.1,18484952,19019969,19019970,a,ag,1
NC_037329.1,NC_032651.1,18562635,19097692,19097693,t,tg,1
NC_037329.1,NC_032651.1,18564739,19099794,19099795,A,AR,1
NC_037329.1,NC_032651.1,18566088,19101152,19101153,g,ga,1
NC_037329.1,NC_032651.1,18571714,19106913,19106914,T,TC,1
NC_037329.1,NC_032651.1,18584066,19133494,19133496,A,ATT,2
NC_037329.1,NC_032651.1,18605505,19154930,19154931,G,GR,1
NC_037329.1,NC_032651.1,18606132,19155558,19155559,T,TY,1
NC_037329.1,NC_032651.1,18608432,19157898,19157899,C,CT,1
NC_037329.1,NC_032651.1,18610641,19160123,19160126,T,TAGA,3
NC_037329.1,NC_032651.1,18620047,19169535,19169536,t,tg,1
NC_037329.1,NC_032651.1,18620632,19170121,19170122,T,TC,1
NC_037329.1,NC_032651.1,18672834,19222163,19222164,A,AR,1
NC_037329.1,NC_032651.1,18684368,19233885,19233886,G,GK,1
NC_037329.1,NC_032651.1,18728570,19277862,19277864,t,tNN,2
NC_037329.1,NC_032651.1,18748282,19297609,19297610,C,CY,1
NC_037329.1,NC_032651.1,18804192,19353519,19353521,c,ctt,2
NC_037329.1,NC_032651.1,18828050,19377382,19377385,c,cttt,3
NC_037329.1,NC_032651.1,18829596,19378931,19378932,t,ta,1
NC_037329.1,NC_032651.1,18829902,19379238,19379240,C,CCS,2
NC_037329.1,NC_032651.1,18832193,19381531,19381532,G,GA,1
NC_037329.1,NC_032651.1,18871162,19420917,19420918,T,TA,1
NC_037329.1,NC_032651.1,18943450,19497334,19497341,G,GTGAGCTS,7
NC_037329.1,NC_032651.1,18945351,19499243,19499246,a,acat,3
NC_037329.1,NC_032651.1,18950224,19503854,19503855,g,ga,1
NC_037329.1,NC_032651.1,19134539,19691015,19691022,C,CTGAGATT,7
NC_037329.1,NC_032651.1,19276002,19829375,19829376,t,ta,1
NC_037329.1,NC_032651.1,19495840,20060260,20060262,t,tNN,2
NC_037329.1,NC_032651.1,19639766,20204985,20204986,A,AC,1
NC_037329.1,NC_032651.1,19734096,20299377,20299378,C,CT,1
NC_037329.1,NC_032651.1,19805267,20370658,20370659,a,at,1
NC_037329.1,NC_032651.1,19820793,20386186,20386187,T,TG,1
NC_037329.1,NC_032651.1,19824727,20390123,20390124,C,CM,1
NC_037329.1,NC_032651.1,19831635,20397032,20397033,T,TK,1
NC_037329.1,NC_032651.1,19844265,20409668,20409671,c,cttg,3
NC_037329.1,NC_032651.1,19844273,20409679,20409680,a,ag,1
NC_037329.1,NC_032651.1,19878560,20443969,20443971,G,GGT,2
NC_037329.1,NC_032651.1,19905068,20469911,20469912,A,AM,1
NC_037329.1,NC_032651.1,19954933,20519631,20519632,c,ct,1
NC_037329.1,NC_032651.1,19987297,20607871,20607872,G,GN,1
NC_037329.1,NC_032651.1,20021464,20641935,20641936,c,ca,1
NC_037329.1,NC_032651.1,20029646,20650003,20650006,t,taaa,3
NC_037329.1,NC_032651.1,20048690,20668880,20668881,c,ct,1
NC_037329.1,NC_032651.1,20052943,20673135,20673139,C,CAACM,4
NC_037329.1,NC_032651.1,20093531,20713651,20713652,t,ta,1
NC_037329.1,NC_032651.1,20156653,20776781,20776788,A,AGTATGWW,7
NC_037329.1,NC_032651.1,20231689,20851831,20851832,A,AG,1
NC_037329.1,NC_032651.1,20233115,20853262,20853263,C,CY,1
NC_037329.1,NC_032651.1,20260805,20880922,20880923,c,ct,1
NC_037329.1,NC_032651.1,20483147,21101836,21101838,t,tcc,2
NC_037329.1,NC_032651.1,20484648,21103328,21103329,G,GT,1
NC_037329.1,NC_032651.1,20502709,21121397,21121398,c,ct,1
NC_037329.1,NC_032651.1,20605145,21251550,21251551,G,GT,1
NC_037329.1,NC_032651.1,20643339,21289664,21289665,A,AY,1
NC_037329.1,NC_032651.1,20675014,21321274,21321275,T,TG,1
NC_037329.1,NC_032651.1,20695340,21341601,21341602,G,GA,1
NC_037329.1,NC_032651.1,20740944,21387208,21387233,C,CNNNNNNNNNNNNNNNNNNNNNNNNN,25
NC_037329.1,NC_032651.1,20741024,21387313,21387314,C,CT,1
NC_037329.1,NC_032651.1,20765090,21411385,21411386,a,ac,1
NC_037329.1,NC_032651.1,20824655,21471044,21471045,c,ct,1
NC_037329.1,NC_032651.1,20824662,21471052,21471053,t,tc,1
NC_037329.1,NC_032651.1,20840311,21487073,21487074,a,at,1
NC_037329.1,NC_032651.1,20844389,21491153,21491157,G,GCAAC,4
NC_037329.1,NC_032651.1,20941136,21582518,21582519,T,TC,1
NC_037329.1,NC_032651.1,21024965,21669464,21669465,T,TA,1
NC_037329.1,NC_032651.1,21024970,21669470,21669471,C,CT,1
NC_037329.1,NC_032651.1,21065180,21709688,21709696,C,CACTCTCAM,8
NC_037329.1,NC_032651.1,21212485,21858449,21858450,g,gc,1
NC_037329.1,NC_032651.1,21229786,21875715,21875716,C,CT,1
NC_037329.1,NC_032651.1,21239025,21895377,21895379,t,tca,2
NC_037329.1,NC_032651.1,21265457,21921818,21921819,c,ca,1
NC_037329.1,NC_032651.1,21266125,21922487,21922488,A,AG,1
NC_037329.1,NC_032651.1,21269923,21926286,21926287,T,TY,1
NC_037329.1,NC_032651.1,21320881,21977262,21977263,C,CM,1
NC_037329.1,NC_032651.1,21329445,21985832,21985833,A,AR,1
NC_037329.1,NC_032651.1,21343287,21999612,21999613,t,tc,1
NC_037329.1,NC_032651.1,21355017,22014359,22014360,a,aM,1
NC_037329.1,NC_032651.1,21450774,22110532,22110533,A,AG,1
NC_037329.1,NC_032651.1,21454407,22113935,22113938,C,CAAT,3
NC_037329.1,NC_032651.1,21463074,22122605,22122608,T,TAGA,3
NC_037329.1,NC_032651.1,21468149,22127683,22127684,C,CT,1
NC_037329.1,NC_032651.1,21475128,22134654,22134655,g,gt,1
NC_037329.1,NC_032651.1,21476834,22136361,22136376,A,AAAGTCTTTGCTTTTC,15
NC_037329.1,NC_032651.1,21503258,22162750,22162751,g,gc,1
NC_037329.1,NC_032651.1,21520977,22180227,22180228,G,GC,1
NC_037329.1,NC_032651.1,21521017,22180268,22180270,C,CTT,2
NC_037329.1,NC_032651.1,21556629,22216353,22216355,A,AAT,2
NC_037329.1,NC_032651.1,21607991,22217104,22217105,c,ct,1
NC_037329.1,NC_032651.1,21667963,22277101,22277102,c,cg,1
NC_037329.1,NC_032651.1,21780984,22427464,22427466,t,ttc,2
NC_037329.1,NC_032651.1,21822988,22469474,22469475,A,AM,1
NC_037329.1,NC_032651.1,21836401,22483636,22483638,a,aat,2
NC_037329.1,NC_032651.1,21862969,22510217,22510218,G,GW,1
NC_037329.1,NC_032651.1,21863599,22510847,22510848,A,AC,1
NC_037329.1,NC_032651.1,21866684,22513935,22513939,c,ctttt,4
NC_037329.1,NC_032651.1,21881708,22528965,22528966,G,GA,1
NC_037329.1,NC_032651.1,21885955,22558300,22558301,A,AT,1
NC_037329.1,NC_032651.1,21940399,22535274,22535275,t,tc,1
NC_037329.1,NC_032651.1,21943883,22538765,22538768,c,cgtt,3
NC_037329.1,NC_032651.1,22009934,22631105,22631106,A,AC,1
NC_037329.1,NC_032651.1,22043776,22664939,22664940,A,AG,1
NC_037329.1,NC_032651.1,22058796,22679963,22679964,c,ca,1
NC_037329.1,NC_032651.1,22064708,22685881,22685882,C,CY,1
NC_037329.1,NC_032651.1,22064763,22685937,22685938,A,AT,1
NC_037329.1,NC_032651.1,22080709,22701889,22701890,A,AG,1
NC_037329.1,NC_032651.1,22129709,22750896,22750897,C,CY,1
NC_037329.1,NC_032651.1,22157382,22778574,22778576,a,aaN,2
NC_037329.1,NC_032651.1,22225756,22846959,22846960,T,TA,1
NC_037329.1,NC_032651.1,22293420,22926120,22926121,T,TA,1
NC_037329.1,NC_032651.1,22299924,22932625,22932637,G,GCAAGAGAGATTK,12
NC_037329.1,NC_032651.1,22300292,22933005,22933006,g,ga,1
NC_037329.1,NC_032651.1,22345432,22978154,22978166,C,CTTGCTTATAAGT,12
NC_037329.1,NC_032651.1,22397106,23029287,23029288,c,ct,1
NC_037329.1,NC_032651.1,22433059,23064378,23064379,a,at,1
NC_037329.1,NC_032651.1,22504507,23188955,23188956,C,CT,1
NC_037329.1,NC_032651.1,22512782,23197237,23197238,g,gt,1
NC_037329.1,NC_032651.1,22516155,23200611,23200612,t,ta,1
NC_037329.1,NC_032651.1,22516583,23201039,23201043,A,AGAAT,4
NC_037329.1,NC_032651.1,22516991,23201452,23201453,c,ct,1
NC_037329.1,NC_032651.1,22521834,23206295,23206296,T,TK,1
NC_037329.1,NC_032651.1,22535558,23220059,23220060,C,CA,1
NC_037329.1,NC_032651.1,22535788,23220290,23220291,a,at,1
NC_037329.1,NC_032651.1,22580333,23264895,23264896,A,AW,1
NC_037329.1,NC_032651.1,22583220,23267783,23267784,T,TC,1
NC_037329.1,NC_032651.1,22639869,23324926,23324930,a,agtgc,4
NC_037329.1,NC_032651.1,22639880,23324941,23324942,a,ag,1
NC_037329.1,NC_032651.1,22665171,23350230,23350231,g,gt,1
NC_037329.1,NC_032651.1,22736044,23461186,23461187,c,ca,1
NC_037329.1,NC_032651.1,22792301,23517445,23517446,c,ct,1
NC_037329.1,NC_032651.1,22825603,23549738,23549740,C,CAA,2
NC_037329.1,NC_032651.1,22920207,23644348,23644349,t,tg,1
NC_037329.1,NC_032651.1,22942233,23666375,23666376,C,CY,1
NC_037329.1,NC_032651.1,22951614,23675435,23675436,G,GA,1
NC_037329.1,NC_032651.1,23000472,23749212,23749213,g,gt,1
NC_037329.1,NC_032651.1,23011851,23760587,23760589,t,tga,2
NC_037329.1,NC_032651.1,23188865,23939361,23939363,A,ACT,2
NC_037329.1,NC_032651.1,23226135,23976646,23976652,t,tagcagc,6
NC_037329.1,NC_032651.1,23266767,24014140,24014148,c,cctctctct,8
NC_037329.1,NC_032651.1,23271630,24019011,24019012,G,GA,1
NC_037329.1,NC_032651.1,23316228,24063611,24063612,A,AW,1
NC_037329.1,NC_032651.1,23422944,24175003,24175005,A,ACC,2
NC_037329.1,NC_032651.1,23452297,24204359,24204361,t,tta,2
NC_037329.1,NC_032651.1,23483189,24235256,24235257,A,AM,1
NC_037329.1,NC_032651.1,23555169,24307343,24307344,t,ta,1
NC_037329.1,NC_032651.1,23564970,24317143,24317144,c,ct,1
NC_037329.1,NC_032651.1,23565754,24317928,24317929,t,tc,1
NC_037329.1,NC_032651.1,23601300,24353507,24353508,T,TA,1
NC_037329.1,NC_032651.1,23605610,24357833,24357834,G,GR,1
NC_037329.1,NC_032651.1,23683620,24453225,24453226,T,TW,1
NC_037329.1,NC_032651.1,23842876,24612046,24612057,a,agtgctcagctc,11
NC_037329.1,NC_032651.1,23919356,24693932,24693933,t,tc,1
NC_037329.1,NC_032651.1,23973632,24749900,24749901,C,CT,1
NC_037329.1,NC_032651.1,23973650,24749919,24749920,T,TA,1
NC_037329.1,NC_032651.1,23973656,24749926,24749927,T,TC,1
NC_037329.1,NC_032651.1,24056757,24833009,24833010,t,ta,1
NC_037329.1,NC_032651.1,24270096,25062065,25062066,C,CY,1
NC_037329.1,NC_032651.1,24297175,25089036,25089037,T,TA,1
NC_037329.1,NC_032651.1,24307221,25099229,25099231,T,TCC,2
NC_037329.1,NC_032651.1,24317417,25109779,25109780,G,GA,1
NC_037329.1,NC_032651.1,24320894,25113249,25113251,A,AAG,2
NC_037329.1,NC_032651.1,24338678,25134543,25134544,G,GT,1
NC_037329.1,NC_032651.1,24338682,25134548,25134549,G,GT,1
NC_037329.1,NC_032651.1,24339119,25134986,25134987,G,GT,1
NC_037329.1,NC_032651.1,24350581,25146451,25146452,C,CY,1
NC_037329.1,NC_032651.1,24459702,25280757,25280758,a,at,1
NC_037329.1,NC_032651.1,24484537,25305763,25305766,T,TTTA,3
NC_037329.1,NC_032651.1,24495962,25317196,25317197,T,TY,1
NC_037329.1,NC_032651.1,24503084,25323654,25323655,C,CT,1
NC_037329.1,NC_032651.1,24506568,25327142,25327143,t,tc,1
NC_037329.1,NC_032651.1,24529348,25350027,25350028,t,tc,1
NC_037329.1,NC_032651.1,24541512,25363773,25363774,c,ca,1
NC_037329.1,NC_032651.1,24543001,25365265,25365266,A,AM,1
NC_037329.1,NC_032651.1,24565727,25387992,25387994,a,agg,2
NC_037329.1,NC_032651.1,24627023,25448618,25448619,g,gt,1
NC_037329.1,NC_032651.1,24627079,25448675,25448677,t,tCC,2
NC_037329.1,NC_032651.1,24676398,25498991,25498992,A,AG,1
NC_037329.1,NC_032651.1,24685018,25507615,25507616,G,GS,1
NC_037329.1,NC_032651.1,24759006,25581616,25581621,T,TCAGGC,5
NC_037329.1,NC_032651.1,24762163,25584778,25584785,A,ATTTTAAC,7
NC_037329.1,NC_032651.1,24766712,25589174,25589175,T,TG,1
NC_037329.1,NC_032651.1,24837541,25659612,25659614,C,CTA,2
NC_037329.1,NC_032651.1,24839579,25661652,25661656,t,taaaa,4
NC_037329.1,NC_032651.1,24839599,25661676,25661678,c,ctt,2
NC_037329.1,NC_032651.1,24839994,25662073,25662075,T,TGA,2
NC_037329.1,NC_032651.1,24844602,25666683,25666693,t,taaaaagaaaa,10
NC_037329.1,NC_032651.1,24858636,25680938,25680939,t,tg,1
NC_037329.1,NC_032651.1,25214810,26057490,26057491,t,ta,1
NC_037329.1,NC_032651.1,25225765,26068303,26068304,c,ca,1
NC_037329.1,NC_032651.1,25343505,26186074,26186079,a,atNNNN,5
NC_037329.1,NC_032651.1,25392100,26234453,26234455,t,tNN,2
NC_037329.1,NC_032651.1,25393404,26235759,26235763,t,tataa,4
NC_037329.1,NC_032651.1,25406434,26248795,26248796,T,TY,1
NC_037329.1,NC_032651.1,25456563,26298849,26298855,a,aaaaaac,6
NC_037329.1,NC_032651.1,25467160,26309450,26309451,g,ga,1
NC_037329.1,NC_032651.1,25559286,26402604,26402605,T,TY,1
NC_037329.1,NC_032651.1,25562260,26405581,26405582,T,TY,1
NC_037329.1,NC_032651.1,25569422,26412771,26412772,A,AC,1
NC_037329.1,NC_032651.1,25600943,26444298,26444299,t,ta,1
NC_037329.1,NC_032651.1,25604673,26448025,26448026,T,TW,1
NC_037329.1,NC_032651.1,25657414,26501977,26501986,T,TGAGATTGTG,9
NC_037329.1,NC_032651.1,25662331,26506900,26506901,t,tN,1
NC_037329.1,NC_032651.1,25665357,26509927,26509928,c,ca,1
NC_037329.1,NC_032651.1,25669376,26514070,26514072,C,CAT,2
NC_037329.1,NC_032651.1,25699744,26544141,26544143,c,cct,2
NC_037329.1,NC_032651.1,25706604,26551003,26551032,A,ATCCCCTCACCACAATAAAAACCCCACCCG,29
NC_037329.1,NC_032651.1,25722638,26567028,26567029,C,CY,1
NC_037329.1,NC_032651.1,25741827,26586038,26586051,c,cttttcactttcat,13
NC_037329.1,NC_032651.1,25747010,26591618,26591619,g,ga,1
NC_037329.1,NC_032651.1,25765177,26609324,26609325,T,TG,1
NC_037329.1,NC_032651.1,26107204,26883903,26883906,t,ttta,3
NC_037329.1,NC_032651.1,26117423,26894125,26894126,t,tc,1
NC_037329.1,NC_032651.1,26130396,26907099,26907102,T,TTGG,3
NC_037329.1,NC_032651.1,26215998,26992549,26992550,T,TC,1
NC_037329.1,NC_032651.1,26222605,26999158,26999159,g,ga,1
NC_037329.1,NC_032651.1,26222619,26999173,26999174,g,ga,1
NC_037329.1,NC_032651.1,26233908,27010465,27010466,G,GC,1
NC_037329.1,NC_032651.1,26233972,27010531,27010532,a,at,1
NC_037329.1,NC_032651.1,26234099,27010663,27010664,T,TC,1
NC_037329.1,NC_032651.1,26234110,27010675,27010676,A,AG,1
NC_037329.1,NC_032651.1,26234131,27010697,27010698,t,ta,1
NC_037329.1,NC_032651.1,26242247,27018633,27018635,A,AAG,2
NC_037329.1,NC_032651.1,26242681,27019069,27019070,A,AG,1
NC_037329.1,NC_032651.1,26243229,27019617,27019619,g,gta,2
NC_037329.1,NC_032651.1,26243917,27020305,27020306,T,TA,1
NC_037329.1,NC_032651.1,26245506,27021894,27021895,T,TA,1
NC_037329.1,NC_032651.1,26245761,27022150,27022156,t,tgaaaaa,6
NC_037329.1,NC_032651.1,26246446,27022836,27022837,C,CT,1
NC_037329.1,NC_032651.1,26248599,27024849,27024850,t,ta,1
NC_037329.1,NC_032651.1,26273720,27049980,27049981,c,ct,1
NC_037329.1,NC_032651.1,26274628,27050887,27050892,C,CCCAAG,5
NC_037329.1,NC_032651.1,26274837,27051101,27051103,G,GTT,2
NC_037329.1,NC_032651.1,26278230,27054498,27054499,t,tc,1
NC_037329.1,NC_032651.1,26284105,27060376,27060377,A,AG,1
NC_037329.1,NC_032651.1,26293045,27069317,27069318,c,ct,1
NC_037329.1,NC_032651.1,26402837,27179114,27179115,c,ca,1
NC_037329.1,NC_032651.1,26468349,27244627,27244628,A,AG,1
NC_037329.1,NC_032651.1,26501637,27277961,27277963,a,aac,2
NC_037329.1,NC_032651.1,26599100,27375329,27375330,t,ta,1
NC_037329.1,NC_032651.1,26609144,27385371,27385372,c,cg,1
NC_037329.1,NC_032651.1,26669482,27445870,27445871,g,gt,1
NC_037329.1,NC_032651.1,26716222,27492606,27492607,t,ta,1
NC_037329.1,NC_032651.1,26757009,27533792,27533793,T,TC,1
NC_037329.1,NC_032651.1,26761672,27538456,27538459,G,GAAM,3
NC_037329.1,NC_032651.1,26769403,27546190,27546191,G,GW,1
NC_037329.1,NC_032651.1,26770375,27547162,27547163,t,ta,1
NC_037329.1,NC_032651.1,26772411,27549200,27549202,t,taa,2
NC_037329.1,NC_032651.1,26830181,27607008,27607012,t,tgtta,4
NC_037329.1,NC_032651.1,26847522,27624361,27624362,a,ac,1
NC_037329.1,NC_032651.1,26855191,27632031,27632032,A,AR,1
NC_037329.1,NC_032651.1,26860588,27639352,27639353,C,CY,1
NC_037329.1,NC_032651.1,26867066,27667020,27667021,T,TK,1
NC_037329.1,NC_032651.1,26873532,27673488,27673489,a,aN,1
NC_037329.1,NC_032651.1,26875745,27675702,27675710,T,TCTTTGTAA,8
NC_037329.1,NC_032651.1,26934738,27756570,27756571,T,TA,1
NC_037329.1,NC_032651.1,26953299,27829748,27829749,G,GC,1
NC_037329.1,NC_032651.1,26963654,27785484,27785487,c,caca,3
NC_037329.1,NC_032651.1,26963654,27840103,27840106,c,caca,3
NC_037329.1,NC_032651.1,26963836,27840288,27840289,c,ca,1
NC_037329.1,NC_032651.1,26965257,27841711,27841718,A,AAATTAAG,7
NC_037329.1,NC_032651.1,26981517,27857982,27857983,A,AG,1
NC_037329.1,NC_032651.1,26983750,27860222,27860223,T,TC,1
NC_037329.1,NC_032651.1,26988404,27864878,27864879,G,GR,1
NC_037329.1,NC_032651.1,26993478,27869950,27869952,g,ggt,2
NC_037329.1,NC_032651.1,27063533,27940017,27940020,C,CAGT,3
NC_037329.1,NC_032651.1,27089847,27966345,27966348,t,tagc,3
NC_037329.1,NC_032651.1,27108570,27985075,27985076,g,gc,1
NC_037329.1,NC_032651.1,27116916,28025794,28025795,T,TG,1
NC_037329.1,NC_032651.1,27231865,28140686,28140687,c,ca,1
NC_037329.1,NC_032651.1,27289091,28197926,28197927,A,AG,1
NC_037329.1,NC_032651.1,27294244,28203077,28203079,g,gtt,2
NC_037329.1,NC_032651.1,27294635,28203470,28203471,C,CM,1
NC_037329.1,NC_032651.1,27299803,28208637,28208638,A,AG,1
NC_037329.1,NC_032651.1,27381234,28290146,28290147,c,ct,1
NC_037329.1,NC_032651.1,27424856,28333770,28333771,T,TN,1
NC_037329.1,NC_032651.1,27450819,28364328,28364329,T,TG,1
NC_037329.1,NC_032651.1,27487660,28401182,28401200,C,CGCTTCATCTCAGCGGCGY,18
NC_037329.1,NC_032651.1,27531466,28511333,28511334,t,tc,1
NC_037329.1,NC_032651.1,27548697,28528566,28528569,A,AAGG,3
NC_037329.1,NC_032651.1,27576189,28556089,28556096,g,gaaagtga,7
NC_037329.1,NC_032651.1,27604326,28583890,28583892,T,TTC,2
NC_037329.1,NC_032651.1,27605731,28585297,28585298,C,CA,1
NC_037329.1,NC_032651.1,27612088,28591657,28591658,c,ca,1
NC_037329.1,NC_032651.1,27612295,28591865,28591866,t,tg,1
NC_037329.1,NC_032651.1,27612578,28592150,28592154,A,ATACG,4
NC_037329.1,NC_032651.1,27642636,28010148,28010149,a,aM,1
NC_037329.1,NC_032651.1,27644187,28011700,28011702,a,agg,2
NC_037329.1,NC_032651.1,27705899,28678465,28678466,t,tg,1
NC_037329.1,NC_032651.1,27748086,28720649,28720650,T,TA,1
NC_037329.1,NC_032651.1,27761822,28734620,28734621,T,TA,1
NC_037329.1,NC_032651.1,27777611,28750415,28750419,t,tNNNN,4
NC_037329.1,NC_032651.1,27785531,28758271,28758275,g,gatat,4
NC_037329.1,NC_032651.1,27792080,28764822,28764823,c,ca,1
NC_037329.1,NC_032651.1,27793077,28765821,28765822,T,TC,1
NC_037329.1,NC_032651.1,27820186,28793033,28793034,A,AT,1
NC_037329.1,NC_032651.1,27860644,28837310,28837315,T,TTTACW,5
NC_037329.1,NC_032651.1,27948685,28927121,28927122,c,ca,1
NC_037329.1,NC_032651.1,27948760,28927197,28927198,c,ca,1
NC_037329.1,NC_032651.1,27960301,28938740,28938741,g,ga,1
NC_037329.1,NC_032651.1,28036525,29015403,29015404,A,AC,1
NC_037329.1,NC_032651.1,28038445,29017324,29017325,g,gt,1
NC_037329.1,NC_032651.1,28047352,29026233,29026234,t,ta,1
NC_037329.1,NC_032651.1,28055785,29034667,29034669,g,gaa,2
NC_037329.1,NC_032651.1,28066640,29045525,29045527,c,ctg,2
NC_037329.1,NC_032651.1,28109074,29088028,29088030,A,AGT,2
NC_037329.1,NC_032651.1,28122676,29101632,29101633,g,gt,1
NC_037329.1,NC_032651.1,28141031,29120088,29120089,t,ta,1
NC_037329.1,NC_032651.1,28189274,29168255,29168256,t,tg,1
NC_037329.1,NC_032651.1,28193216,29172192,29172193,G,GA,1
NC_037329.1,NC_032651.1,28206558,29185535,29185537,c,caa,2
NC_037329.1,NC_032651.1,28225821,29204808,29204809,T,TK,1
NC_037329.1,NC_032651.1,28232148,29211793,29211821,c,cNNNNNNNNNNNNNNNNNNNNNNNNNNNN,28
NC_037329.1,NC_032651.1,28239891,29219622,29219623,g,ga,1
NC_037329.1,NC_032651.1,28240495,29220227,29220228,G,GC,1
NC_037329.1,NC_032651.1,28244583,29224215,29224216,A,AW,1
NC_037329.1,NC_032651.1,28246681,29226314,29226315,T,TY,1
NC_037329.1,NC_032651.1,28252211,29231432,29231433,G,GC,1
NC_037329.1,NC_032651.1,28336611,29315492,29315493,c,ca,1
NC_037329.1,NC_032651.1,28339973,29318855,29318856,T,TA,1
NC_037329.1,NC_032651.1,28347337,29326222,29326223,T,TC,1
NC_037329.1,NC_032651.1,28379428,29358239,29358240,t,tN,1
NC_037329.1,NC_032651.1,28429645,29408283,29408284,A,AG,1
NC_037329.1,NC_032651.1,28442886,29421532,29421533,a,aM,1
NC_037329.1,NC_032651.1,28492628,29471281,29471282,c,cg,1
NC_037329.1,NC_032651.1,28560450,29539106,29539107,A,AR,1
NC_037329.1,NC_032651.1,28573581,29552239,29552240,g,gt,1
NC_037329.1,NC_032651.1,28655871,29662149,29662151,A,AAC,2
NC_037329.1,NC_032651.1,28655871,29604795,29604797,A,AGC,2
NC_037329.1,NC_032651.1,28668371,29617297,29617298,T,TA,1
NC_037329.1,NC_032651.1,28775949,29782575,29782576,A,AT,1
NC_037329.1,NC_032651.1,28794404,29801030,29801034,t,tNNNN,4
NC_037329.1,NC_032651.1,28820414,29843237,29843239,g,gta,2
NC_037329.1,NC_032651.1,28935610,29958448,29958449,T,TC,1
NC_037329.1,NC_032651.1,29079398,30138388,30138389,T,TA,1
NC_037329.1,NC_032651.1,29081744,30140752,30140753,A,AC,1
NC_037329.1,NC_032651.1,29083976,30142986,30142987,a,ag,1
NC_037329.1,NC_032651.1,29094142,30153137,30153138,a,ac,1
NC_037329.1,NC_032651.1,29095158,30154153,30154154,g,ga,1
NC_037329.1,NC_032651.1,29143644,30202652,30202653,g,ga,1
NC_037329.1,NC_032651.1,29219487,30278498,30278499,a,ac,1
NC_037329.1,NC_032651.1,29241396,30300421,30300423,T,TTA,2
NC_037329.1,NC_032651.1,29272028,30331109,30331135,t,tgagctaccagggaagtccatcaaaaA,26
NC_037329.1,NC_032651.1,29273787,30332894,30332895,c,ct,1
NC_037329.1,NC_032651.1,29283443,30342937,30342938,t,tg,1
NC_037329.1,NC_032651.1,29292711,30352205,30352229,t,tgccaacaaaggtccctctagtcaa,24
NC_037329.1,NC_032651.1,29328292,72138376,72138378,g,gct,2
NC_037329.1,NC_032651.1,29390918,30465036,30465037,C,CG,1
NC_037329.1,NC_032651.1,29392053,30466179,30466180,c,ct,1
NC_037329.1,NC_032651.1,29398601,30472736,30472740,A,AAGAC,4
NC_037329.1,NC_032651.1,29401303,30475443,30475444,c,ca,1
NC_037329.1,NC_032651.1,29434376,30509359,30509365,g,gtgtgta,6
NC_037329.1,NC_032651.1,29445944,30520742,30520743,t,tg,1
NC_037329.1,NC_032651.1,29452343,30526900,30526903,a,atct,3
NC_037329.1,NC_032651.1,29460477,30532408,30532409,C,CT,1
NC_037329.1,NC_032651.1,29460852,30532783,30532785,T,TTG,2
NC_037329.1,NC_032651.1,29468251,30540202,30540203,c,cg,1
NC_037329.1,NC_032651.1,29483875,30555588,30555589,g,gt,1
NC_037329.1,NC_032651.1,29485351,30557064,30557065,c,ct,1
NC_037329.1,NC_032651.1,29518629,30593023,30593024,t,tc,1
NC_037329.1,NC_032651.1,29743772,30767618,30767619,A,AC,1
NC_037329.1,NC_032651.1,29756314,30780162,30780163,a,at,1
NC_037329.1,NC_032651.1,29883823,30906729,30906735,c,cttcact,6
NC_037329.1,NC_032651.1,29892821,30915726,30915734,G,GATTAAATC,8
NC_037329.1,NC_032651.1,29894539,30917452,30917453,T,TA,1
NC_037329.1,NC_032651.1,29902649,30925562,30925564,c,ctt,2
NC_037329.1,NC_032651.1,29906759,30929674,30929675,a,at,1
NC_037329.1,NC_032651.1,29909355,30932272,30932277,t,tctgaa,5
NC_037329.1,NC_032651.1,29913044,30935951,30935956,a,atttgt,5
NC_037329.1,NC_032651.1,29930461,30953370,30953375,a,aatttt,5
NC_037329.1,NC_032651.1,29936083,30958988,30958990,A,AAG,2
NC_037329.1,NC_032651.1,29965101,30988014,30988015,a,ag,1
NC_037329.1,NC_032651.1,29970350,30998685,30998686,G,GA,1
NC_037329.1,NC_032651.1,29973032,31001368,31001369,A,AW,1
NC_037329.1,NC_032651.1,30096221,31124524,31124525,T,TY,1
NC_037329.1,NC_032651.1,30119687,31148004,31148008,a,atacc,4
NC_037329.1,NC_032651.1,30120656,31148980,31148983,c,ccat,3
NC_037329.1,NC_032651.1,30207410,31235310,31235311,t,tg,1
NC_037329.1,NC_032651.1,30223214,31251113,31251114,a,at,1
NC_037329.1,NC_032651.1,30224758,31252658,31252660,c,caa,2
NC_037329.1,NC_032651.1,30225674,31253576,31253578,A,AAG,2
NC_037329.1,NC_032651.1,30225827,31253731,31253732,A,AT,1
NC_037329.1,NC_032651.1,30225891,31253794,31253806,a,aaaaaaattaaat,12
NC_037329.1,NC_032651.1,30232202,31260118,31260119,t,tg,1
NC_037329.1,NC_032651.1,30270105,31298139,31298143,A,ATGTT,4
NC_037329.1,NC_032651.1,30289872,31317913,31317914,c,cg,1
NC_037329.1,NC_032651.1,30291539,31319607,31319608,c,ct,1
NC_037329.1,NC_032651.1,30292308,31320374,31320375,G,GK,1
NC_037329.1,NC_032651.1,30294373,31322189,31322190,A,AR,1
NC_037329.1,NC_032651.1,30321011,31348831,31348834,a,acac,3
NC_037329.1,NC_032651.1,30321024,31348847,31348848,a,ac,1
NC_037329.1,NC_032651.1,30330871,31359549,31359550,T,TA,1
NC_037329.1,NC_032651.1,30354070,31382427,31382429,A,AAG,2
NC_037329.1,NC_032651.1,30365279,31393626,31393627,t,tc,1
NC_037329.1,NC_032651.1,30371722,31400088,31400092,t,tgaag,4
NC_037329.1,NC_032651.1,30371867,31400237,31400248,g,gcctggtgggct,11
NC_037329.1,NC_032651.1,30372136,31400517,31400520,G,GGAT,3
NC_037329.1,NC_032651.1,30375013,31403394,31403395,T,TC,1
NC_037329.1,NC_032651.1,30388977,31417363,31417366,A,AAAC,3
NC_037329.1,NC_032651.1,30393285,31421675,31421677,C,CCT,2
NC_037329.1,NC_032651.1,30393319,31421711,31421713,a,aac,2
NC_037329.1,NC_032651.1,30474111,31502508,31502509,g,gc,1
NC_037329.1,NC_032651.1,30730593,31757384,31757394,G,GAGTAGGTATR,10
NC_037329.1,NC_032651.1,30767179,31794499,31794500,t,ta,1
NC_037329.1,NC_032651.1,30784979,31812335,31812337,t,ttg,2
NC_037329.1,NC_032651.1,30793105,31820459,31820463,A,ACATG,4
NC_037329.1,NC_032651.1,30847655,31874934,31874935,t,ta,1
NC_037329.1,NC_032651.1,30847873,31875157,31875160,a,actt,3
NC_037329.1,NC_032651.1,30848304,31875591,31875593,t,tcK,2
NC_037329.1,NC_032651.1,30849236,31876525,31876530,g,gttttt,5
NC_037329.1,NC_032651.1,30864313,31891608,31891609,a,ag,1
NC_037329.1,NC_032651.1,30865142,31892424,31892425,g,gc,1
NC_037329.1,NC_032651.1,30946097,31974862,31974863,T,TG,1
NC_037329.1,NC_032651.1,31011074,32039739,32039740,a,ag,1
NC_037329.1,NC_032651.1,31011152,32039818,32039819,t,ta,1
NC_037329.1,NC_032651.1,31011159,32039826,32039827,t,ta,1
NC_037329.1,NC_032651.1,31011177,32039845,32039847,t,taa,2
NC_037329.1,NC_032651.1,31015964,32044540,32044541,a,ac,1
NC_037329.1,NC_032651.1,31033808,32062384,32062389,A,ATTGTT,5
NC_037329.1,NC_032651.1,31044658,32073230,32073234,t,tgtga,4
NC_037329.1,NC_032651.1,31070620,32099198,32099199,T,TW,1
NC_037329.1,NC_032651.1,31112723,32141307,32141308,a,at,1
NC_037329.1,NC_032651.1,31112750,32141335,32141337,C,CTT,2
NC_037329.1,NC_032651.1,31173531,32202124,32202125,T,TW,1
NC_037329.1,NC_032651.1,31203141,32231750,32231751,t,ta,1
NC_037329.1,NC_032651.1,31221972,32250585,32250591,T,TGTTGGC,6
NC_037329.1,NC_032651.1,31246658,32275289,32275290,t,tg,1
NC_037329.1,NC_032651.1,31248057,32276688,32276689,t,ta,1
NC_037329.1,NC_032651.1,31249010,32277642,32277645,C,CAAT,3
NC_037329.1,NC_032651.1,31250485,32279120,32279121,T,TA,1
NC_037329.1,NC_032651.1,31259199,32287835,32287836,A,AC,1
NC_037329.1,NC_032651.1,31267081,32295728,32295729,g,gc,1
NC_037329.1,NC_032651.1,31290913,32320631,32320632,c,ct,1
NC_037329.1,NC_032651.1,31292798,32322517,32322518,t,ta,1
NC_037329.1,NC_032651.1,31301291,32331011,32331012,A,AG,1
NC_037329.1,NC_032651.1,31311654,32341361,32341362,C,CY,1
NC_037329.1,NC_032651.1,31324518,32354344,32354345,g,ga,1
NC_037329.1,NC_032651.1,31334786,32364615,32364616,g,gt,1
NC_037329.1,NC_032651.1,31339914,32369668,32369669,C,CA,1
NC_037329.1,NC_032651.1,31374449,32404206,32404207,T,TC,1
NC_037329.1,NC_032651.1,31388272,32418023,32418024,t,ta,1
NC_037329.1,NC_032651.1,31433229,32462994,32462999,A,ATAACT,5
NC_037329.1,NC_032651.1,31603258,32633114,32633115,C,CT,1
NC_037329.1,NC_032651.1,31606325,32636182,32636184,t,tNN,2
NC_037329.1,NC_032651.1,31681891,32711394,32711395,C,CS,1
NC_037329.1,NC_032651.1,31897076,32926668,32926672,t,tgatg,4
NC_037329.1,NC_032651.1,31897140,32926736,32926737,a,ac,1
NC_037329.1,NC_032651.1,31919320,32948753,32948754,g,gc,1
NC_037329.1,NC_032651.1,31919326,32948760,32948761,g,ga,1
NC_037329.1,NC_032651.1,31958270,32987706,32987717,T,TCTCAGACCCAG,11
NC_037329.1,NC_032651.1,31958650,32988097,32988102,A,ATTAat,5
NC_037329.1,NC_032651.1,31963351,32992805,32992806,a,ac,1
NC_037329.1,NC_032651.1,32016576,33047938,33047939,g,ga,1
NC_037329.1,NC_032651.1,32027773,33059133,33059135,t,tNN,2
NC_037329.1,NC_032651.1,32069795,33101175,33101177,t,taa,2
NC_037329.1,NC_032651.1,32104634,33135735,33135739,A,AACAG,4
NC_037329.1,NC_032651.1,32190863,33221985,33221992,t,tcgaaaaa,7
NC_037329.1,NC_032651.1,32211806,33242952,33242953,g,gc,1
NC_037329.1,NC_032651.1,32271103,33302254,33302255,g,ga,1
NC_037329.1,NC_032651.1,32283052,33314196,33314197,C,CN,1
NC_037329.1,NC_032651.1,32354064,33385233,33385239,c,cccccgt,6
NC_037329.1,NC_032651.1,32354908,33386083,33386084,A,AG,1
NC_037329.1,NC_032651.1,32369075,33400256,33400257,C,CY,1
NC_037329.1,NC_032651.1,32369116,33400298,33400300,C,CNN,2
NC_037329.1,NC_032651.1,32412627,33446214,33446215,t,tg,1
NC_037329.1,NC_032651.1,32412691,33446279,33446280,g,gt,1
NC_037329.1,NC_032651.1,32412764,33446353,33446358,a,actgtt,5
NC_037329.1,NC_032651.1,32425787,33459421,33459425,C,Cgtct,4
NC_037329.1,NC_032651.1,32431467,33465101,33465102,g,ga,1
NC_037329.1,NC_032651.1,32431607,33465242,33465243,t,tg,1
NC_037329.1,NC_032651.1,32449198,33482833,33482835,C,CAT,2
NC_037329.1,NC_032651.1,32488209,33521857,33521859,a,aNN,2
NC_037329.1,NC_032651.1,32529683,33581066,33581070,T,TNNNN,4
NC_037329.1,NC_032651.1,32710859,33767230,33767232,C,CAA,2
NC_037329.1,NC_032651.1,32718242,33774675,33774676,c,ct,1
NC_037329.1,NC_032651.1,32969246,34050338,34050343,T,TCACCA,5
NC_037329.1,NC_032651.1,32988096,34069197,34069198,A,AG,1
NC_037329.1,NC_032651.1,32992958,34074059,34074060,A,AC,1
NC_037329.1,NC_032651.1,32997213,34078324,34078325,T,TG,1
NC_037329.1,NC_032651.1,32999279,34080391,34080392,a,at,1
NC_037329.1,NC_032651.1,33003502,34084615,34084616,A,AR,1
NC_037329.1,NC_032651.1,33017122,34098252,34098253,a,at,1
NC_037329.1,NC_032651.1,33017897,34099028,34099029,a,at,1
NC_037329.1,NC_032651.1,33018299,34099431,34099432,a,ac,1
NC_037329.1,NC_032651.1,33032613,34113683,34113684,A,AG,1
NC_037329.1,NC_032651.1,33053883,34134950,34134951,A,AC,1
NC_037329.1,NC_032651.1,33096199,34177055,34177056,c,ct,1
NC_037329.1,NC_032651.1,33096248,34177105,34177106,c,cg,1
NC_037329.1,NC_032651.1,33119951,34237568,34237570,a,aNN,2
NC_037329.1,NC_032651.1,33161665,34279279,34279281,A,AAG,2
NC_037329.1,NC_032651.1,33223952,34342202,34342204,c,caa,2
NC_037329.1,NC_032651.1,33260589,34379259,34379261,c,ctg,2
NC_037329.1,NC_032651.1,33260836,34379509,34379510,t,tc,1
NC_037329.1,NC_032651.1,33268684,34387361,34387362,A,AW,1
NC_037329.1,NC_032651.1,33273612,34392292,34392293,G,GA,1
NC_037329.1,NC_032651.1,33293018,34411702,34411703,C,CY,1
NC_037329.1,NC_032651.1,33318198,34437036,34437037,A,AR,1
NC_037329.1,NC_032651.1,33332259,34451100,34451101,C,CT,1
NC_037329.1,NC_032651.1,33340223,34459069,34459071,T,TGA,2
NC_037329.1,NC_032651.1,33348613,34467464,34467465,g,gt,1
NC_037329.1,NC_032651.1,33367572,34498665,34498708,C,CNNNNNNNNNNNNNNNNNNNNNNNNNNNNNNNNNNNNNNNNNNN,43
NC_037329.1,NC_032651.1,33370720,34501855,34501861,t,tagcagc,6
NC_037329.1,NC_032651.1,33387095,34518240,34518241,T,TG,1
NC_037329.1,NC_032651.1,33433176,34563717,34563721,a,aNNNN,4
NC_037329.1,NC_032651.1,33669776,34797799,34797800,T,TW,1
NC_037329.1,NC_032651.1,33703227,34831253,34831256,t,taag,3
NC_037329.1,NC_032651.1,33739164,34853469,34853470,t,tc,1
NC_037329.1,NC_032651.1,33739238,34853544,34853545,c,cg,1
NC_037329.1,NC_032651.1,33741492,34855799,34855800,t,tg,1
NC_037329.1,NC_032651.1,33742171,34856479,34856480,g,gt,1
NC_037329.1,NC_032651.1,33744518,34858824,34858825,C,CG,1
NC_037329.1,NC_032651.1,33784794,34923081,34923082,a,at,1
NC_037329.1,NC_032651.1,33785089,34923377,34923382,t,tatata,5
NC_037329.1,NC_032651.1,33785092,34923385,34923386,t,tW,1
NC_037329.1,NC_032651.1,33825251,34978762,34978763,a,at,1
NC_037329.1,NC_032651.1,33825343,34978855,34978856,A,AT,1
NC_037329.1,NC_032651.1,33827200,34980713,34980714,C,CT,1
NC_037329.1,NC_032651.1,33834211,34987690,34987692,T,TAG,2
NC_037329.1,NC_032651.1,33843016,34996508,34996509,t,ta,1
NC_037329.1,NC_032651.1,33861493,35014835,35014836,a,at,1
NC_037329.1,NC_032651.1,33905382,35058574,35058576,t,taa,2
NC_037329.1,NC_032651.1,33969352,35122106,35122107,a,ag,1
NC_037329.1,NC_032651.1,33991978,35144733,35144734,t,tg,1
NC_037329.1,NC_032651.1,33992036,35144792,35144794,a,atg,2
NC_037329.1,NC_032651.1,34108911,35262377,35262380,A,ATTT,3
NC_037329.1,NC_032651.1,34179559,35333023,35333024,a,ag,1
NC_037329.1,NC_032651.1,34221576,35375049,35375050,t,ta,1
NC_037329.1,NC_032651.1,34221634,35375107,35375108,g,gt,1
NC_037329.1,NC_032651.1,34403410,35506751,35506752,A,AR,1
NC_037329.1,NC_032651.1,34456087,35559398,35559399,t,ta,1
NC_037329.1,NC_032651.1,34456098,35559410,35559411,g,ga,1
NC_037329.1,NC_032651.1,34488942,35592253,35592255,A,AAT,2
NC_037329.1,NC_032651.1,34499948,35602933,35602934,T,TW,1
NC_037329.1,NC_032651.1,34513897,35616532,35616535,T,TATG,3
NC_037329.1,NC_032651.1,34514800,35617435,35617441,C,CAAACAA,6
NC_037329.1,NC_032651.1,34533817,35648564,35648568,t,tttaa,4
NC_037329.1,NC_032651.1,34543669,35658421,35658422,c,ct,1
NC_037329.1,NC_032651.1,34555524,35672987,35672988,T,TC,1
NC_037329.1,NC_032651.1,34559378,35676842,35676843,A,AT,1
NC_037329.1,NC_032651.1,34739595,35857262,35857280,c,ctcaaagcaatttatagat,18
NC_037329.1,NC_032651.1,34740162,35857847,35857853,a,attaagc,6
NC_037329.1,NC_032651.1,34744887,35862441,35862443,a,aag,2
NC_037329.1,NC_032651.1,34794103,35911715,35911719,T,TCGAA,4
NC_037329.1,NC_032651.1,35022053,36139595,36139596,c,ct,1
NC_037329.1,NC_032651.1,35108586,36226137,36226138,G,GR,1
NC_037329.1,NC_032651.1,35411756,36553124,36553125,t,tg,1
NC_037329.1,NC_032651.1,35548114,36700119,36700120,g,ga,1
NC_037329.1,NC_032651.1,35555154,36707165,36707166,T,TC,1
NC_037329.1,NC_032651.1,35577316,36729327,36729328,A,AT,1
NC_037329.1,NC_032651.1,35578821,36730835,36730836,c,ca,1
NC_037329.1,NC_032651.1,35584890,36736904,36736905,t,ta,1
NC_037329.1,NC_032651.1,35586740,36738756,36738757,a,aR,1
NC_037329.1,NC_032651.1,35606315,36758387,36758409,g,gtatatatatatatatatatata,22
NC_037329.1,NC_032651.1,35700125,36865002,36865003,c,ct,1
NC_037329.1,NC_032651.1,35738884,36903794,36903795,g,ga,1
NC_037329.1,NC_032651.1,35864330,37094008,37094009,C,CM,1
NC_037329.1,NC_032651.1,35951370,37180448,37180449,C,CA,1
NC_037329.1,NC_032651.1,36220169,37445741,37445742,A,AG,1
NC_037329.1,NC_032651.1,36220176,37445749,37445750,T,TA,1
NC_037329.1,NC_032651.1,36221182,37446756,37446757,C,CA,1
NC_037329.1,NC_032651.1,36274576,37499678,37499679,A,AG,1
NC_037329.1,NC_032651.1,36655520,38015553,38015556,a,aaac,3
NC_037329.1,NC_032651.1,37230206,38490138,38490139,t,tc,1
NC_037329.1,NC_032651.1,37341525,38601461,38601462,t,ta,1
NC_037329.1,NC_032651.1,37494104,38759428,38759437,t,tagttttgga,9
NC_037329.1,NC_032651.1,37514880,38809285,38809286,T,TN,1
NC_037329.1,NC_032651.1,37540056,38834462,38834467,c,ctgaat,5
NC_037329.1,NC_032651.1,37678061,39050299,39050300,C,CT,1
NC_037329.1,NC_032651.1,37769558,39141285,39141286,c,ca,1
NC_037329.1,NC_032651.1,37773349,39145077,39145078,a,aN,1
NC_037329.1,NC_032651.1,37840329,39212033,39212034,c,ca,1
NC_037329.1,NC_032651.1,37840470,39212175,39212182,g,ggggaaac,7
NC_037329.1,NC_032651.1,37840473,39212185,39212187,t,tgg,2
NC_037329.1,NC_032651.1,37908799,39280503,39280539,a,aggCCGGGANNNNNNNNNNNNNNNNNNNNNNNNNNNN,36
NC_037329.1,NC_032651.1,38118226,39489988,39489989,t,tc,1
NC_037329.1,NC_032651.1,38217147,39588126,39588127,G,GT,1
NC_037329.1,NC_032651.1,38217156,39588136,39588137,T,TA,1
NC_037329.1,NC_032651.1,38217165,39588146,39588147,A,AT,1
NC_037329.1,NC_032651.1,38339363,39725005,39725006,C,CA,1
NC_037329.1,NC_032651.1,38348388,39733731,39733732,T,TG,1
NC_037329.1,NC_032651.1,38348432,39733776,39733777,A,AG,1
NC_037329.1,NC_032651.1,38348449,39733794,39733795,C,CT,1
NC_037329.1,NC_032651.1,38445707,39830904,39830905,A,AC,1
NC_037329.1,NC_032651.1,38482360,39867492,39867493,A,AR,1
NC_037329.1,NC_032651.1,38617877,40006027,40006028,C,CM,1
NC_037329.1,NC_032651.1,38656225,40044376,40044377,g,gc,1
NC_037329.1,NC_032651.1,38758152,40146240,40146241,g,gt,1
NC_037329.1,NC_032651.1,38821386,40206961,40206962,a,at,1
NC_037329.1,NC_032651.1,38913660,40298998,40298999,a,at,1
NC_037329.1,NC_032651.1,38940184,40326391,40326392,A,AW,1
NC_037329.1,NC_032651.1,38941771,40327979,40327980,T,TA,1
NC_037329.1,NC_032651.1,38967597,40353807,40353808,T,TY,1
NC_037329.1,NC_032651.1,38979687,40365897,40365898,G,GT,1
NC_037329.1,NC_032651.1,39022880,40409090,40409098,a,aaaatatat,8
NC_037329.1,NC_032651.1,39094490,40480737,40480760,G,GGANNNNNNNNNNNNNNNNNNNNN,23
NC_037329.1,NC_032651.1,39160010,40551841,40551842,A,AR,1
NC_037329.1,NC_032651.1,39172545,40564377,40564385,a,aNNNNNNNN,8
NC_037329.1,NC_032651.1,39178233,40570069,40570070,g,ga,1
NC_037329.1,NC_032651.1,39180521,40572356,40572357,g,ga,1
NC_037329.1,NC_032651.1,39181085,40572919,40572920,a,at,1
NC_037329.1,NC_032651.1,39182615,40574451,40574456,a,attact,5
NC_037329.1,NC_032651.1,39241383,40633000,40633001,t,ta,1
NC_037329.1,NC_032651.1,39258307,40649924,40649925,T,TG,1
NC_037329.1,NC_032651.1,39287738,40679381,40679382,g,ga,1
NC_037329.1,NC_032651.1,39288608,40680250,40680261,C,CTGAATCACCCN,11
NC_037329.1,NC_032651.1,39309830,40701550,40701551,c,ct,1
NC_037329.1,NC_032651.1,39319317,40711039,40711040,T,TG,1
NC_037329.1,NC_032651.1,39341513,40733855,40733856,g,ga,1
NC_037329.1,NC_032651.1,39348030,40740380,40740381,C,CY,1
NC_037329.1,NC_032651.1,39423587,40820830,40820831,C,CA,1
NC_037329.1,NC_032651.1,39575915,40972964,40972965,G,GA,1
NC_037329.1,NC_032651.1,39592656,40989705,40989706,c,ca,1
NC_037329.1,NC_032651.1,39638464,41036535,41036536,A,AW,1
NC_037329.1,NC_032651.1,39656848,41054922,41054923,T,TC,1
NC_037329.1,NC_032651.1,39660251,41058323,41058325,g,gaa,2
NC_037329.1,NC_032651.1,39660584,41058658,41058659,A,AW,1
NC_037329.1,NC_032651.1,39663961,41062038,41062039,t,tg,1
NC_037329.1,NC_032651.1,39679967,41078314,41078315,t,ta,1
NC_037329.1,NC_032651.1,39730364,41128722,41128723,t,ta,1
NC_037329.1,NC_032651.1,39746160,41144521,41144525,g,ggggc,4
NC_037329.1,NC_032651.1,39989544,41388115,41388116,G,GS,1
NC_037329.1,NC_032651.1,40495588,41910414,41910420,t,ttatata,6
NC_037329.1,NC_032651.1,40559811,41974635,41974636,C,CG,1
NC_037329.1,NC_032651.1,40651800,42067107,42067109,a,aNN,2
NC_037329.1,NC_032651.1,40687319,42102622,42102623,c,ca,1
NC_037329.1,NC_032651.1,40687525,42102830,42102831,c,ct,1
NC_037329.1,NC_032651.1,40806747,42281638,42281639,G,GM,1
NC_037329.1,NC_032651.1,40808593,42283486,42283488,a,atg,2
NC_037329.1,NC_032651.1,40868353,42343247,42343248,C,CA,1
NC_037329.1,NC_032651.1,40897938,42372841,42372842,t,ta,1
NC_037329.1,NC_032651.1,40898693,42373597,42373598,t,ta,1
NC_037329.1,NC_032651.1,40939291,42414196,42414197,c,ca,1
NC_037329.1,NC_032651.1,40998324,42473167,42473169,a,aNN,2
NC_037329.1,NC_032651.1,41103778,42579096,42579099,C,CATS,3
NC_037329.1,NC_032651.1,41131737,42607060,42607062,a,aNN,2
NC_037329.1,NC_032651.1,41163950,42639484,42639492,a,aatcttctt,8
NC_037329.1,NC_032651.1,41165065,42640743,42640744,t,ta,1
NC_037329.1,NC_032651.1,41166872,42642548,42642550,T,TCG,2
NC_037329.1,NC_032651.1,41168099,42643776,42643777,g,gt,1
NC_037329.1,NC_032651.1,41168118,42643796,42643805,g,gtcactgttt,9
NC_037329.1,NC_032651.1,41168924,42644611,42644612,a,at,1
NC_037329.1,NC_032651.1,41169852,42645570,42645571,t,tc,1
NC_037329.1,NC_032651.1,41175043,42650763,42650765,t,taa,2
NC_037329.1,NC_032651.1,41214041,42690328,42690329,A,AT,1
NC_037329.1,NC_032651.1,41222056,42698349,42698350,T,TA,1
NC_037329.1,NC_032651.1,41312764,42750835,42750837,C,CAT,2
NC_037329.1,NC_032651.1,41319730,42757805,42757806,t,tg,1
NC_037329.1,NC_032651.1,41391916,42831372,42831373,A,AT,1
NC_037329.1,NC_032651.1,41411268,42850720,42850731,t,tNNNNNNNNNNN,11
NC_037329.1,NC_032651.1,41540774,42991276,42991277,t,tg,1
NC_037329.1,NC_032651.1,41590558,43043262,43043263,t,ta,1
NC_037329.1,NC_032651.1,41590578,43043283,43043284,c,ca,1
NC_037329.1,NC_032651.1,41591356,43044062,43044063,A,AG,1
NC_037329.1,NC_032651.1,41595341,43048050,43048051,G,GT,1
NC_037329.1,NC_032651.1,41598992,43051700,43051702,c,cKt,2
NC_037329.1,NC_032651.1,41627430,43080644,43080648,a,atggc,4
NC_037329.1,NC_032651.1,41662828,43116046,43116048,a,att,2
NC_037329.1,NC_032651.1,41674707,43127931,43127932,g,gt,1
NC_037329.1,NC_032651.1,41789282,43242972,43242973,T,TA,1
NC_037329.1,NC_032651.1,41790581,43244272,43244273,a,at,1
NC_037329.1,NC_032651.1,41790620,43244312,43244315,a,aaac,3
NC_037329.1,NC_032651.1,41831578,43285272,43285289,c,caaatagctgtgaaaaga,17
NC_037329.1,NC_032651.1,41836677,43290387,43290388,t,ta,1
NC_037329.1,NC_032651.1,41860236,43313958,43313959,t,tg,1
NC_037329.1,NC_032651.1,41860323,43314046,43314047,c,ct,1
NC_037329.1,NC_032651.1,41863204,43316928,43316930,a,aaR,2
NC_037329.1,NC_032651.1,41883321,43336636,43336637,G,GA,1
NC_037329.1,NC_032651.1,41893603,43346942,43346943,G,GT,1
NC_037329.1,NC_032651.1,41908967,43362411,43362412,G,GR,1
NC_037329.1,NC_032651.1,41909157,43362600,43362601,G,GS,1
NC_037329.1,NC_032651.1,41920166,43373614,43373615,A,AT,1
NC_037329.1,NC_032651.1,41937782,43391226,43391227,t,ta,1
NC_037329.1,NC_032651.1,41998507,43437690,43437693,a,agag,3
NC_037329.1,NC_032651.1,41998629,43437815,43437816,a,ag,1
NC_037329.1,NC_032651.1,41998694,43437881,43437883,g,gcc,2
NC_037329.1,NC_032651.1,42042042,43480196,43480204,A,AGATTATYG,8
NC_037329.1,NC_032651.1,42051517,43489683,43489684,a,at,1
NC_037329.1,NC_032651.1,42052105,43490272,43490273,T,TK,1
NC_037329.1,NC_032651.1,42073872,43590283,43590287,A,AATNN,4
NC_037329.1,NC_032651.1,42076975,43593380,43593388,a,agagtactg,8
NC_037329.1,NC_032651.1,42083542,43599961,43599963,t,tta,2
NC_037329.1,NC_032651.1,42084110,43600531,43600533,t,tac,2
NC_037329.1,NC_032651.1,42095275,43611727,43611728,T,TA,1
NC_037329.1,NC_032651.1,42110824,43627276,43627277,A,AT,1
NC_037329.1,NC_032651.1,42177714,43693939,43693940,A,AR,1
NC_037329.1,NC_032651.1,42178841,43695067,43695068,a,ag,1
NC_037329.1,NC_032651.1,42194121,43709982,43709983,g,gc,1
NC_037329.1,NC_032651.1,42219877,43735737,43735738,t,tc,1
NC_037329.1,NC_032651.1,42220020,43735880,43735881,a,at,1
NC_037329.1,NC_032651.1,42259292,43775170,43775175,C,CTTGGA,5
NC_037329.1,NC_032651.1,42259296,43775179,43775188,C,CACTTCTTGG,9
NC_037329.1,NC_032651.1,42259323,43775215,43775229,A,AGTAGCTTTCCCATG,14
NC_037329.1,NC_032651.1,42263556,43779462,43779463,G,GR,1
NC_037329.1,NC_032651.1,42289734,43805644,43805646,T,TTC,2
NC_037329.1,NC_032651.1,42290733,43806648,43806650,c,ctt,2
NC_037329.1,NC_032651.1,42290816,43806733,43806735,C,CTG,2
NC_037329.1,NC_032651.1,42307293,43823213,43823214,a,ac,1
NC_037329.1,NC_032651.1,42340365,43856462,43856463,a,ag,1
NC_037329.1,NC_032651.1,42342187,43858284,43858289,c,ccccga,5
NC_037329.1,NC_032651.1,42384303,43900915,43900916,a,aN,1
NC_037329.1,NC_032651.1,42384342,43900955,43900957,T,TCC,2
NC_037329.1,NC_032651.1,42459551,43976175,43976176,A,AC,1
NC_037329.1,NC_032651.1,42459597,43976222,43976223,A,AR,1
NC_037329.1,NC_032651.1,42462305,43978931,43978932,a,at,1
NC_037329.1,NC_032651.1,42465900,43982527,43982528,t,ta,1
NC_037329.1,NC_032651.1,42472671,43989304,43989310,t,tattttg,6
NC_037329.1,NC_032651.1,42473381,43990020,43990029,a,acacaaacac,9
NC_037329.1,NC_032651.1,42473386,43990034,43990036,a,atg,2
NC_037329.1,NC_032651.1,42544725,44061432,44061433,g,ga,1
NC_037329.1,NC_032651.1,42854639,44919690,44919691,T,TC,1
NC_037329.1,NC_032651.1,42855752,44920804,44920806,a,agt,2
NC_037329.1,NC_032651.1,42866770,44931819,44931820,c,ct,1
NC_037329.1,NC_032651.1,42867479,44932528,44932529,A,AG,1
NC_037329.1,NC_032651.1,42912168,44977278,44977279,t,tg,1
NC_037329.1,NC_032651.1,42921811,44987758,44987764,g,ggatggc,6
NC_037329.1,NC_032651.1,42928869,44994822,44994823,g,gt,1
NC_037329.1,NC_032651.1,42930754,44996709,44996710,G,GA,1
NC_037329.1,NC_032651.1,42946176,45012133,45012138,g,gcagtc,5
NC_037329.1,NC_032651.1,42946556,45012518,45012519,t,tc,1
NC_037329.1,NC_032651.1,42947858,45013820,45013821,T,TC,1
NC_037329.1,NC_032651.1,42948082,45014045,45014046,a,at,1
NC_037329.1,NC_032651.1,42948264,45014229,45014230,A,AT,1
NC_037329.1,NC_032651.1,42952452,45018439,45018440,c,ca,1
NC_037329.1,NC_032651.1,42954039,45020027,45020028,a,ag,1
NC_037329.1,NC_032651.1,42956940,45022881,45022882,C,CN,1
NC_037329.1,NC_032651.1,42973450,44866146,44866147,a,aN,1
NC_037329.1,NC_032651.1,43008013,45098770,45098771,C,CT,1
NC_037329.1,NC_032651.1,43008371,45099127,45099129,T,TTA,2
NC_037329.1,NC_032651.1,43017878,45108645,45108646,A,AG,1
NC_037329.1,NC_032651.1,43060331,45151113,45151114,a,ac,1
NC_037329.1,NC_032651.1,43082829,45173508,45173509,t,ta,1
NC_037329.1,NC_032651.1,43092801,45183481,45183482,t,ta,1
NC_037329.1,NC_032651.1,43385280,45467559,45467561,t,tNN,2
NC_037329.1,NC_032651.1,43617707,45732886,45732904,T,TCGAAAACGGGAGGAGAGA,18
NC_037329.1,NC_032651.1,43715067,45831699,45831700,T,TA,1
NC_037329.1,NC_032651.1,43752878,45869499,45869500,c,ca,1
NC_037329.1,NC_032651.1,44330714,46445434,46445436,t,tNN,2
NC_037329.1,NC_032651.1,44422143,46565304,46565305,A,AC,1
NC_037329.1,NC_032651.1,44553105,46696268,46696269,t,ta,1
NC_037329.1,NC_032651.1,44553862,46697026,46697028,a,aac,2
NC_037329.1,NC_032651.1,44555432,46698610,46698615,a,aaaaat,5
NC_037329.1,NC_032651.1,44733002,46868961,46868986,A,ANNNNNNNNNNNNNNNNNNNNNNNNN,25
NC_037329.1,NC_032651.1,44735220,46871204,46871205,c,ca,1
NC_037329.1,NC_032651.1,44792303,46928379,46928380,t,tc,1
NC_037329.1,NC_032651.1,44895628,47031687,47031688,a,ac,1
NC_037329.1,NC_032651.1,45004247,47218720,47218722,a,aNN,2
NC_037329.1,NC_032651.1,45171758,47386270,47386271,a,at,1
NC_037329.1,NC_032651.1,45216100,47432464,47432465,G,GA,1
NC_037329.1,NC_032651.1,45307324,47534400,47534401,g,gt,1
NC_037329.1,NC_032651.1,45407921,47640867,47640868,c,ct,1
NC_037329.1,NC_032651.1,45436185,47669133,47669134,T,TC,1
NC_037329.1,NC_032651.1,45481333,47714284,47714286,t,tNN,2
NC_037329.1,NC_032651.1,45631988,47868506,47868507,A,AG,1
NC_037329.1,NC_032651.1,46084831,48323338,48323339,A,AC,1
NC_037329.1,NC_032651.1,46142805,48381310,48381311,T,TK,1
NC_037329.1,NC_032651.1,46202179,48440653,48440654,c,ct,1
NC_037329.1,NC_032651.1,46365965,48507109,48507110,A,AC,1
NC_037329.1,NC_032651.1,46365968,48507113,48507114,C,CA,1
NC_037329.1,NC_032651.1,46471697,48612519,48612520,T,TC,1
NC_037329.1,NC_032651.1,46784641,48928427,48928428,g,gc,1
NC_037329.1,NC_032651.1,47198971,49398708,49398710,T,TAA,2
NC_037329.1,NC_032651.1,47225788,49425616,49425617,c,ca,1
NC_037329.1,NC_032651.1,47312257,49512087,49512088,T,TG,1
NC_037329.1,NC_032651.1,47420087,49616258,49616259,T,TA,1
NC_037329.1,NC_032651.1,48011673,50189708,50189709,t,tg,1
NC_037329.1,NC_032651.1,48060923,50238682,50238683,G,GA,1
NC_037329.1,NC_032651.1,48062985,50240745,50240746,G,GR,1
NC_037329.1,NC_032651.1,48101475,50278871,50278873,g,gca,2
NC_037329.1,NC_032651.1,48101503,50278901,50278902,c,ct,1
NC_037329.1,NC_032651.1,48111427,50288826,50288829,t,tagc,3
NC_037329.1,NC_032651.1,48159841,50337262,50337263,a,ag,1
NC_037329.1,NC_032651.1,48240639,50417881,50417882,A,AC,1
NC_037329.1,NC_032651.1,48362908,50538544,50538563,A,ATNNNNNNNNNNNNNNNNNN,19
NC_037329.1,NC_032651.1,48411610,50587269,50587270,g,gR,1
NC_037329.1,NC_032651.1,48483787,50659920,50659921,t,tg,1
NC_037329.1,NC_032651.1,48498416,50674550,50674551,C,CM,1
NC_037329.1,NC_032651.1,48501681,50677816,50677830,C,CNNNNNNNNNNNNNN,14
NC_037329.1,NC_032651.1,48544243,50720392,50720393,c,ct,1
NC_037329.1,NC_032651.1,48544352,50720502,50720503,G,GA,1
NC_037329.1,NC_032651.1,48570628,50746780,50746782,c,cgT,2
NC_037329.1,NC_032651.1,48590490,50767297,50767298,A,AC,1
NC_037329.1,NC_032651.1,48647692,50824502,50824503,A,AT,1
NC_037329.1,NC_032651.1,48671458,50858889,50858891,T,TNN,2
NC_037329.1,NC_032651.1,48671548,50858981,50858982,G,GA,1
NC_037329.1,NC_032651.1,48840460,51028259,51028260,c,ct,1
NC_037329.1,NC_032651.1,48932076,51216407,51216408,G,GT,1
NC_037329.1,NC_032651.1,48947577,51232043,51232045,t,tta,2
NC_037329.1,NC_032651.1,48953807,51238233,51238234,t,tg,1
NC_037329.1,NC_032651.1,48996341,51131723,51131724,T,TK,1
NC_037329.1,NC_032651.1,49338350,51538095,51538104,g,gaaacagtgt,9
NC_037329.1,NC_032651.1,49566660,51765638,51765639,A,AC,1
NC_037329.1,NC_032651.1,49806759,52006123,52006124,A,AW,1
NC_037329.1,NC_032651.1,49838291,52037659,52037660,T,TA,1
NC_037329.1,NC_032651.1,49838299,52037668,52037669,C,CT,1
NC_037329.1,NC_032651.1,49875335,52082846,52082847,g,ga,1
NC_037329.1,NC_032651.1,50158750,52365781,52365782,A,AT,1
NC_037329.1,NC_032651.1,50162144,52369174,52369176,G,GAC,2
NC_037329.1,NC_032651.1,50258253,52466057,52466062,c,cCCNNN,5
NC_037329.1,NC_032651.1,50265792,52473614,52473615,T,TG,1
NC_037329.1,NC_032651.1,50597040,52859511,52859512,T,TK,1
NC_037329.1,NC_032651.1,50628790,52890812,52890813,T,TK,1
NC_037329.1,NC_032651.1,50634785,52897152,52897153,a,at,1
NC_037329.1,NC_032651.1,50642335,52904700,52904701,c,ca,1
NC_037329.1,NC_032651.1,50872763,53056606,53056609,t,tctG,3
NC_037329.1,NC_032651.1,50904112,53087951,53087952,T,TG,1
NC_037329.1,NC_032651.1,50908924,53092763,53092764,G,GR,1
NC_037329.1,NC_032651.1,50917889,53101730,53101733,t,tctc,3
NC_037329.1,NC_032651.1,50918924,53102767,53102770,g,gttt,3
NC_037329.1,NC_032651.1,50949899,53132967,53132969,t,taa,2
NC_037329.1,NC_032651.1,50967567,53150672,53150673,a,at,1
NC_037329.1,NC_032651.1,50970928,53154034,53154035,t,ta,1
NC_037329.1,NC_032651.1,50971602,53154711,53154712,a,ac,1
NC_037329.1,NC_032651.1,50988753,53171867,53171868,c,ct,1
NC_037329.1,NC_032651.1,50988773,53171888,53171889,c,ct,1
NC_037329.1,NC_032651.1,50993899,53177011,53177014,A,AAGC,3
NC_037329.1,NC_032651.1,51015359,53198519,53198520,a,at,1
NC_037329.1,NC_032651.1,51020020,53203181,53203183,t,tNN,2
NC_037329.1,NC_032651.1,51037029,53221134,53221135,a,at,1
NC_037329.1,NC_032651.1,51037180,53221285,53221286,g,ga,1
NC_037329.1,NC_032651.1,51037223,53221329,53221330,g,ga,1
NC_037329.1,NC_032651.1,51047561,53232759,53232761,A,AKT,2
NC_037329.1,NC_032651.1,51047672,53232888,53232895,G,GTCTCTGT,7
NC_037329.1,NC_032651.1,51104753,53291437,53291438,A,AG,1
NC_037329.1,NC_032651.1,51105803,53292488,53292493,a,atatat,5
NC_037329.1,NC_032651.1,51152441,53339134,53339146,g,gagcatattcaaa,12
NC_037329.1,NC_032651.1,51279325,53466061,53466064,c,catt,3
NC_037329.1,NC_032651.1,51351569,53537913,53537914,a,ac,1
NC_037329.1,NC_032651.1,51377831,53564176,53564177,t,ta,1
NC_037329.1,NC_032651.1,51380799,53567145,53567146,c,ca,1
NC_037329.1,NC_032651.1,51423253,53609600,53609601,a,at,1
NC_037329.1,NC_032651.1,51448944,53661386,53661387,g,ga,1
NC_037329.1,NC_032651.1,51738238,53945072,53945073,a,at,1
NC_037329.1,NC_032651.1,51738278,53945114,53945115,c,ca,1
NC_037329.1,NC_032651.1,51804371,54012646,54012647,T,TC,1
NC_037329.1,NC_032651.1,51832809,54040898,54040899,A,AT,1
NC_037329.1,NC_032651.1,51843924,54054444,54054447,G,GACA,3
NC_037329.1,NC_032651.1,51850524,54061049,54061050,G,GC,1
NC_037329.1,NC_032651.1,51851969,54062489,54062490,G,GT,1
NC_037329.1,NC_032651.1,51872220,54082557,54082558,T,TA,1
NC_037329.1,NC_032651.1,51872275,54082613,54082729,g,gttttacagaaaaaaaaaatgcatagaaaaCTCAAACTTACTACATGTAAATNNNNNNNNNNNNNNNNNNNNNNNNNNNNNNNNNNNNNNNNNNNNNNNNNNNNNNNNNNNNNNNNN,116
NC_037329.1,NC_032651.1,51894850,54105314,54105315,G,GR,1
NC_037329.1,NC_032651.1,51897667,54108145,54108147,a,aNN,2
NC_037329.1,NC_032651.1,51988617,54199109,54199123,c,cgctacacacacaca,14
NC_037329.1,NC_032651.1,51989978,54200484,54200485,g,gc,1
NC_037329.1,NC_032651.1,52009488,54219997,54220000,A,ATAG,3
NC_037329.1,NC_032651.1,52010712,54221225,54221236,A,ATTTAGCAATAC,11
NC_037329.1,NC_032651.1,52156748,54367986,54367987,A,AM,1
NC_037329.1,NC_032651.1,52156814,54368051,54368052,A,AC,1
NC_037329.1,NC_032651.1,52216424,54427327,54427328,C,CY,1
NC_037329.1,NC_032651.1,52350917,54561724,54561725,c,ct,1
NC_037329.1,NC_032651.1,52378495,54588989,54588991,G,GCA,2
NC_037329.1,NC_032651.1,52446143,54670082,54670088,A,ATTTGAC,6
NC_037329.1,NC_032651.1,52488501,54712243,54712251,a,aNNNNNNNN,8
NC_037329.1,NC_032651.1,52499793,54723550,54723551,t,tg,1
NC_037329.1,NC_032651.1,52530301,54754057,54754058,A,AG,1
NC_037329.1,NC_032651.1,52558233,54781991,54781992,c,ca,1
NC_037329.1,NC_032651.1,52558238,54781997,54781998,c,ct,1
NC_037329.1,NC_032651.1,52663699,54887491,54887492,t,ta,1
NC_037329.1,NC_032651.1,52707646,54931453,54931454,G,GC,1
NC_037329.1,NC_032651.1,52735544,54959349,54959351,g,gtc,2
NC_037329.1,NC_032651.1,52758150,54981957,54981958,t,ta,1
NC_037329.1,NC_032651.1,52767742,54991550,54991551,G,GA,1
NC_037329.1,NC_032651.1,52792814,55016623,55016624,T,TW,1
NC_037329.1,NC_032651.1,52802419,55026210,55026212,a,atg,2
NC_037329.1,NC_032651.1,52825773,55049570,55049576,a,aNNNNNN,6
NC_037329.1,NC_032651.1,52826034,55049837,55049838,g,gc,1
NC_037329.1,NC_032651.1,52884414,55108093,55108095,t,tta,2
NC_037329.1,NC_032651.1,52886799,55110480,55110481,A,AG,1
NC_037329.1,NC_032651.1,52904522,55128208,55128209,T,TA,1
NC_037329.1,NC_032651.1,52905080,55128767,55128768,T,TA,1
NC_037329.1,NC_032651.1,52926804,55153728,55153729,A,AW,1
NC_037329.1,NC_032651.1,52979097,55209590,55209591,g,ga,1
NC_037329.1,NC_032651.1,52983650,55214148,55214149,g,ga,1
NC_037329.1,NC_032651.1,53032786,55263280,55263282,t,taa,2
NC_037329.1,NC_032651.1,53036464,55266960,55266961,t,ta,1
NC_037329.1,NC_032651.1,53036674,55267171,55267172,T,TG,1
NC_037329.1,NC_032651.1,53053409,55283893,55283897,C,CACTG,4
NC_037329.1,NC_032651.1,53112480,55342992,55342995,t,ttta,3
NC_037329.1,NC_032651.1,53140180,55370685,55370686,T,TC,1
NC_037329.1,NC_032651.1,53229996,55449314,55449315,g,gt,1
NC_037329.1,NC_032651.1,53245678,55464999,55465000,A,AM,1
NC_037329.1,NC_032651.1,53246354,55465676,55465677,C,CT,1
NC_037329.1,NC_032651.1,53332176,55551416,55551417,A,AG,1
NC_037329.1,NC_032651.1,53492167,55712133,55712138,g,gaggga,5
NC_037329.1,NC_032651.1,53554751,55774738,55774740,t,tta,2
NC_037329.1,NC_032651.1,53588238,55808220,55808221,t,tc,1
NC_037329.1,NC_032651.1,53712101,56040719,56040721,t,ttg,2
NC_037329.1,NC_032651.1,53723822,56052463,56052464,A,AW,1
NC_037329.1,NC_032651.1,53728824,56057260,56057261,c,ca,1
NC_037329.1,NC_032651.1,53728824,55944467,55944468,c,ca,1
NC_037329.1,NC_032651.1,53773919,55989496,55989497,T,TA,1
NC_037329.1,NC_032651.1,53785814,56001442,56001444,t,taA,2
NC_037329.1,NC_032651.1,53796901,56012528,56012529,C,CS,1
NC_037329.1,NC_032651.1,53804272,56083398,56083403,a,actgat,5
NC_037329.1,NC_032651.1,53835240,56114370,56114371,t,ta,1
NC_037329.1,NC_032651.1,53852942,56132900,56132901,C,CG,1
NC_037329.1,NC_032651.1,53858887,56138846,56138848,t,taa,2
NC_037329.1,NC_032651.1,53863467,56143163,56143164,g,gt,1
NC_037329.1,NC_032651.1,53863539,56143236,56143535,t,tcttttttttttttttttttttattcaaagctttatttttttttttttttctctaattttattttatttttaaactttacataattgtattagttttgccaaatatcaaaatgaatccgccacaggtatacatgtgttccccatcccgaaccctcctccctcctccctccccataccatccctctgggccgtcccagtgcaccagccccaagcatccagcatcatgcatcgaatctggactggcaacttgtttcctacatgatattttacatgtttcattgccattctcccaaatcttcc,299
NC_037329.1,NC_032651.1,53897906,56177957,56177961,T,TATTC,4
NC_037329.1,NC_032651.1,53931558,56211459,56211460,c,ct,1
NC_037329.1,NC_032651.1,53944229,56224134,56224138,g,gagtc,4
NC_037329.1,NC_032651.1,53945275,56225175,56225176,C,CA,1
NC_037329.1,NC_032651.1,53949536,56229437,56229439,c,ctt,2
NC_037329.1,NC_032651.1,53987705,56269008,56269010,c,cat,2
NC_037329.1,NC_032651.1,53987814,56269117,56269118,c,ct,1
NC_037329.1,NC_032651.1,54151897,56432723,56432724,T,TK,1
NC_037329.1,NC_032651.1,54166641,56447469,56447470,T,TY,1
NC_037329.1,NC_032651.1,54208661,56489510,56489511,g,gt,1
NC_037329.1,NC_032651.1,54290236,56612779,56612780,T,TC,1
NC_037329.1,NC_032651.1,54290971,56613514,56613524,t,ttctttctttc,10
NC_037329.1,NC_032651.1,54291005,56613558,56613559,a,at,1
NC_037329.1,NC_032651.1,54291310,56613864,56613866,T,TTG,2
NC_037329.1,NC_032651.1,54293298,56615872,56615873,t,tg,1
NC_037329.1,NC_032651.1,54293421,56615996,56615997,a,ag,1
NC_037329.1,NC_032651.1,54296634,56619237,56619238,A,AM,1
NC_037329.1,NC_032651.1,54296954,56619557,56619559,a,atg,2
NC_037329.1,NC_032651.1,54298730,56621335,56621336,c,ct,1
NC_037329.1,NC_032651.1,54299490,56622069,56622070,c,ct,1
NC_037329.1,NC_032651.1,54299911,56622480,56622481,A,AW,1
NC_037329.1,NC_032651.1,54314714,56637295,56637327,t,ttatatatatatatatatatatatatatatata,32
NC_037329.1,NC_032651.1,54332664,56655283,56655308,c,cctaacagaagcagaagatatcaaga,25
NC_037329.1,NC_032651.1,54408620,56731239,56731240,t,tg,1
NC_037329.1,NC_032651.1,54432754,56755385,56755386,G,GR,1
NC_037329.1,NC_032651.1,54443413,56766044,56766076,a,acattccaggatgtctggctctaggtcagtgat,32
NC_037329.1,NC_032651.1,54447131,56769794,56769796,c,cag,2
NC_037329.1,NC_032651.1,54458081,56780740,56780741,a,at,1
NC_037329.1,NC_032651.1,54484674,56807338,56807339,t,tN,1
NC_037329.1,NC_032651.1,54538202,56863092,56863098,t,tagcagc,6
NC_037329.1,NC_032651.1,54553154,56878043,56878051,C,CAGTAGGTG,8
NC_037329.1,NC_032651.1,54565141,56890148,56890149,A,AG,1
NC_037329.1,NC_032651.1,54578131,56903142,56903144,T,TNN,2
NC_037329.1,NC_032651.1,54595784,56920603,56920604,t,ta,1
NC_037329.1,NC_032651.1,54744198,57069010,57069012,g,gca,2
NC_037329.1,NC_032651.1,54745615,57070429,57070433,g,ggttt,4
NC_037329.1,NC_032651.1,54746161,57070979,57070980,T,TA,1
NC_037329.1,NC_032651.1,54747251,57072068,57072070,a,act,2
NC_037329.1,NC_032651.1,54748968,57073788,57073789,G,GC,1
NC_037329.1,NC_032651.1,54754880,57079687,57079688,C,CT,1
NC_037329.1,NC_032651.1,54759207,57084017,57084019,T,TAA,2
NC_037329.1,NC_032651.1,54771442,57096252,57096254,A,AAG,2
NC_037329.1,NC_032651.1,54833745,57158598,57158600,a,acg,2
NC_037329.1,NC_032651.1,54833881,57158736,57158737,T,TC,1
NC_037329.1,NC_032651.1,54837313,57162169,57162170,A,AR,1
NC_037329.1,NC_032651.1,54862159,57188394,57188395,g,ga,1
NC_037329.1,NC_032651.1,54931653,57256624,57256625,t,tg,1
NC_037329.1,NC_032651.1,54951646,57276617,57276618,c,ca,1
NC_037329.1,NC_032651.1,54952648,57278180,57278181,c,ct,1
NC_037329.1,NC_032651.1,54953055,57278027,57278028,t,ta,1
NC_037329.1,NC_032651.1,54953057,57278030,57278031,c,cg,1
NC_037329.1,NC_032651.1,54956313,57281845,57281847,t,tta,2
NC_037329.1,NC_032651.1,54988615,57314343,57314346,A,AGTT,3
NC_037329.1,NC_032651.1,55000799,57326562,57326564,T,TTC,2
NC_037329.1,NC_032651.1,55016781,57342555,57342557,t,taa,2
NC_037329.1,NC_032651.1,55018801,57344581,57344582,a,at,1
NC_037329.1,NC_032651.1,55287428,57672392,57672399,t,taggctgc,7
NC_037329.1,NC_032651.1,55338886,57723022,57723024,A,AAT,2
NC_037329.1,NC_032651.1,55364977,57749131,57749149,a,actatatatatatatatat,18
NC_037329.1,NC_032651.1,55409797,57794409,57794411,T,TTC,2
NC_037329.1,NC_032651.1,55422845,57807434,57807437,a,atat,3
NC_037329.1,NC_032651.1,55426853,57811445,57811448,C,CCTY,3
NC_037329.1,NC_032651.1,55468333,57851547,57851549,c,caa,2
NC_037329.1,NC_032651.1,55495013,57878228,57878234,t,ttttttg,6
NC_037329.1,NC_032651.1,55524027,57907176,57907180,A,ATCTG,4
NC_037329.1,NC_032651.1,55549022,57932175,57932176,t,ta,1
NC_037329.1,NC_032651.1,55556721,57939874,57939875,t,tg,1
NC_037329.1,NC_032651.1,55565591,57948750,57948753,t,tttg,3
NC_037329.1,NC_032651.1,55636967,58020129,58020130,g,gt,1
NC_037329.1,NC_032651.1,55660342,58045519,58045521,c,cct,2
NC_037329.1,NC_032651.1,55668262,58053445,58053446,T,TC,1
NC_037329.1,NC_032651.1,55691960,58077146,58077149,g,gaat,3
NC_037329.1,NC_032651.1,55722599,58108059,58108065,t,tatacta,6
NC_037329.1,NC_032651.1,55722854,58108320,58108322,t,taa,2
NC_037329.1,NC_032651.1,55725071,58110539,58110541,C,CTA,2
NC_037329.1,NC_032651.1,55734489,58119955,58119956,g,gc,1
NC_037329.1,NC_032651.1,55736520,58121987,58121991,a,attaN,4
NC_037329.1,NC_032651.1,55741666,58127135,58127136,t,ta,1
NC_037329.1,NC_032651.1,55751284,58136841,58136842,T,TC,1
NC_037329.1,NC_032651.1,55779584,58165148,58165150,A,AAC,2
NC_037329.1,NC_032651.1,55783745,58169312,58169313,a,at,1
NC_037329.1,NC_032651.1,55812028,58197601,58197602,g,ga,1
NC_037329.1,NC_032651.1,55828479,58214068,58214069,t,ta,1
NC_037329.1,NC_032651.1,55887543,58272720,58272721,A,AG,1
NC_037329.1,NC_032651.1,55954231,58339424,58339425,T,TA,1
NC_037329.1,NC_032651.1,55961557,58346751,58346752,a,ac,1
NC_037329.1,NC_032651.1,55991874,58377073,58377074,g,ga,1
NC_037329.1,NC_032651.1,56000159,58385357,58385358,a,at,1
NC_037329.1,NC_032651.1,56053730,58438938,58438939,T,TY,1
NC_037329.1,NC_032651.1,56056032,58441241,58441242,t,ta,1
NC_037329.1,NC_032651.1,56130757,58793916,58793917,A,AW,1
NC_037329.1,NC_032651.1,56132077,58795237,58795238,a,ag,1
NC_037329.1,NC_032651.1,56134207,58797369,58797370,C,CT,1
NC_037329.1,NC_032651.1,56142902,58806080,58806099,g,gatgtgagagacacgGTTCA,19
NC_037329.1,NC_032651.1,56143720,58806918,58806919,T,TC,1
NC_037329.1,NC_032651.1,56144627,58807826,58807827,G,GT,1
NC_037329.1,NC_032651.1,56148362,58811554,58811556,c,ctg,2
NC_037329.1,NC_032651.1,56157675,58820880,58820881,A,AW,1
NC_037329.1,NC_032651.1,56158051,58821257,58821258,T,TA,1
NC_037329.1,NC_032651.1,56161526,58824731,58824732,g,gc,1
NC_037329.1,NC_032651.1,56162598,58825802,58825803,T,TY,1
NC_037329.1,NC_032651.1,56168822,58832023,58832024,G,GC,1
NC_037329.1,NC_032651.1,56169943,58833143,58833145,t,tac,2
NC_037329.1,NC_032651.1,56173249,58836450,58836451,T,TC,1
NC_037329.1,NC_032651.1,56174808,58691986,58691993,a,atataagc,7
NC_037329.1,NC_032651.1,56178728,58695913,58695914,T,TW,1
NC_037329.1,NC_032651.1,56187626,58704804,58704805,C,CA,1
NC_037329.1,NC_032651.1,56188982,58706161,58706164,t,tagc,3
NC_037329.1,NC_032651.1,56207008,58724198,58724199,G,GK,1
NC_037329.1,NC_032651.1,56251772,58865548,58865549,A,AW,1
NC_037329.1,NC_032651.1,56255169,58868946,58868947,T,TG,1
NC_037329.1,NC_032651.1,56263436,58877219,58877221,A,AAM,2
NC_037329.1,NC_032651.1,56266606,58880391,58880404,a,aaatttggaaaact,13
NC_037329.1,NC_032651.1,56285788,58899952,58899953,C,CT,1
NC_037329.1,NC_032651.1,56291169,58905354,58905355,c,ct,1
NC_037329.1,NC_032651.1,56436717,58494922,58494928,t,tNNNNNN,6
NC_037329.1,NC_032651.1,56454395,59105441,59105446,c,catcta,5
NC_037329.1,NC_032651.1,56494788,59145845,59145847,c,cat,2
NC_037329.1,NC_032651.1,56501250,59152309,59152311,t,tNN,2
NC_037329.1,NC_032651.1,56519428,59170485,59170490,g,ggaaaa,5
NC_037329.1,NC_032651.1,56541898,59192965,59192966,G,GS,1
NC_037329.1,NC_032651.1,56548069,59199137,59199138,C,CA,1
NC_037329.1,NC_032651.1,56568988,59220062,59220064,c,cat,2
NC_037329.1,NC_032651.1,56589466,59240540,59240541,G,GA,1
NC_037329.1,NC_032651.1,56600286,59251365,59251366,g,gt,1
NC_037329.1,NC_032651.1,56603151,59254229,59254231,a,agt,2
NC_037329.1,NC_032651.1,56647006,59297763,59297764,c,ct,1
NC_037329.1,NC_032651.1,56662660,59313419,59313423,t,taaaa,4
NC_037329.1,NC_032651.1,56674438,59325203,59325204,T,TY,1
NC_037329.1,NC_032651.1,56680152,59330900,59330901,t,tc,1
NC_037329.1,NC_032651.1,56680515,59331264,59331266,c,cca,2
NC_037329.1,NC_032651.1,56687957,59338709,59338710,G,GA,1
NC_037329.1,NC_032651.1,56702847,59353594,59353596,t,tcc,2
NC_037329.1,NC_032651.1,56722845,59389868,59389871,c,caaa,3
NC_037329.1,NC_032651.1,56891226,59555999,59556000,a,at,1
NC_037329.1,NC_032651.1,56891246,59556020,59556022,g,gaa,2
NC_037329.1,NC_032651.1,56974821,59639281,59639282,T,TA,1
NC_037329.1,NC_032651.1,57109827,59773551,59773552,A,AT,1
NC_037329.1,NC_032651.1,57113885,59777617,59777618,G,GA,1
NC_037329.1,NC_032651.1,57124502,59788241,59788242,t,ta,1
NC_037329.1,NC_032651.1,57198237,59862008,59862009,t,ta,1
NC_037329.1,NC_032651.1,57204056,59867827,59867829,g,gtt,2
NC_037329.1,NC_032651.1,57242089,59905925,59905926,A,AC,1
NC_037329.1,NC_032651.1,57244738,59908690,59908691,T,TG,1
NC_037329.1,NC_032651.1,57245865,59909818,59909819,C,CT,1
NC_037329.1,NC_032651.1,57246051,59910005,59910013,C,CAGAAGCTA,8
NC_037329.1,NC_032651.1,57278190,59942200,59942202,a,atg,2
NC_037329.1,NC_032651.1,57377173,60041195,60041196,g,ga,1
NC_037329.1,NC_032651.1,57461686,60125693,60125699,a,aNNNNNN,6
NC_037329.1,NC_032651.1,57480873,60144901,60144902,c,ct,1
NC_037329.1,NC_032651.1,57498646,60163175,60163188,c,cttcacccctaaga,13
NC_037329.1,NC_032651.1,57516221,60180763,60180773,a,atctctctctc,10
NC_037329.1,NC_032651.1,57529674,60188520,60188522,C,CTA,2
NC_037329.1,NC_032651.1,57570003,60228869,60228870,A,AC,1
NC_037329.1,NC_032651.1,57599583,60265251,60265252,C,CT,1
NC_037329.1,NC_032651.1,57618229,60289147,60289148,a,at,1
NC_037329.1,NC_032651.1,57621888,60292744,60292745,T,TA,1
NC_037329.1,NC_032651.1,57623048,60293904,60293905,g,ga,1
NC_037329.1,NC_032651.1,57679790,60350932,60350934,a,aag,2
NC_037329.1,NC_032651.1,57689123,60360189,60360192,t,taaa,3
NC_037329.1,NC_032651.1,57694289,60364292,60364293,G,GA,1
NC_037329.1,NC_032651.1,57946869,60576282,60576283,T,TA,1
NC_037329.1,NC_032651.1,57947010,60576424,60576425,A,AW,1
NC_037329.1,NC_032651.1,58158313,60818284,60818285,T,TK,1
NC_037329.1,NC_032651.1,58159433,60819405,60819406,c,ca,1
NC_037329.1,NC_032651.1,58260536,60999604,60999605,A,AC,1
NC_037329.1,NC_032651.1,58313825,61052760,61052761,t,ta,1
NC_037329.1,NC_032651.1,58318578,61057537,61057543,t,taaaaaa,6
NC_037329.1,NC_032651.1,58319558,61058523,61058524,a,at,1
NC_037329.1,NC_032651.1,58326041,61064951,61064952,C,CA,1
NC_037329.1,NC_032651.1,58326578,61065489,61065490,C,CT,1
NC_037329.1,NC_032651.1,58328730,61067645,61067646,T,TY,1
NC_037329.1,NC_032651.1,58332210,61071127,61071130,A,ATAT,3
NC_037329.1,NC_032651.1,58455700,61106726,61106727,T,TN,1
NC_037329.1,NC_032651.1,58504578,61284701,61284703,C,CCT,2
NC_037329.1,NC_032651.1,58510655,61290777,61290798,G,GTGGTAAAAGCCATGACTCAGC,21
NC_037329.1,NC_032651.1,58512284,61292416,61292417,t,tg,1
NC_037329.1,NC_032651.1,58513727,61293857,61293859,C,CAA,2
NC_037329.1,NC_032651.1,58517033,61297149,61297155,c,ctttttt,6
NC_037329.1,NC_032651.1,58674978,61455100,61455101,C,CG,1
NC_037329.1,NC_032651.1,58695657,61475784,61475785,c,ct,1
NC_037329.1,NC_032651.1,58769772,61550019,61550021,C,CTT,2
NC_037329.1,NC_032651.1,58788007,61568268,61568269,g,gc,1
NC_037329.1,NC_032651.1,58796083,61599157,61599158,t,tg,1
NC_037329.1,NC_032651.1,59032979,61851108,61851109,T,TA,1
NC_037329.1,NC_032651.1,59043170,61861218,61861219,t,ta,1
NC_037329.1,NC_032651.1,59103772,61916841,61916842,G,GT,1
NC_037329.1,NC_032651.1,59245321,62064085,62064090,t,tacatg,5
NC_037329.1,NC_032651.1,59248936,62067706,62067707,c,cg,1
NC_037329.1,NC_032651.1,59276381,62095151,62095153,C,CTA,2
NC_037329.1,NC_032651.1,59358725,62178515,62178521,G,GAATGTA,6
NC_037329.1,NC_032651.1,59373351,62193150,62193151,g,ga,1
NC_037329.1,NC_032651.1,59388495,62208295,62208297,T,TTC,2
NC_037329.1,NC_032651.1,59453192,62274304,62274310,A,ACTAAGG,6
NC_037329.1,NC_032651.1,59455035,62276154,62276155,A,AG,1
NC_037329.1,NC_032651.1,59477822,62298943,62298946,C,CCAT,3
NC_037329.1,NC_032651.1,59485065,62306189,62306190,C,CA,1
NC_037329.1,NC_032651.1,59523988,62345122,62345123,T,TW,1
NC_037329.1,NC_032651.1,59527463,62348613,62348617,A,ATCTW,4
NC_037329.1,NC_032651.1,59529388,62350542,62350544,C,CTT,2
NC_037329.1,NC_032651.1,59564484,62385643,62385645,C,CCM,2
NC_037329.1,NC_032651.1,59565617,62386780,62386781,T,TA,1
NC_037329.1,NC_032651.1,59572935,62394098,62394105,a,atatatat,7
NC_037329.1,NC_032651.1,59626568,62448510,62448511,a,ag,1
NC_037329.1,NC_032651.1,59682467,62531134,62531135,t,tg,1
NC_037329.1,NC_032651.1,59713659,62562328,62562329,c,ca,1
NC_037329.1,NC_032651.1,59727247,62575917,62575918,T,TG,1
NC_037329.1,NC_032651.1,59776126,62648528,62648546,A,ACTAGAGGCCACAGGCATT,18
NC_037329.1,NC_032651.1,59817366,62685300,62685301,t,ta,1
NC_037329.1,NC_032651.1,59817379,62685314,62685315,g,gc,1
NC_037329.1,NC_032651.1,59820899,62688834,62688835,g,ga,1
NC_037329.1,NC_032651.1,59863257,62735463,62735464,G,GT,1
NC_037329.1,NC_032651.1,59882079,62753611,62753612,G,GA,1
NC_037329.1,NC_032651.1,59890828,62762415,62762416,A,AT,1
NC_037329.1,NC_032651.1,59892381,62764025,62764028,C,CTAG,3
NC_037329.1,NC_032651.1,59897671,62769237,62769238,t,ta,1
NC_037329.1,NC_032651.1,59902898,62774466,62774469,a,aatt,3
NC_037329.1,NC_032651.1,59905408,62776984,62776985,A,AC,1
NC_037329.1,NC_032651.1,59909510,62781090,62781095,g,gttttt,5
NC_037329.1,NC_032651.1,59918313,62789900,62789904,c,cgtag,4
NC_037329.1,NC_032651.1,59941471,62813026,62813027,G,GT,1
NC_037329.1,NC_032651.1,60034298,62906748,62906750,t,tgc,2
NC_037329.1,NC_032651.1,60064933,62939858,62939861,t,tttc,3
NC_037329.1,NC_032651.1,60066761,62941692,62941693,a,at,1
NC_037329.1,NC_032651.1,60070404,62945337,62945338,g,gt,1
NC_037329.1,NC_032651.1,60072403,62947337,62947359,t,ttaaaaataaaataaaattaaaa,22
NC_037329.1,NC_032651.1,60082397,62957353,62957354,C,CY,1
NC_037329.1,NC_032651.1,60083997,62958954,62958955,t,tc,1
NC_037329.1,NC_032651.1,60084152,62959109,62959111,t,taY,2
NC_037329.1,NC_032651.1,60084814,62959773,62959774,a,ag,1
NC_037329.1,NC_032651.1,60201516,63080084,63080085,t,tc,1
NC_037329.1,NC_032651.1,60210079,63088651,63088653,A,ACG,2
NC_037329.1,NC_032651.1,60211782,63090358,63090359,T,TA,1
NC_037329.1,NC_032651.1,60225816,63104397,63104398,c,ct,1
NC_037329.1,NC_032651.1,60234420,63121857,63121861,t,taata,4
NC_037329.1,NC_032651.1,60236829,63124271,63124280,A,AGAAGTGATG,9
NC_037329.1,NC_032651.1,60241284,63128736,63128737,G,GR,1
NC_037329.1,NC_032651.1,60248375,63135816,63135817,C,CS,1
NC_037329.1,NC_032651.1,60252574,63140010,63140014,c,cgtgt,4
NC_037329.1,NC_032651.1,60425552,63338038,63338052,a,aatatatatatatat,14
NC_037329.1,NC_032651.1,60450596,63362903,63362907,C,CAAGG,4
NC_037329.1,NC_032651.1,60469685,63381889,63381890,C,CG,1
NC_037329.1,NC_032651.1,60508490,63420693,63420695,G,GAA,2
NC_037329.1,NC_032651.1,60600649,63512986,63512988,t,tNN,2
NC_037329.1,NC_032651.1,60608141,63520480,63520481,c,ca,1
NC_037329.1,NC_032651.1,60609902,63522242,63522244,a,aag,2
NC_037329.1,NC_032651.1,60615514,63527858,63527859,t,tc,1
NC_037329.1,NC_032651.1,60792639,63705530,63705532,a,aNN,2
NC_037329.1,NC_032651.1,60905884,63818887,63818888,c,ct,1
NC_037329.1,NC_032651.1,60943484,63856489,63856490,t,tY,1
NC_037329.1,NC_032651.1,60965581,63878594,63878595,t,tg,1
NC_037329.1,NC_032651.1,60982465,63895479,63895490,c,ctaaaggactct,11
NC_037329.1,NC_032651.1,61027430,63933656,63933658,c,cta,2
NC_037329.1,NC_032651.1,61027430,63971403,63971405,c,cta,2
NC_037329.1,NC_032651.1,61027585,63933500,63933501,t,ta,1
NC_037329.1,NC_032651.1,61027585,63971559,63971560,t,ta,1
NC_037329.1,NC_032651.1,61065469,64009424,64009425,T,TG,1
NC_037329.1,NC_032651.1,61075306,64019263,64019271,g,ggggacaca,8
NC_037329.1,NC_032651.1,61246211,64191373,64191379,t,ttttcac,6
NC_037329.1,NC_032651.1,61340215,64284534,64284535,A,AG,1
NC_037329.1,NC_032651.1,61401300,64345262,64345274,A,AGATTTCTAGAAR,12
NC_037329.1,NC_032651.1,61416891,64360981,64360982,A,AG,1
NC_037329.1,NC_032651.1,61480787,64424876,64424878,G,GGA,2
NC_037329.1,NC_032651.1,61480934,64425025,64425032,T,TAGTTTTA,7
NC_037329.1,NC_032651.1,61497909,64442008,64442015,C,CAAATTGG,7
NC_037329.1,NC_032651.1,61511835,64455941,64455954,T,TCCTTAANAATTAW,13
NC_037329.1,NC_032651.1,61534871,64478973,64478983,t,tgactggactg,10
NC_037329.1,NC_032651.1,61553987,64498099,64498101,C,CTG,2
NC_037329.1,NC_032651.1,61592681,64536415,64536417,a,aNN,2
NC_037329.1,NC_032651.1,61689759,64633487,64633488,T,TA,1
NC_037329.1,NC_032651.1,61712740,64656481,64656482,T,TG,1
NC_037329.1,NC_032651.1,61857617,64801541,64801542,A,AT,1
NC_037329.1,NC_032651.1,62106306,65077942,65077943,a,aW,1
NC_037329.1,NC_032651.1,62199651,65171291,65171292,a,ac,1
NC_037329.1,NC_032651.1,62580998,65562084,65562085,T,TG,1
NC_037329.1,NC_032651.1,62711781,65692871,65692873,g,gaa,2
NC_037329.1,NC_032651.1,62772645,65753795,65753796,C,CA,1
NC_037329.1,NC_032651.1,62783918,65765022,65765023,a,ac,1
NC_037329.1,NC_032651.1,62888577,65883238,65883239,g,gc,1
NC_037329.1,NC_032651.1,63063603,66058266,66058269,C,CCTA,3
NC_037329.1,NC_032651.1,63179296,66174118,66174119,c,cg,1
NC_037329.1,NC_032651.1,63184538,66179368,66179383,g,gcactttccacagcat,15
NC_037329.1,NC_032651.1,63184786,66179631,66179632,t,tc,1
NC_037329.1,NC_032651.1,63320050,66314284,66314285,C,CA,1
NC_037329.1,NC_032651.1,63320058,66314293,66314294,C,CT,1
NC_037329.1,NC_032651.1,63336488,66330548,66330549,A,AC,1
NC_037329.1,NC_032651.1,63469176,66533118,66533119,g,gt,1
NC_037329.1,NC_032651.1,63469231,66533174,66533175,c,ca,1
NC_037329.1,NC_032651.1,63759479,66890127,66890128,t,ta,1
NC_037329.1,NC_032651.1,63868913,67064198,67064199,A,AS,1
NC_037329.1,NC_032651.1,63898785,67094069,67094070,a,at,1
NC_037329.1,NC_032651.1,64092952,67286751,67286752,a,at,1
NC_037329.1,NC_032651.1,64158743,67353002,67353003,C,CA,1
NC_037329.1,NC_032651.1,64158765,67353025,67353026,C,CT,1
NC_037329.1,NC_032651.1,64165376,67359637,67359640,A,AAGG,3
NC_037329.1,NC_032651.1,64437849,67686571,67686572,c,ca,1
NC_037329.1,NC_032651.1,64452670,67701882,67701884,t,tNN,2
NC_037329.1,NC_032651.1,64570110,67819309,67819310,t,ta,1
NC_037329.1,NC_032651.1,64657077,67911653,67911654,A,AG,1
NC_037329.1,NC_032651.1,64799499,68061152,68061160,G,GCATATGGC,8
NC_037329.1,NC_032651.1,64876347,68138013,68138014,C,CA,1
NC_037329.1,NC_032651.1,65005806,68267773,68267774,C,CG,1
NC_037329.1,NC_032651.1,65005858,68267827,68267828,t,tc,1
NC_037329.1,NC_032651.1,65005882,68267852,68267853,t,tc,1
NC_037329.1,NC_032651.1,65027217,68289187,68289191,A,AAGGC,4
NC_037329.1,NC_032651.1,65091042,68353166,68353167,t,tg,1
NC_037329.1,NC_032651.1,65288950,68551034,68551036,t,tNN,2
NC_037329.1,NC_032651.1,65373839,68635935,68635938,c,caaa,3
NC_037329.1,NC_032651.1,65488034,68750132,68750133,a,aM,1
NC_037329.1,NC_032651.1,65550617,68812295,68812296,A,AW,1
NC_037329.1,NC_032651.1,65767290,69021716,69021718,t,tca,2
NC_037329.1,NC_032651.1,65771501,69025923,69025924,C,CA,1
NC_037329.1,NC_032651.1,66028726,69287366,69287367,t,tN,1
NC_037329.1,NC_032651.1,66113030,69376488,69376494,t,tccctaa,6
NC_037329.1,NC_032651.1,66223098,69486580,69486581,T,TA,1
NC_037329.1,NC_032651.1,66225398,69488881,69488883,a,aNN,2
NC_037329.1,NC_032651.1,66330015,69593236,69593237,C,CT,1
NC_037329.1,NC_032651.1,66330023,69593245,69593246,A,AT,1
NC_037329.1,NC_032651.1,66330027,69593250,69593251,C,CT,1
NC_037329.1,NC_032651.1,66486796,69750015,69750016,a,ac,1
NC_037329.1,NC_032651.1,66551553,69815062,69815068,T,TCTANNN,6
NC_037329.1,NC_032651.1,66650617,69913374,69913375,A,AG,1
NC_037329.1,NC_032651.1,66663648,69926407,69926410,T,TTTA,3
NC_037329.1,NC_032651.1,66675702,69938535,69938542,A,AGgtttct,7
NC_037329.1,NC_032651.1,66678075,69940915,69940916,t,tY,1
NC_037329.1,NC_032651.1,66684374,69947028,69947029,T,TY,1
NC_037329.1,NC_032651.1,66692009,69954666,69954667,g,ga,1
NC_037329.1,NC_032651.1,66726866,69989586,69989587,A,AC,1
NC_037329.1,NC_032651.1,66736834,69999577,69999578,C,CT,1
NC_037329.1,NC_032651.1,66756605,70019349,70019350,c,ct,1
NC_037329.1,NC_032651.1,66801019,70063655,70063656,A,AS,1
NC_037329.1,NC_032651.1,66813421,70076059,70076061,g,gtt,2
NC_037329.1,NC_032651.1,66814161,70076810,70076811,t,tg,1
NC_037329.1,NC_032651.1,66822091,70084743,70084744,G,GT,1
NC_037329.1,NC_032651.1,66823799,70086450,70086451,c,ct,1
NC_037329.1,NC_032651.1,66823804,70086456,70086457,g,ga,1
NC_037329.1,NC_032651.1,66823867,70086520,70086521,t,ta,1
NC_037329.1,NC_032651.1,66947324,70210550,70210553,t,tctg,3
NC_037329.1,NC_032651.1,66955228,70218376,70218377,a,at,1
NC_037329.1,NC_032651.1,66957130,70220331,70220335,A,AAGTG,4
NC_037329.1,NC_032651.1,66967420,70230630,70230631,g,ga,1
NC_037329.1,NC_032651.1,67051737,70314941,70314942,T,TG,1
NC_037329.1,NC_032651.1,67105083,70369492,70369493,g,gc,1
NC_037329.1,NC_032651.1,67171422,70434602,70434603,t,ta,1
NC_037329.1,NC_032651.1,67171470,70434651,70434652,g,ga,1
NC_037329.1,NC_032651.1,67176243,70439424,70439453,a,attctagattgtagaatcccatagacagag,29
NC_037329.1,NC_032651.1,67210524,70473735,70473737,C,CAT,2
NC_037329.1,NC_032651.1,67221295,70484516,70484517,A,AR,1
NC_037329.1,NC_032651.1,67221465,70484686,70484687,T,TG,1
NC_037329.1,NC_032651.1,67227967,70491184,70491187,t,tagc,3
NC_037329.1,NC_032651.1,67242096,70505337,70505340,a,aagt,3
NC_037329.1,NC_032651.1,67362570,70653517,70653519,c,cag,2
NC_037329.1,NC_032651.1,67404557,70695635,70695636,t,ta,1
NC_037329.1,NC_032651.1,67407250,70698327,70698328,t,tc,1
NC_037329.1,NC_032651.1,67489552,70810749,70810750,t,ta,1
NC_037329.1,NC_032651.1,67489575,70810773,70810774,t,ta,1
NC_037329.1,NC_032651.1,67491617,70812817,70812819,g,gtt,2
NC_037329.1,NC_032651.1,67618071,70939915,70939916,t,tc,1
NC_037329.1,NC_032651.1,67655401,70977944,70977946,c,cNN,2
NC_037329.1,NC_032651.1,67661772,70984311,70984312,G,GK,1
NC_037329.1,NC_032651.1,67700350,71022910,71022912,a,aag,2
NC_037329.1,NC_032651.1,67722547,71045104,71045105,t,tc,1
NC_037329.1,NC_032651.1,67722549,71045107,71045108,a,at,1
NC_037329.1,NC_032651.1,67723138,71045697,71045698,t,ta,1
NC_037329.1,NC_032651.1,67736957,71059518,71059519,g,gt,1
NC_037329.1,NC_032651.1,67737077,71059648,71059649,t,tg,1
NC_037329.1,NC_032651.1,67771998,71138506,71138508,g,gtt,2
NC_037329.1,NC_032651.1,67772320,71138830,71138832,t,tta,2
NC_037329.1,NC_032651.1,67772326,71138838,71138839,g,gt,1
NC_037329.1,NC_032651.1,67794635,71161184,71161185,C,CT,1
NC_037329.1,NC_032651.1,67798856,71165419,71165420,T,TK,1
NC_037329.1,NC_032651.1,67806461,71173001,71173002,C,CY,1
NC_037329.1,NC_032651.1,67867532,71232002,71232003,t,tg,1
NC_037329.1,NC_032651.1,67882906,71247107,71247116,T,TGCACTCAGA,9
NC_037329.1,NC_032651.1,67887609,71251825,71251826,C,CA,1
NC_037329.1,NC_032651.1,67887654,71251871,71251872,G,GC,1
NC_037329.1,NC_032651.1,67887934,71252151,71252152,g,ga,1
NC_037329.1,NC_032651.1,67969814,71333740,71333742,t,ttc,2
NC_037329.1,NC_032651.1,68056837,71420320,71420321,A,AC,1
NC_037329.1,NC_032651.1,68070876,71434359,71434360,c,ca,1
NC_037329.1,NC_032651.1,68184669,71463688,71463690,a,aag,2
NC_037329.1,NC_032651.1,68185692,71464713,71464726,C,CNNNNNNNNNNNNN,13
NC_037329.1,NC_032651.1,68206127,71485164,71485169,a,aaaaaR,5
NC_037329.1,NC_032651.1,68218609,71498019,71498020,T,TK,1
NC_037329.1,NC_032651.1,68287263,71584517,71584519,g,gaa,2
NC_037329.1,NC_032651.1,68344607,71641861,71641862,t,ta,1
NC_037329.1,NC_032651.1,68382052,71682862,71682864,t,taa,2
NC_037329.1,NC_032651.1,68459571,71760407,71760418,a,aacccccctccc,11
NC_037329.1,NC_032651.1,68471903,71772748,71772750,t,tag,2
NC_037329.1,NC_032651.1,68483817,71784663,71784664,g,ga,1
NC_037329.1,NC_032651.1,68489211,71790052,71790053,g,ga,1
NC_037329.1,NC_032651.1,68533941,71835856,71835859,c,caca,3
NC_037329.1,NC_032651.1,68533944,71835862,71835864,c,cca,2
NC_037329.1,NC_032651.1,68560580,71863227,71863228,t,tg,1
NC_037329.1,NC_032651.1,68569998,71872643,71872644,A,AG,1
NC_037329.1,NC_032651.1,68681588,71984240,71984242,a,aNN,2
NC_037329.1,NC_032651.1,68703859,72006515,72006516,g,gt,1
NC_037329.1,NC_032651.1,68733321,72035978,72035979,t,tg,1
NC_037329.1,NC_032651.1,68922564,72230270,72230271,a,ag,1
NC_037329.1,NC_032651.1,68925295,72232994,72232995,c,ca,1
NC_037329.1,NC_032651.1,68989637,72297463,72297464,G,GA,1
NC_037329.1,NC_032651.1,69127772,72429567,72429568,A,AC,1
NC_037329.1,NC_032651.1,69133707,72435503,72435504,g,gc,1
NC_037329.1,NC_032651.1,69157542,72459338,72459339,a,at,1
NC_037329.1,NC_032651.1,69252777,72554718,72554719,t,ta,1
NC_037329.1,NC_032651.1,69294051,72595968,72595975,a,aagcatcc,7
NC_037329.1,NC_032651.1,69300629,72602550,72602552,g,gaa,2
NC_037329.1,NC_032651.1,69300660,72602583,72602584,t,ta,1
NC_037329.1,NC_032651.1,69300924,72602849,72602852,t,taaa,3
NC_037329.1,NC_032651.1,69301001,72602929,72602930,g,gt,1
NC_037329.1,NC_032651.1,69333551,72635476,72635477,t,ta,1
NC_037329.1,NC_032651.1,69369869,72670777,72670778,C,CM,1
NC_037329.1,NC_032651.1,69428382,72729332,72729333,t,ta,1
NC_037329.1,NC_032651.1,69430629,72731580,72731582,t,tNN,2
NC_037329.1,NC_032651.1,69457414,72758238,72758239,a,ac,1
NC_037329.1,NC_032651.1,69472058,72772883,72772888,a,aaaatN,5
NC_037329.1,NC_032651.1,69584335,72885422,72885423,G,GA,1
NC_037329.1,NC_032651.1,69594843,72895943,72895944,A,AC,1
NC_037329.1,NC_032651.1,69662291,72989322,72989324,A,AAT,2
NC_037329.1,NC_032651.1,69762522,73089561,73089563,g,gaa,2
NC_037329.1,NC_032651.1,69817576,73144618,73144623,T,TCCCGC,5
NC_037329.1,NC_032651.1,69818011,73145058,73145059,G,GR,1
NC_037329.1,NC_032651.1,70218975,73574478,73574480,t,tNN,2
NC_037329.1,NC_032651.1,70222189,73577694,73577695,a,at,1
NC_037329.1,NC_032651.1,70235371,73591390,73591410,c,ccagtcctgtggccactgcca,20
NC_037329.1,NC_032651.1,70261068,73617141,73617142,T,TC,1
NC_037329.1,NC_032651.1,70332822,73715978,73715979,T,TG,1
NC_037329.1,NC_032651.1,70742282,74093444,74093445,c,ca,1
NC_037329.1,NC_032651.1,70924179,74295292,74295293,T,TK,1
NC_037329.1,NC_032651.1,71069178,74500154,74500155,c,ct,1
NC_037329.1,NC_032651.1,71293656,74722694,74722695,c,ca,1
NC_037329.1,NC_032651.1,71614631,75070700,75070703,g,gNNN,3
NC_037329.1,NC_032651.1,71814658,75270786,75270788,t,tNN,2
NC_037329.1,NC_032651.1,71889467,75345184,75345185,a,at,1
NC_037329.1,NC_032651.1,71960471,75416378,75416383,T,TCCAAA,5
NC_037329.1,NC_032651.1,72036689,75492435,75492436,a,ac,1
NC_037329.1,NC_032651.1,72066954,75522701,75522702,a,at,1
NC_037329.1,NC_032651.1,72066966,75522714,75522715,g,ga,1
NC_037329.1,NC_032651.1,72141164,75595616,75595617,C,CY,1
NC_037329.1,NC_032651.1,72260444,75715233,75715234,t,tc,1
NC_037329.1,NC_032651.1,72268788,75723578,75723579,c,ct,1
NC_037329.1,NC_032651.1,72268792,75723583,75723584,a,ag,1
NC_037329.1,NC_032651.1,72384091,75836148,75836149,G,GC,1
NC_037329.1,NC_032651.1,72492502,75944535,75944538,A,ACCN,3
NC_037329.1,NC_032651.1,72888312,76394704,76394705,T,TA,1
NC_037329.1,NC_032651.1,72964960,76538820,76538821,T,TN,1
NC_037329.1,NC_032651.1,73047586,76622804,76622811,g,gcagaata,7
NC_037329.1,NC_032651.1,73144736,76720763,76720764,a,ac,1
NC_037329.1,NC_032651.1,73220839,76796950,76796951,G,GY,1
NC_037329.1,NC_032651.1,73271200,76847315,76847316,A,AM,1
NC_037329.1,NC_032651.1,73280319,76856435,76856436,t,ta,1
NC_037329.1,NC_032651.1,73453251,77028973,77028975,a,aNN,2
NC_037329.1,NC_032651.1,73788966,77370259,77370261,a,aNN,2
NC_037329.1,NC_032651.1,73849159,77430459,77430460,A,AT,1
NC_037329.1,NC_032651.1,73849161,77430462,77430463,A,AC,1
NC_037329.1,NC_032651.1,73849206,77430508,77430509,C,CA,1
NC_037329.1,NC_032651.1,73881324,77477297,77477299,g,gta,2
NC_037329.1,NC_032651.1,74118675,77715941,77715942,C,CT,1
NC_037329.1,NC_032651.1,74229908,77836900,77836901,T,TA,1
NC_037329.1,NC_032651.1,74477668,78135272,78135274,t,tNN,2
NC_037329.1,NC_032651.1,74534580,78192230,78192231,C,CA,1
NC_037329.1,NC_032651.1,74835329,78492293,78492295,t,taa,2
NC_037329.1,NC_032651.1,75117504,78846212,78846213,t,ta,1
NC_037329.1,NC_032651.1,75216279,78950679,78950680,c,ct,1
NC_037329.1,NC_032651.1,75422803,79169771,79169773,t,tNN,2
NC_037329.1,NC_032651.1,75538800,79286792,79286794,t,ttg,2
NC_037329.1,NC_032651.1,75541322,79290054,79290055,g,ga,1
NC_037329.1,NC_032651.1,75713798,79520640,79520641,c,ct,1
NC_037329.1,NC_032651.1,75743346,79549482,79549483,g,ga,1
NC_037329.1,NC_032651.1,75744174,79550310,79550312,T,TTG,2
NC_037329.1,NC_032651.1,75746831,79552969,79552971,G,GGK,2
NC_037329.1,NC_032651.1,75748346,79554486,79554487,g,ga,1
NC_037329.1,NC_032651.1,75783532,79589664,79589665,A,AT,1
NC_037329.1,NC_032651.1,75783635,79589770,79589771,A,AT,1
NC_037329.1,NC_032651.1,75854199,79660315,79660316,G,GR,1
NC_037329.1,NC_032651.1,75856022,79662140,79662141,t,ta,1
NC_037329.1,NC_032651.1,75881449,79687557,79687582,g,gataggactggatgccatgatcttca,25
NC_037329.1,NC_032651.1,75886541,79692675,79692680,C,CAGGAA,5
NC_037329.1,NC_032651.1,75887936,79694075,79694076,g,ga,1
NC_037329.1,NC_032651.1,75888881,79695021,79695022,A,AR,1
NC_037329.1,NC_032651.1,75903720,79710019,79710020,A,AG,1
NC_037329.1,NC_032651.1,75918098,79724402,79724403,A,AG,1
NC_037329.1,NC_032651.1,75924742,79731049,79731050,C,CY,1
NC_037329.1,NC_032651.1,75928566,79734874,79734875,G,GR,1
NC_037329.1,NC_032651.1,75937643,79743901,79743903,A,AAC,2
NC_037329.1,NC_032651.1,75940734,79746994,79746995,T,TK,1
NC_037329.1,NC_032651.1,75957394,79765492,79765493,T,TC,1
NC_037329.1,NC_032651.1,75970997,79779256,79779257,A,AC,1
NC_037329.1,NC_032651.1,76038554,79851869,79851870,C,CG,1
NC_037329.1,NC_032651.1,76096222,79908737,79908738,A,AR,1
NC_037329.1,NC_032651.1,76099048,79911632,79911633,g,ga,1
NC_037329.1,NC_032651.1,76113309,79920473,79920482,t,tgatccagtg,9
NC_037329.1,NC_032651.1,76115069,79922242,79922244,g,gaa,2
NC_037329.1,NC_032651.1,76129589,79936309,79936311,t,taa,2
NC_037329.1,NC_032651.1,76140609,79944962,79944963,A,AG,1
NC_037329.1,NC_032651.1,76140647,79945001,79945002,G,GA,1
NC_037329.1,NC_032651.1,76145521,79949877,79949878,T,TA,1
NC_037329.1,NC_032651.1,76163216,79967572,79967574,c,cYt,2
NC_037329.1,NC_032651.1,76167815,79972111,79972112,a,at,1
NC_037329.1,NC_032651.1,76170295,79974592,79974593,A,AG,1
NC_037329.1,NC_032651.1,76181864,79989512,79989513,A,AR,1
NC_037329.1,NC_032651.1,76189564,79997225,79997226,G,GA,1
NC_037329.1,NC_032651.1,76258853,80066588,80066589,g,ga,1
NC_037329.1,NC_032651.1,76300725,80149855,80149856,t,tc,1
NC_037329.1,NC_032651.1,76315634,80164773,80164774,T,TY,1
NC_037329.1,NC_032651.1,76327577,80176717,80176727,A,ATTATGGCATT,10
NC_037329.1,NC_032651.1,76332197,80181358,80181359,A,AW,1
NC_037329.1,NC_032651.1,76344357,80193523,80193524,a,ac,1
NC_037329.1,NC_032651.1,76374335,80223462,80223463,A,AC,1
NC_037329.1,NC_032651.1,76395123,80244156,80244157,G,GT,1
NC_037329.1,NC_032651.1,76402253,80251289,80251290,T,TW,1
NC_037329.1,NC_032651.1,76417177,80266219,80266221,A,AAC,2
NC_037329.1,NC_032651.1,76447869,80296826,80296843,G,GTTATATGTTCAGTAAGT,17
NC_037329.1,NC_032651.1,76453546,80302598,80302638,a,acatatacatatatatatataNNNNNNNaaatatatatatt,40
NC_037329.1,NC_032651.1,76503351,80351594,80351595,A,AW,1
NC_037329.1,NC_032651.1,76521808,80370060,80370061,G,GA,1
NC_037329.1,NC_032651.1,76524682,80372935,80372936,A,AW,1
NC_037329.1,NC_032651.1,76524725,80372979,80372980,T,TK,1
NC_037329.1,NC_032651.1,76618918,80467607,80467608,G,GA,1
NC_037329.1,NC_032651.1,76624828,80473521,80473525,a,aNNNN,4
NC_037329.1,NC_032651.1,76633658,80482356,80482357,t,tc,1
NC_037329.1,NC_032651.1,76636066,80484765,80484774,a,aNNNNNNNNN,9
NC_037329.1,NC_032651.1,76651841,80518461,80518464,g,gcct,3
NC_037329.1,NC_032651.1,76753324,80557311,80557312,c,ct,1
NC_037329.1,NC_032651.1,76775977,80579965,80579967,g,gaa,2
NC_037329.1,NC_032651.1,76790650,80594643,80594644,A,AT,1
NC_037329.1,NC_032651.1,76807416,80611414,80611415,t,ta,1
NC_037329.1,NC_032651.1,76813117,80617147,80617151,a,agMac,4
NC_037329.1,NC_032651.1,76813124,80617158,80617160,g,gca,2
NC_037329.1,NC_032651.1,76833439,80637480,80637481,a,ag,1
NC_037329.1,NC_032651.1,76834303,80638345,80638346,T,TG,1
NC_037329.1,NC_032651.1,76835202,80639245,80639246,G,GA,1
NC_037329.1,NC_032651.1,76836313,80640357,80640358,g,ga,1
NC_037329.1,NC_032651.1,76838284,80642328,80642329,C,CT,1
NC_037329.1,NC_032651.1,76845090,80649147,80649162,g,gttcagttcagttcat,15
NC_037329.1,NC_032651.1,76853857,80657742,80657743,G,GR,1
NC_037329.1,NC_032651.1,76863331,80667217,80667218,a,ag,1
NC_037329.1,NC_032651.1,76866812,80670700,80670701,t,tY,1
NC_037329.1,NC_032651.1,76867269,80671157,80671158,G,GA,1
NC_037329.1,NC_032651.1,76882959,80686839,80686840,T,TA,1
NC_037329.1,NC_032651.1,76914558,80718461,80718470,a,atggaaacag,9
NC_037329.1,NC_032651.1,76917696,80721611,80721612,T,TG,1
NC_037329.1,NC_032651.1,76979782,80783708,80783709,t,ta,1
NC_037329.1,NC_032651.1,76996353,80800283,80800285,C,CCT,2
NC_037329.1,NC_032651.1,77042278,80812068,80812072,T,TCAAA,4
NC_037329.1,NC_032651.1,77043123,80812917,80812919,g,gtt,2
NC_037329.1,NC_032651.1,77047116,80816910,80816913,T,TTTG,3
NC_037329.1,NC_032651.1,77062745,80831772,80831773,g,gc,1
NC_037329.1,NC_032651.1,77108134,80877395,80877399,A,ATTGT,4
NC_037329.1,NC_032651.1,77218562,80941900,80941901,c,ca,1
NC_037329.1,NC_032651.1,77225911,80949260,80949262,T,TGA,2
NC_037329.1,NC_032651.1,77227393,80950747,80950764,a,aatgagtcaactcttcac,17
NC_037329.1,NC_032651.1,77235490,80958879,80958881,a,aat,2
NC_037329.1,NC_032651.1,77235696,80959087,80959093,c,cacacaY,6
NC_037329.1,NC_032651.1,77240343,80963735,80963736,t,ta,1
NC_037329.1,NC_032651.1,77262760,80986176,80986177,A,AM,1
NC_037329.1,NC_032651.1,77264976,80988392,80988393,G,GA,1
NC_037329.1,NC_032651.1,77278636,81002052,81002054,a,aNN,2
NC_037329.1,NC_032651.1,77315216,81038725,81038727,g,gct,2
NC_037329.1,NC_032651.1,77315227,81038738,81038741,c,cttt,3
NC_037329.1,NC_032651.1,77343076,81065327,81065329,t,tNN,2
NC_037329.1,NC_032651.1,77360296,81082550,81082557,t,tatatata,7
NC_037329.1,NC_032651.1,77377708,81099866,81099867,c,ca,1
NC_037329.1,NC_032651.1,77397580,81119736,81119744,A,AANNNNNNN,8
NC_037329.1,NC_032651.1,77450154,81172328,81172344,t,tcctcctgcccccaatc,16
NC_037329.1,NC_032651.1,77522640,81246145,81246146,t,tc,1
NC_037329.1,NC_032651.1,77523059,81246567,81246568,g,ga,1
NC_037329.1,NC_032651.1,77633335,81395070,81395071,T,TY,1
NC_037329.1,NC_032651.1,77644498,81406236,81406239,t,tata,3
NC_037329.1,NC_032651.1,77662180,81423918,81423922,T,TAATA,4
NC_037329.1,NC_032651.1,77672369,81434108,81434109,c,ca,1
NC_037329.1,NC_032651.1,77675656,81437381,81437382,A,AG,1
NC_037329.1,NC_032651.1,77676093,81437818,81437819,a,at,1
NC_037329.1,NC_032651.1,77680009,81441737,81441738,a,ac,1
NC_037329.1,NC_032651.1,77682783,81444511,81444512,a,at,1
NC_037329.1,NC_032651.1,77692481,81454211,81454215,t,taaaa,4
NC_037329.1,NC_032651.1,77692833,81454567,81454568,C,CT,1
NC_037329.1,NC_032651.1,77709467,81472453,81472454,C,CM,1
NC_037329.1,NC_032651.1,77711474,81474461,81474462,g,gt,1
NC_037329.1,NC_032651.1,77733104,81496086,81496088,A,ATG,2
NC_037329.1,NC_032651.1,77794416,81559629,81559630,c,ct,1
NC_037329.1,NC_032651.1,77814017,81578717,81578718,g,gt,1
NC_037329.1,NC_032651.1,77819347,81584048,81584050,c,cct,2
NC_037329.1,NC_032651.1,77819373,81584076,81584077,a,ag,1
NC_037329.1,NC_032651.1,77845758,81610469,81610470,T,TY,1
NC_037329.1,NC_032651.1,77850946,81615729,81615730,c,cg,1
NC_037329.1,NC_032651.1,77850962,81615746,81615747,a,ac,1
NC_037329.1,NC_032651.1,77870544,81634852,81634853,a,at,1
NC_037329.1,NC_032651.1,77874583,81638894,81638896,t,ttg,2
NC_037329.1,NC_032651.1,77876246,81640550,81640552,t,tag,2
NC_037329.1,NC_032651.1,77898663,81659053,81659060,a,aaatatat,7
NC_037329.1,NC_032651.1,77899836,81660232,81660233,t,tg,1
NC_037329.1,NC_032651.1,77938032,81698443,81698451,t,tggaccata,8
NC_037329.1,NC_032651.1,77941641,81703493,81703494,t,ta,1
NC_037329.1,NC_032651.1,77941663,81703516,81703517,g,ga,1
NC_037329.1,NC_032651.1,77946003,81707857,81707859,A,AAG,2
NC_037329.1,NC_032651.1,77946923,81708780,81708784,C,CTGAT,4
NC_037329.1,NC_032651.1,77955525,81717393,81717394,c,ca,1
NC_037329.1,NC_032651.1,77955784,81717653,81717654,t,ta,1
NC_037329.1,NC_032651.1,77959341,81721209,81721210,c,ct,1
NC_037329.1,NC_032651.1,77968348,81730225,81730226,a,ac,1
NC_037329.1,NC_032651.1,78017475,81783210,81783211,T,TC,1
NC_037329.1,NC_032651.1,78017799,81783530,81783531,C,CA,1
NC_037329.1,NC_032651.1,78018241,81783970,81783971,T,TC,1
NC_037329.1,NC_032651.1,78018303,81784032,81784033,T,TC,1
NC_037329.1,NC_032651.1,78018514,81784242,81784243,T,TG,1
NC_037329.1,NC_032651.1,78018699,81784425,81784427,c,cca,2
NC_037329.1,NC_032651.1,78018719,81784447,81784448,g,gC,1
NC_037329.1,NC_032651.1,78018895,81784614,81784615,T,TC,1
NC_037329.1,NC_032651.1,78018903,81784623,81784624,A,AT,1
NC_037329.1,NC_032651.1,78057488,81825317,81825318,T,TC,1
NC_037329.1,NC_032651.1,78067645,81835333,81835337,t,tttta,4
NC_037329.1,NC_032651.1,78111126,81879117,81879118,A,AT,1
NC_037329.1,NC_032651.1,78112385,81880368,81880372,c,cagtt,4
NC_037329.1,NC_032651.1,78115524,81883519,81883521,A,AAG,2
NC_037329.1,NC_032651.1,78121201,81889199,81889200,T,TA,1
NC_037329.1,NC_032651.1,78128062,81896055,81896056,T,TC,1
NC_037329.1,NC_032651.1,78147449,81915441,81915442,G,GC,1
NC_037329.1,NC_032651.1,78148993,81916986,81916987,C,CG,1
NC_037329.1,NC_032651.1,78173366,81931124,81931125,c,ct,1
NC_037329.1,NC_032651.1,78173642,81931398,81931399,a,ag,1
NC_037329.1,NC_032651.1,78173784,81931541,81931551,c,caactgaactg,10
NC_037329.1,NC_032651.1,78177347,81935116,81935117,t,ta,1
NC_037329.1,NC_032651.1,78186054,81943808,81943809,G,GR,1
NC_037329.1,NC_032651.1,78209145,81966478,81966480,a,aat,2
NC_037329.1,NC_032651.1,78228816,81986153,81986154,t,tc,1
NC_037329.1,NC_032651.1,78229170,81986508,81986514,c,catacag,6
NC_037329.1,NC_032651.1,78235571,81992915,81992921,c,ctgatgt,6
NC_037329.1,NC_032651.1,78243235,82000586,82000594,a,acactgttt,8
NC_037329.1,NC_032651.1,78245766,82003125,82003126,T,TG,1
NC_037329.1,NC_032651.1,78308741,82066124,82066126,t,tta,2
NC_037329.1,NC_032651.1,78317399,82074774,82074775,t,ta,1
NC_037329.1,NC_032651.1,78317753,82075129,82075130,c,ct,1
NC_037329.1,NC_032651.1,78346092,82103478,82103480,t,tgg,2
NC_037329.1,NC_032651.1,78363852,82121252,82121254,T,TAG,2
NC_037329.1,NC_032651.1,78364695,82122097,82122098,t,tc,1
NC_037329.1,NC_032651.1,78376212,82133617,82133619,t,tcc,2
NC_037329.1,NC_032651.1,78401702,82160056,82160069,T,TAACATTTATNNNN,13
NC_037329.1,NC_032651.1,78453802,82212168,82212170,G,GAA,2
NC_037329.1,NC_032651.1,78459153,82217522,82217524,c,cct,2
NC_037329.1,NC_032651.1,78497139,82255505,82255506,T,TA,1
NC_037329.1,NC_032651.1,78499751,82258118,82258120,t,tta,2
NC_037329.1,NC_032651.1,78518402,82277158,82277159,t,tg,1
NC_037329.1,NC_032651.1,78582845,82341609,82341611,T,TAA,2
NC_037329.1,NC_032651.1,78585271,82344025,82344026,a,at,1
NC_037329.1,NC_032651.1,78586408,82345163,82345164,t,ta,1
NC_037329.1,NC_032651.1,78604146,82493097,82493099,a,aag,2
NC_037329.1,NC_032651.1,78643507,82532900,82532901,c,ca,1
NC_037329.1,NC_032651.1,78697055,82467488,82467489,T,TG,1
NC_037329.1,NC_032651.1,78702547,82472985,82472988,a,atac,3
NC_037329.1,NC_032651.1,78712183,82592269,82592277,C,CATCAGATA,8
NC_037329.1,NC_032651.1,78723183,82603275,82603276,t,tc,1
NC_037329.1,NC_032651.1,78728066,82608162,82608163,c,cg,1
NC_037329.1,NC_032651.1,78734195,82614291,82614292,g,ga,1
NC_037329.1,NC_032651.1,78740010,82620132,82620134,t,tcA,2
NC_037329.1,NC_032651.1,78742625,82622759,82622760,c,ct,1
NC_037329.1,NC_032651.1,78744733,82624984,82624985,a,at,1
NC_037329.1,NC_032651.1,78749091,82629345,82629346,A,AG,1
NC_037329.1,NC_032651.1,78749420,82629675,82629676,A,AG,1
NC_037329.1,NC_032651.1,78895298,82776764,82776765,A,AT,1
NC_037329.1,NC_032651.1,78895318,82776785,82776786,G,GA,1
NC_037329.1,NC_032651.1,79026845,82908220,82908250,t,ttatatatatatatatatatatatatatata,30
NC_037329.1,NC_032651.1,79038539,82919944,82919946,T,TTA,2
NC_037329.1,NC_032651.1,79053396,82934803,82934805,c,cat,2
NC_037329.1,NC_032651.1,79060020,82941429,82941430,a,at,1
NC_037329.1,NC_032651.1,79454015,83278846,83278849,c,ctct,3
NC_037329.1,NC_032651.1,79454089,83278923,83278924,t,tc,1
NC_037329.1,NC_032651.1,79601104,83481122,83481123,G,GK,1
NC_037329.1,NC_032651.1,79781478,83661476,83661482,t,tacacac,6
NC_037329.1,NC_032651.1,79847178,83732207,83732208,t,tg,1
NC_037329.1,NC_032651.1,79849744,83734774,83734777,A,AGCT,3
NC_037329.1,NC_032651.1,79863864,83748897,83748898,g,gt,1
NC_037329.1,NC_032651.1,79996238,83881262,83881263,G,GA,1
NC_037329.1,NC_032651.1,80008016,83893114,83893124,c,caactctgtgt,10
NC_037329.1,NC_032651.1,80122385,84014800,84014802,C,CCA,2
NC_037329.1,NC_032651.1,80282153,84171799,84171800,A,AM,1
NC_037329.1,NC_032651.1,80305072,84192713,84192715,g,gct,2
NC_037329.1,NC_032651.1,80360489,84218494,84218496,A,AAT,2
NC_037329.1,NC_032651.1,80367918,84225925,84225926,a,ag,1
NC_037329.1,NC_032651.1,80367927,84225935,84225936,t,tc,1
NC_037329.1,NC_032651.1,80368059,84226068,84226069,t,tc,1
NC_037329.1,NC_032651.1,80372743,84230753,84230754,a,ac,1
NC_037329.1,NC_032651.1,80384612,84242625,84242626,g,ga,1
NC_037329.1,NC_032651.1,80404779,84262793,84262794,t,tg,1
NC_037329.1,NC_032651.1,80404894,84262909,84262915,g,gatcaga,6
NC_037329.1,NC_032651.1,80446875,84304898,84304899,g,gt,1
NC_037329.1,NC_032651.1,80447698,84305722,84305723,t,tg,1
NC_037329.1,NC_032651.1,80518283,84376308,84376309,a,ag,1
NC_037329.1,NC_032651.1,80518306,84376332,84376335,g,gaga,3
NC_037329.1,NC_032651.1,80518523,84376551,84376552,t,ta,1
NC_037329.1,NC_032651.1,80661525,84520190,84520192,a,att,2
NC_037329.1,NC_032651.1,80669920,84528593,84528594,a,ac,1
NC_037329.1,NC_032651.1,80670171,84528845,84528846,C,CA,1
NC_037329.1,NC_032651.1,80672931,84531607,84531608,a,at,1
NC_037329.1,NC_032651.1,80690917,84549595,84549603,A,AAAAGGTAM,8
NC_037329.1,NC_032651.1,80787994,84647278,84647281,C,CTTA,3
NC_037329.1,NC_032651.1,81024777,84883931,84883932,g,gt,1
NC_037329.1,NC_032651.1,81178916,85037949,85037950,a,ag,1
NC_037329.1,NC_032651.1,81181015,85038584,85038585,a,at,1
NC_037329.1,NC_032651.1,81208234,85066996,85066997,G,GA,1
NC_037329.1,NC_032651.1,81303040,85163269,85163270,C,CY,1
NC_037329.1,NC_032651.1,81303187,85163417,85163436,C,CNNNNNNNNNNNNNNNNNNN,19
NC_037329.1,NC_032651.1,81368575,85230627,85230628,g,ga,1
NC_037329.1,NC_032651.1,81566348,85426231,85426233,a,aNN,2
NC_037329.1,NC_032651.1,81632642,85492527,85492528,t,tg,1
NC_037329.1,NC_032651.1,81746697,85601244,85601245,g,gc,1
NC_037329.1,NC_032651.1,81771318,85643196,85643197,G,GA,1
NC_037329.1,NC_032651.1,81828201,85700609,85700614,t,tctttc,5
NC_037329.1,NC_032651.1,81831715,85704129,85704132,g,gaaa,3
NC_037329.1,NC_032651.1,81966798,85832667,85832668,T,TC,1
NC_037329.1,NC_032651.1,82050303,85916178,85916183,A,ATTAAT,5
NC_037329.1,NC_032651.1,82059747,85925627,85925631,g,gatgt,4
NC_037329.1,NC_032651.1,82063491,85929374,85929375,T,TC,1
NC_037329.1,NC_032651.1,82063499,85929383,85929384,T,TC,1
NC_037329.1,NC_032651.1,82073188,85939072,85939073,a,at,1
NC_037329.1,NC_032651.1,82083085,85948969,85948970,C,CG,1
NC_037329.1,NC_032651.1,82139519,85998991,85998992,t,tc,1
NC_037329.1,NC_032651.1,82276795,86154965,86154966,t,ta,1
NC_037329.1,NC_032651.1,82292769,86170887,86170888,A,AW,1
NC_037329.1,NC_032651.1,82311411,86189531,86189532,G,GA,1
NC_037329.1,NC_032651.1,82318984,86197105,86197107,t,tNN,2
NC_037329.1,NC_032651.1,82524008,86394052,86394053,g,gt,1
NC_037329.1,NC_032651.1,82524020,86394065,86394066,g,ga,1
NC_037329.1,NC_032651.1,82524025,86394071,86394072,t,ta,1
NC_037329.1,NC_032651.1,83028279,86790681,86790682,a,at,1
NC_037329.1,NC_032651.1,83040066,86802469,86802471,t,ttg,2
NC_037329.1,NC_032651.1,83084803,86976724,86976725,g,gt,1
NC_037329.1,NC_032651.1,83180612,87031958,87031959,a,ag,1
NC_037329.1,NC_032651.1,83191333,87045214,87045215,g,gc,1
NC_037329.1,NC_032651.1,83191338,87045220,87045221,a,at,1
NC_037329.1,NC_032651.1,83196788,87050671,87050675,T,TAGNN,4
NC_037329.1,NC_032651.1,83216607,87071492,87071494,A,AGT,2
NC_037329.1,NC_032651.1,83248141,87102670,87102672,c,cag,2
NC_037329.1,NC_032651.1,83248443,87102974,87103013,a,atgctatctaggttaatcataactttccttccaaggagtt,39
NC_037329.1,NC_032651.1,83294232,87151163,87151165,T,TTG,2
NC_037329.1,NC_032651.1,83559978,87426166,87426168,g,gtt,2
NC_037329.1,NC_032651.1,83572421,87438612,87438614,a,aat,2
NC_037329.1,NC_032651.1,83644663,87510639,87510640,A,AR,1
NC_037329.1,NC_032651.1,83692708,87558684,87558685,g,gt,1
NC_037329.1,NC_032651.1,83748343,87614769,87614771,t,tgc,2
NC_037329.1,NC_032651.1,84080751,87946135,87946136,g,gt,1
NC_037329.1,NC_032651.1,84080751,87980088,87980089,g,gt,1
NC_037329.1,NC_032651.1,84294535,88226679,88226688,G,GCTTTATAGC,9
NC_037329.1,NC_032651.1,84304243,88236396,88236405,a,aaaaaaaaac,9
NC_037329.1,NC_032651.1,84497014,88429082,88429084,t,tNN,2
NC_037329.1,NC_032651.1,84761691,88695135,88695136,A,AG,1
NC_037329.1,NC_032651.1,84761704,88695149,88695150,C,CT,1
NC_037329.1,NC_032651.1,84761717,88695163,88695164,g,gt,1
NC_037329.1,NC_032651.1,84825333,88758792,88758793,g,ga,1
NC_037329.1,NC_032651.1,84825883,88759343,88759344,g,ga,1
NC_037329.1,NC_032651.1,84910169,88848834,88848835,T,TG,1
NC_037329.1,NC_032651.1,84984703,88923359,88923360,C,CA,1
NC_037329.1,NC_032651.1,85104833,89043485,89043486,t,ta,1
NC_037329.1,NC_032651.1,85214411,89153384,89153386,A,AAC,2
NC_037329.1,NC_032651.1,85215170,89154145,89154146,C,CW,1
NC_037329.1,NC_032651.1,85252199,89191748,89191749,C,CA,1
NC_037329.1,NC_032651.1,85365507,89304991,89304992,C,CA,1
NC_037329.1,NC_032651.1,85514746,89455202,89455204,t,tac,2
NC_037329.1,NC_032651.1,85830952,89955095,89955096,T,TG,1
NC_037329.1,NC_032651.1,86228512,90400050,90400052,a,aag,2
NC_037329.1,NC_032651.1,86256552,90428092,90428093,c,ca,1
NC_037329.1,NC_032651.1,86265336,90436877,90436878,a,ag,1
NC_037329.1,NC_032651.1,86265385,90436927,90436929,a,act,2
NC_037329.1,NC_032651.1,86267991,90439535,90439537,c,cct,2
NC_037329.1,NC_032651.1,86274526,90446073,90446076,c,cNNN,3
NC_037329.1,NC_032651.1,86274825,90446372,90446373,c,ct,1
NC_037329.1,NC_032651.1,86274920,90446468,90446469,a,at,1
NC_037329.1,NC_032651.1,86274994,90446543,90446549,t,ttttttg,6
NC_037329.1,NC_032651.1,86275112,90446667,90446669,g,gtt,2
NC_037329.1,NC_032651.1,86388185,90561364,90561371,G,GACAATGT,7
NC_037329.1,NC_032651.1,86466272,90638802,90638803,a,at,1
NC_037329.1,NC_032651.1,86540781,90713313,90713317,A,ACTGT,4
NC_037329.1,NC_032651.1,86873537,91046057,91046058,a,aN,1
NC_037329.1,NC_032651.1,86899103,91071622,91071623,C,CT,1
NC_037329.1,NC_032651.1,86948812,91121334,91121335,C,CM,1
NC_037329.1,NC_032651.1,87008336,91210215,91210220,T,TTAAAA,5
NC_037329.1,NC_032651.1,87043556,91259700,91259702,t,tNN,2
NC_037329.1,NC_032651.1,87078284,91294563,91294564,T,TC,1
NC_037329.1,NC_032651.1,87078307,91294587,91294588,T,TA,1
NC_037329.1,NC_032651.1,87267214,91483813,91483814,a,ag,1
NC_037329.1,NC_032651.1,87317417,91559456,91559465,a,acactgtttc,9
NC_037329.1,NC_032651.1,87317544,91559591,91559592,g,gt,1
NC_037329.1,NC_032651.1,87320056,91562104,91562106,g,gat,2
NC_037329.1,NC_032651.1,87549193,91790468,91790470,a,aNN,2
NC_037329.1,NC_032651.1,87555714,91796991,91796994,C,CAGA,3
NC_037329.1,NC_032651.1,87565384,91806664,91806665,T,TA,1
NC_037329.1,NC_032651.1,87582353,91823633,91823634,a,at,1
NC_037329.1,NC_032651.1,87646224,91885363,91885366,t,tctc,3
NC_037329.1,NC_032651.1,87646664,91885806,91885815,a,acactgtttc,9
NC_037329.1,NC_032651.1,87975484,92214707,92214708,c,ca,1
NC_037329.1,NC_032651.1,88046702,92302480,92302481,g,gt,1
NC_037329.1,NC_032651.1,88123668,92379446,92379447,t,tg,1
NC_037329.1,NC_032651.1,88134651,92390428,92390431,g,gttc,3
NC_037329.1,NC_032651.1,88139190,92394970,92394971,g,gt,1
NC_037329.1,NC_032651.1,88536101,92793867,92793868,c,ca,1
NC_037329.1,NC_032651.1,88716390,92977955,92977956,T,TG,1
NC_037329.1,NC_032651.1,88752185,93010227,93010228,A,AS,1
NC_037329.1,NC_032651.1,88814551,93072596,93072605,A,ACCATAAATG,9
NC_037329.1,NC_032651.1,88819250,93077301,93077303,a,aNN,2
NC_037329.1,NC_032651.1,89085253,93341586,93341942,T,TAAANNNNNNNNNNNNNNNNNNNNNNNNNNNNNNNNNNNNNNNNNNNNNNNNNNNNNNNNNNNNNNNNNNNNNNNNNNNNNNNNNNNNNNNNNNNNNNNNNNNNNNNNNNNNNNNNNNNNNNNNNNNNNNNNNNNNNNNNNNNNNNNNNNNNNNNNNNNNNNNNNNNNNNNNNNNNNNNNNNNNNNNNNNNNNNNNNNNNNNNNNNNNNNNNNNNNNNNNNNNNNNNNNNNNNNNNNNNNNNNNNNNNNNNNNNNNNNNNNNNNNNNNNNNNNNNNNNNNNNNNNNNNNNNNNNNNNNNNNNNNNNNNNNNNNNNNNNNNNNNNNNNNNNNNNNNNNNNNNNNNNNNNNNNNNNNNN,356
NC_037329.1,NC_032651.1,89270518,93529464,93529465,C,CT,1
NC_037329.1,NC_032651.1,89347965,93607663,93607664,c,ct,1
NC_037329.1,NC_032651.1,89419857,93678679,93678680,t,tg,1
NC_037329.1,NC_032651.1,89528203,93787301,93787302,C,CA,1
NC_037329.1,NC_032651.1,89571766,93830777,93830813,C,CAGTGATGATCAGTAAGCAAATGGGATTTGCTTAAAT,36
NC_037329.1,NC_032651.1,89658514,93917582,93917583,a,at,1
NC_037329.1,NC_032651.1,89665341,93924434,93924435,T,TW,1
NC_037329.1,NC_032651.1,89665374,93924469,93924470,T,TA,1
NC_037329.1,NC_032651.1,89684638,93943657,93943658,c,ca,1
NC_037329.1,NC_032651.1,89693267,93952291,93952294,c,caaa,3
NC_037329.1,NC_032651.1,89704474,93963504,93963505,c,ca,1
NC_037329.1,NC_032651.1,89705497,93964528,93964529,t,ta,1
NC_037329.1,NC_032651.1,90141876,94398534,94398535,a,ag,1
NC_037329.1,NC_032651.1,90269932,94827278,94827279,c,ct,1
NC_037329.1,NC_032651.1,90269978,94827325,94827326,t,tY,1
NC_037329.1,NC_032651.1,90294017,94850937,94850938,C,CA,1
NC_037329.1,NC_032651.1,90294069,94850989,94850990,G,GA,1
NC_037329.1,NC_032651.1,90297078,94853998,94854000,T,TAA,2
NC_037329.1,NC_032651.1,90298179,94855102,94855103,C,CT,1
NC_037329.1,NC_032651.1,90378740,94930380,94930382,t,ttg,2
NC_037329.1,NC_032651.1,90426691,94979726,94979727,c,cY,1
NC_037329.1,NC_032651.1,90622393,95175417,95175419,g,gtt,2
NC_037329.1,NC_032651.1,90667973,95221001,95221002,C,CA,1
NC_037329.1,NC_032651.1,90699533,95252531,95252532,T,TG,1
NC_037329.1,NC_032651.1,90747058,95352433,95352434,t,tc,1
NC_037329.1,NC_032651.1,91013528,95604261,95604264,C,CTTG,3
NC_037329.1,NC_032651.1,91021045,95611782,95611784,a,act,2
NC_037329.1,NC_032651.1,91055332,95738404,95738405,G,GT,1
NC_037329.1,NC_032651.1,91071533,95755144,95755151,A,ACACAGcc,7
NC_037329.1,NC_032651.1,91080996,95764613,95764614,t,ta,1
NC_037329.1,NC_032651.1,91081047,95764665,95764679,a,aagtctagtCTGtct,14
NC_037329.1,NC_032651.1,91172228,95856471,95856472,G,GR,1
NC_037329.1,NC_032651.1,91222966,95909809,95909811,T,TNN,2
NC_037329.1,NC_032651.1,91286713,95973553,95973554,t,tA,1
NC_037329.1,NC_032651.1,91432670,96193707,96193708,G,GK,1
NC_037329.1,NC_032651.1,91535712,96296777,96296780,A,ATTT,3
NC_037329.1,NC_032651.1,91564486,96325559,96325562,T,TAAG,3
NC_037329.1,NC_032651.1,91638260,96399340,96399341,T,TK,1
NC_037329.1,NC_032651.1,91642445,96403525,96403526,c,ct,1
NC_037329.1,NC_032651.1,91650785,96411870,96411876,T,TCATAAC,6
NC_037329.1,NC_032651.1,91678097,96439175,96439179,c,ccaaa,4
NC_037329.1,NC_032651.1,91706449,96467427,96467429,t,taa,2
NC_037329.1,NC_032651.1,91762278,96523019,96523020,T,TC,1
NC_037329.1,NC_032651.1,91808878,96569392,96569393,G,GK,1
NC_037329.1,NC_032651.1,91870877,96716454,96716458,T,TAGAG,4
NC_037329.1,NC_032651.1,91917308,96762971,96762972,T,TA,1
NC_037329.1,NC_032651.1,92011756,96853487,96853488,c,cg,1
NC_037329.1,NC_032651.1,92156912,96998414,96998416,A,AAR,2
NC_037329.1,NC_032651.1,92350636,97187846,97187848,t,tNN,2
NC_037329.1,NC_032651.1,92419129,97256340,97256341,a,at,1
NC_037329.1,NC_032651.1,92662131,97522470,97522471,G,GR,1
NC_037329.1,NC_032651.1,92677632,97537979,97537980,c,ct,1
NC_037329.1,NC_032651.1,92687106,97547462,97547465,g,ggaa,3
NC_037329.1,NC_032651.1,92840367,97700752,97700753,C,CS,1
NC_037329.1,NC_032651.1,92895726,97756336,97756337,t,ta,1
NC_037329.1,NC_032651.1,92908889,97769500,97769501,A,AR,1
NC_037329.1,NC_032651.1,93108655,97957298,97957299,g,ga,1
NC_037329.1,NC_032651.1,93341753,98250993,98250994,g,ga,1
NC_037329.1,NC_032651.1,93341854,98251096,98251097,t,ta,1
NC_037329.1,NC_032651.1,93485261,98434598,98434599,t,tc,1
NC_037329.1,NC_032651.1,93592861,98541171,98541175,A,ATTAG,4
NC_037329.1,NC_032651.1,93617634,98569778,98569780,G,GAA,2
NC_037329.1,NC_032651.1,93624844,98576995,98576997,a,aNN,2
NC_037329.1,NC_032651.1,93645625,98597871,98597872,a,ag,1
NC_037329.1,NC_032651.1,93718055,98688088,98688089,t,tg,1
NC_037329.1,NC_032651.1,93782616,98756977,98756979,C,CTG,2
NC_037329.1,NC_032651.1,93783858,98758221,98758223,c,cca,2
NC_037329.1,NC_032651.1,93787066,98761431,98761438,G,GGAGCACA,7
NC_037329.1,NC_032651.1,93791741,98766118,98766122,t,ttccc,4
NC_037329.1,NC_032651.1,93795836,98770217,98770218,a,at,1
NC_037329.1,NC_032651.1,93903756,98878140,98878141,T,TG,1
NC_037329.1,NC_032651.1,93994728,98969281,98969282,g,gc,1
NC_037329.1,NC_032651.1,94165652,99140421,99140422,G,GA,1
NC_037329.1,NC_032651.1,94624604,99668265,99668266,T,TA,1
NC_037329.1,NC_032651.1,94703980,99749739,99749741,c,ccg,2
NC_037329.1,NC_032651.1,94704097,99749858,99749859,C,CN,1
NC_037329.1,NC_032651.1,94962698,100009420,100009421,t,tc,1
NC_037329.1,NC_032651.1,95037751,100084672,100084675,C,CCCG,3
NC_037329.1,NC_032651.1,95273977,100326065,100326067,T,TTM,2
NC_037329.1,NC_032651.1,95485283,100541672,100541673,a,ac,1
NC_037329.1,NC_032651.1,95485471,100541858,100541859,g,ga,1
NC_037329.1,NC_032651.1,95485558,100541946,100541962,t,tctgatagatagagtgc,16
NC_037329.1,NC_032651.1,95485654,100542058,100542061,t,tctg,3
NC_037329.1,NC_032651.1,95485844,100542251,100542253,t,tta,2
NC_037329.1,NC_032651.1,95505192,100561604,100561605,C,CY,1
NC_037329.1,NC_032651.1,95556883,100613324,100613325,a,at,1
NC_037329.1,NC_032651.1,95871174,100926585,100926586,A,AM,1
NC_037329.1,NC_032651.1,95920342,100975922,100975923,C,CT,1
NC_037329.1,NC_032651.1,95924328,100979805,100979806,G,GA,1
NC_037329.1,NC_032651.1,95980501,101035981,101035983,c,caM,2
NC_037329.1,NC_032651.1,96009121,101064605,101064608,A,AATG,3
NC_037329.1,NC_032651.1,96009714,101065201,101065203,C,CAG,2
NC_037329.1,NC_032651.1,96028987,101084621,101084622,a,at,1
NC_037329.1,NC_032651.1,96167819,101224915,101224916,a,at,1
NC_037329.1,NC_032651.1,96277438,101340784,101340785,T,TA,1
NC_037329.1,NC_032651.1,96363698,101426957,101426958,t,tc,1
NC_037329.1,NC_032651.1,96414033,101477078,101477079,t,ta,1
NC_037329.1,NC_032651.1,96423111,101486159,101486173,t,tgacttacttcactc,14
NC_037329.1,NC_032651.1,96436572,101499645,101499646,g,gt,1
NC_037329.1,NC_032651.1,96450788,101513861,101513867,a,acatatg,6
NC_037329.1,NC_032651.1,96465225,101528300,101528301,G,GT,1
NC_037329.1,NC_032651.1,96465227,101528303,101528307,A,ATTCC,4
NC_037329.1,NC_032651.1,96721524,101834340,101834341,c,ca,1
NC_037329.1,NC_032651.1,96878948,101991773,101991774,t,ta,1
NC_037329.1,NC_032651.1,96878951,101991777,101991778,a,ag,1
NC_037329.1,NC_032651.1,96936753,102049404,102049409,c,ctctaa,5
NC_037329.1,NC_032651.1,97336232,102465894,102465895,c,ca,1
NC_037329.1,NC_032651.1,97478087,102610180,102610181,t,tg,1
NC_037329.1,NC_032651.1,97518583,102650666,102650667,T,TY,1
NC_037329.1,NC_032651.1,97739425,102870747,102870748,A,AT,1
NC_037329.1,NC_032651.1,97800045,102931454,102931455,a,at,1
NC_037329.1,NC_032651.1,97856604,102991642,102991643,T,TA,1
NC_037329.1,NC_032651.1,97899493,103049005,103049006,A,AT,1
NC_037329.1,NC_032651.1,97963758,103113268,103113269,a,at,1
NC_037329.1,NC_032651.1,97963816,103113327,103113328,a,at,1
NC_037329.1,NC_032651.1,98020548,103170019,103170020,g,gt,1
NC_037329.1,NC_032651.1,98371833,103518404,103518405,g,gt,1
NC_037329.1,NC_032651.1,98379284,103525856,103525857,C,CY,1
NC_037329.1,NC_032651.1,98616346,103801482,103801483,g,gt,1
NC_037329.1,NC_032651.1,98692999,103878357,103878359,a,aNN,2
NC_037329.1,NC_032651.1,98703380,103888736,103888737,T,TA,1
NC_037329.1,NC_032651.1,98703403,103888760,103888761,A,AT,1
NC_037329.1,NC_032651.1,98773607,103967854,103967855,t,tc,1
NC_037329.1,NC_032651.1,98839875,104008339,104008340,T,TC,1
NC_037329.1,NC_032651.1,98839889,104008354,104008355,T,TG,1
NC_037329.1,NC_032651.1,98839996,104008463,104008464,C,CA,1
NC_037329.1,NC_032651.1,98845118,104013584,104013588,t,tNNNN,4
NC_037329.1,NC_032651.1,98975734,104168435,104168436,C,CA,1
NC_037329.1,NC_032651.1,99042040,104233963,104233964,C,CT,1
NC_037329.1,NC_032651.1,99284375,104484888,104484889,C,CN,1
NC_037329.1,NC_032651.1,99685437,104942924,104942940,a,aNNNNNNNNNNNNNNNN,16
NC_037329.1,NC_032651.1,99725716,104983224,104983225,a,at,1
NC_037329.1,NC_032651.1,99725752,104983261,104983262,a,ag,1
NC_037329.1,NC_032651.1,99725822,104983332,104983335,c,cagg,3
NC_037329.1,NC_032651.1,99741591,104998961,104998967,C,CACACCA,6
NC_037329.1,NC_032651.1,99745253,105002629,105002632,a,attt,3
NC_037329.1,NC_032651.1,99866634,105123966,105123974,T,TTCAAATTC,8
NC_037329.1,NC_032651.1,99868706,105126046,105126047,a,at,1
NC_037329.1,NC_032651.1,99892364,105149711,105149712,C,CA,1
NC_037329.1,NC_032651.1,99900195,105157283,105157284,A,AR,1
NC_037329.1,NC_032651.1,100056821,105311951,105311952,T,TG,1
NC_037329.1,NC_032651.1,100057887,105313020,105313022,C,CTG,2
NC_037329.1,NC_032651.1,100098387,105353538,105353540,G,GAA,2
NC_037329.1,NC_032651.1,100100298,105355451,105355453,t,taa,2
NC_037329.1,NC_032651.1,100127979,105383145,105383146,G,GC,1
NC_037329.1,NC_032651.1,100136452,105391621,105391624,G,GTAC,3
NC_037329.1,NC_032651.1,100395676,105650717,105650718,A,AM,1
NC_037329.1,NC_032651.1,100550405,105805485,105805486,A,AT,1
NC_037329.1,NC_032651.1,100638169,105893202,105893204,T,TTA,2
NC_037329.1,NC_032651.1,100904149,106160791,106160792,c,ca,1
NC_037329.1,NC_032651.1,101188707,106324503,106324504,G,GC,1
NC_037329.1,NC_032651.1,101333958,106470138,106470139,t,tc,1
NC_037329.1,NC_032651.1,101359238,106495416,106495417,G,GT,1
NC_037329.1,NC_032651.1,101614645,106750232,106750247,g,ggggcATTNNNNNNNN,15
NC_037329.1,NC_032651.1,101816032,107008443,107008444,c,ca,1
NC_037329.1,NC_032651.1,101873124,107067397,107067398,t,ta,1
NC_037329.1,NC_032651.1,102003027,107205211,107205217,c,ccaggat,6
NC_037329.1,NC_032651.1,102006484,107208676,107208677,A,AG,1
NC_037329.1,NC_032651.1,102193618,107375281,107375282,A,AG,1
NC_037329.1,NC_032651.1,102193657,107375321,107375323,t,taa,2
NC_037329.1,NC_032651.1,102224580,107405089,107405090,a,ag,1
NC_037329.1,NC_032651.1,102393215,107573727,107573728,A,AC,1
NC_037329.1,NC_032651.1,102458061,107638574,107638575,c,ct,1
NC_037329.1,NC_032651.1,102575040,107754751,107754753,t,tNN,2
NC_037329.1,NC_032651.1,102678520,107905165,107905166,A,AG,1
NC_037329.1,NC_032651.1,102724061,107950390,107950391,t,tc,1
NC_037329.1,NC_032651.1,102789964,108016603,108016604,t,ta,1
NC_037329.1,NC_032651.1,102821294,108047935,108047936,t,tN,1
NC_037329.1,NC_032651.1,104269580,108234359,108234360,g,gt,1
NC_037329.1,NC_032651.1,104321585,108363225,108363226,A,AN,1
NC_037329.1,NC_032651.1,104541584,108699419,108699420,A,AG,1
NC_037329.1,NC_032651.1,104885575,109097303,109097304,A,AC,1
NC_037329.1,NC_032651.1,105208319,109420125,109420126,a,at,1
NC_037329.1,NC_032651.1,105318828,109578189,109578190,T,TG,1
NC_037329.1,NC_032651.1,105476596,109842168,109842169,g,gc,1
NC_037329.1,NC_032651.1,105662489,110027808,110027809,a,ag,1
NC_037329.1,NC_032651.1,105686512,110051618,110051620,a,aag,2
NC_037329.1,NC_032651.1,105699610,110070341,110070343,C,CCA,2
NC_037329.1,NC_032651.1,105838967,110210182,110210185,a,aaag,3
NC_037329.1,NC_032651.1,105894540,110267564,110267565,T,TC,1
NC_037329.1,NC_032651.1,105946636,110319555,110319556,g,gc,1
NC_037329.1,NC_032651.1,105992644,110365562,110365566,A,AAAAC,4
NC_037329.1,NC_032651.1,106114066,110481283,110481287,G,GCAGT,4
NC_037329.1,NC_032651.1,106499628,110868565,110868566,t,ta,1
NC_037329.1,NC_032651.1,106525566,110894502,110894506,C,CACTG,4
NC_037329.1,NC_032651.1,106532620,110901560,110901561,G,GK,1
NC_037329.1,NC_032651.1,106553261,110922201,110922202,g,ga,1
NC_037329.1,NC_032651.1,106553335,110922276,110922277,t,tg,1
NC_037329.1,NC_032651.1,106557452,110926397,110926399,a,aNN,2
NC_037329.1,NC_032651.1,106580666,110949618,110949619,C,CT,1
NC_037329.1,NC_032651.1,106679426,111048392,111048395,g,gttc,3
NC_037329.1,NC_032651.1,106755022,111123879,111123880,A,AG,1
NC_037329.1,NC_032651.1,106757340,111126198,111126199,c,ca,1
NC_037329.1,NC_032651.1,106776209,111145067,111145068,G,GC,1
NC_037329.1,NC_032651.1,106787464,111156333,111156334,G,GA,1
NC_037329.1,NC_032651.1,106787965,111156835,111156836,T,TC,1
NC_037329.1,NC_032651.1,106799169,111168043,111168044,A,AG,1
NC_037329.1,NC_032651.1,106802273,111171151,111171152,t,ta,1
NC_037329.1,NC_032651.1,106809017,111177861,111177863,c,ctg,2
NC_037329.1,NC_032651.1,106811664,111180510,111180512,A,AAG,2
NC_037329.1,NC_032651.1,106859636,111227913,111227914,C,CG,1
NC_037329.1,NC_032651.1,106958398,111326708,111326712,T,TTGAC,4
NC_037329.1,NC_032651.1,106972818,111340621,111340622,g,gK,1
NC_037329.1,NC_032651.1,106993142,111360947,111360948,G,GA,1
NC_037329.1,NC_032651.1,107021348,111389161,111389163,A,AGG,2
NC_037329.1,NC_032651.1,107021821,111389635,111389636,G,GR,1
NC_037329.1,NC_032651.1,107051115,111418926,111418928,a,aag,2
NC_037329.1,NC_032651.1,107074385,111442199,111442200,a,ag,1
NC_037329.1,NC_032651.1,107095038,111463033,111463035,g,gat,2
NC_037329.1,NC_032651.1,107286512,111654544,111654551,C,CTCGCCCM,7
NC_037329.1,NC_032651.1,107348589,111718254,111718255,T,TK,1
NC_037329.1,NC_032651.1,107424546,111798969,111798971,T,TTC,2
NC_037329.1,NC_032651.1,107427502,111801927,111801928,G,GR,1
NC_037329.1,NC_032651.1,107442160,111817349,111817353,a,aaaac,4
NC_037329.1,NC_032651.1,107458951,111835113,111835119,C,CCCCAGA,6
NC_037329.1,NC_032651.1,107487075,111863226,111863236,G,GCTGTCACAGA,10
NC_037329.1,NC_032651.1,107494071,111870232,111870233,T,TG,1
NC_037329.1,NC_032651.1,107528233,111904407,111904410,A,AAGG,3
NC_037329.1,NC_032651.1,107560458,111935411,111935412,T,TY,1
NC_037329.1,NC_032651.1,107573822,111949113,111949115,t,tta,2
NC_037329.1,NC_032651.1,107575359,111950652,111950653,a,ac,1
NC_037329.1,NC_032651.1,107613322,111988627,111988628,t,tg,1
NC_037329.1,NC_032651.1,107619108,111994279,111994280,T,TG,1
NC_037329.1,NC_032651.1,107621003,111996176,111996177,A,AG,1
NC_037329.1,NC_032651.1,107633939,112009114,112009118,C,CCTTT,4
NC_037329.1,NC_032651.1,107637545,112012724,112012725,c,ct,1
NC_037329.1,NC_032651.1,107639231,112014411,112014412,T,TK,1
NC_037329.1,NC_032651.1,107645339,112020512,112020530,c,cgagttggtgatggacagg,18
NC_037329.1,NC_032651.1,107998764,112377693,112377694,c,cM,1
NC_037329.1,NC_032651.1,108036513,112414843,112414844,A,AG,1
NC_037329.1,NC_032651.1,108095945,112487014,112487015,A,AC,1
NC_037329.1,NC_032651.1,108129871,112521127,112521128,t,tg,1
NC_037329.1,NC_032651.1,108133809,112525063,112525064,G,GR,1
NC_037329.1,NC_032651.1,108152899,112544072,112544074,G,GTA,2
NC_037329.1,NC_032651.1,108157734,112548909,112548911,c,caa,2
NC_037329.1,NC_032651.1,108181276,112572495,112572496,T,TA,1
NC_037329.1,NC_032651.1,108181857,112573077,112573079,t,tta,2
NC_037329.1,NC_032651.1,108202512,112585190,112585193,c,ccca,3
NC_037329.1,NC_032651.1,108213866,112596536,112596537,A,AC,1
NC_037329.1,NC_032651.1,108300064,112682742,112682759,g,gagggttcaggatgggga,17
NC_037329.1,NC_032651.1,108300145,112682840,112682841,a,at,1
NC_037329.1,NC_032651.1,108300241,112682937,112682938,C,CY,1
NC_037329.1,NC_032651.1,108300244,112682941,112682942,T,TC,1
NC_037329.1,NC_032651.1,108303427,112686124,112686125,G,GR,1
NC_037329.1,NC_032651.1,108342589,112725282,112725286,a,aNNNN,4
NC_037329.1,NC_032651.1,108364302,112746952,112746953,T,TA,1
NC_037329.1,NC_032651.1,108556796,112939671,112939672,T,TK,1
NC_037329.1,NC_032651.1,108559249,112942125,112942126,c,ct,1
NC_037329.1,NC_032651.1,108571203,112954086,112954088,t,tNN,2
NC_037329.1,NC_032651.1,108575817,112958702,112958703,g,gt,1
NC_037329.1,NC_032651.1,108742239,113180092,113180093,t,ta,1
NC_037329.1,NC_032651.1,108868537,113306295,113306296,c,cN,1
NC_037329.1,NC_032651.1,108886426,113324184,113324185,T,TK,1
NC_037329.1,NC_032651.1,108904053,113341811,113341812,A,AT,1
NC_037329.1,NC_032651.1,108914034,113351793,113351795,c,caY,2
NC_037329.1,NC_032651.1,108918875,113356631,113356633,T,TTG,2
NC_037329.1,NC_032651.1,108955291,113393079,113393081,t,tNN,2
NC_037329.1,NC_032651.1,108968766,113407266,113407267,C,CM,1
NC_037329.1,NC_032651.1,109036663,113475802,113475806,c,catat,4
NC_037329.1,NC_032651.1,109108935,113548168,113548170,g,ggt,2
NC_037329.1,NC_032651.1,109130987,113570230,113570231,T,TC,1
NC_037329.1,NC_032651.1,109145429,113584673,113584680,T,TACGGGGC,7
NC_037329.1,NC_032651.1,109159900,113599163,113599164,C,CA,1
NC_037329.1,NC_032651.1,109168006,113607272,113607273,a,at,1
NC_037329.1,NC_032651.1,109175947,113615210,113615212,t,ttg,2
NC_037329.1,NC_032651.1,109192220,113631489,113631490,G,GS,1
NC_037329.1,NC_032651.1,109224107,113663376,113663381,T,TAAAGA,5
NC_037329.1,NC_032651.1,109247827,113687121,113687123,t,tgg,2
NC_037329.1,NC_032651.1,109281100,113720297,113720300,c,ctct,3
NC_037329.1,NC_032651.1,109281258,113720458,113720459,c,ct,1
NC_037329.1,NC_032651.1,109322926,113762124,113762125,a,ag,1
NC_037329.1,NC_032651.1,109323207,113762406,113762411,a,aaaaat,5
NC_037329.1,NC_032651.1,109326917,113766122,113766124,a,agg,2
NC_037329.1,NC_032651.1,109332695,113771909,113771912,A,AAAT,3
NC_037329.1,NC_032651.1,109465165,113905328,113905329,t,tg,1
NC_037329.1,NC_032651.1,109523363,113963443,113963444,a,at,1
NC_037329.1,NC_032651.1,109595922,114036046,114036047,c,ct,1
NC_037329.1,NC_032651.1,109635852,114077819,114077820,C,CG,1
NC_037329.1,NC_032651.1,109649355,114091325,114091326,A,AG,1
NC_037329.1,NC_032651.1,109741580,114187625,114187635,C,CTATAAATGTG,10
NC_037329.1,NC_032651.1,109842634,114334581,114334582,A,AC,1
NC_037329.1,NC_032651.1,109860646,114353617,114353618,t,tg,1
NC_037329.1,NC_032651.1,109860780,114353752,114353753,g,ga,1
NC_037329.1,NC_032651.1,109862228,114355204,114355205,a,ac,1
NC_037329.1,NC_032651.1,109863159,114356137,114356144,g,gaactgaa,7
NC_037329.1,NC_032651.1,109885952,114378942,114378945,t,tctg,3
NC_037329.1,NC_032651.1,109915633,114408619,114408642,a,atatatatatatatatatatatag,23
NC_037329.1,NC_032651.1,110056812,114560619,114560620,G,GA,1
NC_037329.1,NC_032651.1,110135426,114638744,114638745,G,GS,1
NC_037329.1,NC_032651.1,110135879,114639182,114639183,c,cg,1
NC_037329.1,NC_032651.1,110135908,114639212,114639213,a,ag,1
NC_037329.1,NC_032651.1,110136285,114639590,114639591,g,ga,1
NC_037329.1,NC_032651.1,110138242,114641550,114641551,c,ct,1
NC_037329.1,NC_032651.1,110149574,114652886,114652887,g,gt,1
NC_037329.1,NC_032651.1,110250925,114797711,114797713,C,CTG,2
NC_037329.1,NC_032651.1,110282558,114828550,114828551,G,GR,1
NC_037329.1,NC_032651.1,110282889,114828882,114828890,C,CAGTGGGAG,8
NC_037329.1,NC_032651.1,110340082,114887283,114887284,C,CM,1
NC_037329.1,NC_032651.1,110421234,114970837,114970838,A,AC,1
NC_037329.1,NC_032651.1,110427442,114977046,114977047,c,cg,1
NC_037329.1,NC_032651.1,110493167,115042752,115042753,G,GA,1
NC_037329.1,NC_032651.1,110914248,115331600,115331601,g,ga,1
NC_037329.1,NC_032651.1,111138937,115554951,115554953,t,tNN,2
NC_037329.1,NC_032651.1,111168617,115584776,115584777,A,AG,1
NC_037329.1,NC_032651.1,111176089,115592249,115592250,a,ag,1
NC_037329.1,NC_032651.1,111453051,115874439,115874440,t,tY,1
NC_037329.1,NC_032651.1,111496402,115918006,115918007,C,CA,1
NC_037329.1,NC_032651.1,111496741,115918346,115918347,a,at,1
NC_037329.1,NC_032651.1,111496762,115918368,115918409,a,aaagcgCCTTATAGACATACACTGTATGATATTTAATCATTT,41
NC_037329.1,NC_032651.1,111517754,115939399,115939403,T,TTTWS,4
NC_037329.1,NC_032651.1,111527421,115949496,115949498,T,TTA,2
NC_037329.1,NC_032651.1,111540737,115962813,115962814,A,AG,1
NC_037329.1,NC_032651.1,111548213,115969503,115969505,t,tac,2
NC_037329.1,NC_032651.1,111566765,115988018,115988020,A,AAT,2
NC_037329.1,NC_032651.1,111575144,115996126,115996127,t,tc,1
NC_037329.1,NC_032651.1,111575162,115996145,115996146,t,tg,1
NC_037329.1,NC_032651.1,111575178,115996162,115996163,c,ct,1
NC_037329.1,NC_032651.1,111580068,116001037,116001038,a,at,1
NC_037329.1,NC_032651.1,111584432,116005403,116005413,t,ttaatctctcc,10
NC_037329.1,NC_032651.1,111588067,116009045,116009046,C,CT,1
NC_037329.1,NC_032651.1,111599250,116020232,116020241,a,acagcagcag,9
NC_037329.1,NC_032651.1,111629303,116050526,116050527,C,CG,1
NC_037329.1,NC_032651.1,111631412,116052636,116052637,A,AW,1
NC_037329.1,NC_032651.1,111640370,116061592,116061593,t,tc,1
NC_037329.1,NC_032651.1,111678564,116099785,116099786,a,aW,1
NC_037329.1,NC_032651.1,111693768,116116117,116116118,a,ag,1
NC_037329.1,NC_032651.1,111693868,116116215,116116216,a,at,1
NC_037329.1,NC_032651.1,111699123,116121470,116121471,C,CG,1
NC_037329.1,NC_032651.1,111758198,116180560,116180561,c,ca,1
NC_037329.1,NC_032651.1,111772703,116195066,116195067,C,CR,1
NC_037329.1,NC_032651.1,111791167,116213687,116213688,t,tg,1
NC_037329.1,NC_032651.1,111826743,116248757,116248758,T,TA,1
NC_037329.1,NC_032651.1,111943852,116364411,116364413,a,aat,2
NC_037329.1,NC_032651.1,111951186,116371746,116371747,a,ag,1
NC_037329.1,NC_032651.1,111952236,116372797,116372798,c,ct,1
NC_037329.1,NC_032651.1,111953391,116373953,116373954,c,ca,1
NC_037329.1,NC_032651.1,111959675,116380248,116380253,c,cttttt,5
NC_037329.1,NC_032651.1,111994100,116414693,116414694,a,at,1
NC_037329.1,NC_032651.1,112007626,116428214,116428215,t,ta,1
NC_037329.1,NC_032651.1,112008901,116429490,116429500,C,CTTCCACTAAT,10
NC_037329.1,NC_032651.1,112031815,116452345,116452346,t,ta,1
NC_037329.1,NC_032651.1,112036494,116457026,116457028,a,aac,2
NC_037329.1,NC_032651.1,112048968,116469504,116469505,t,tg,1
NC_037329.1,NC_032651.1,112057730,116478266,116478267,G,GS,1
NC_037329.1,NC_032651.1,112083639,116504426,116504427,g,gc,1
NC_037329.1,NC_032651.1,112084786,116505574,116505575,T,TC,1
NC_037329.1,NC_032651.1,112145234,116566040,116566041,A,AR,1
NC_037329.1,NC_032651.1,112159070,116580286,116580289,a,aaag,3
NC_037329.1,NC_032651.1,112250838,116672339,116672340,A,AG,1
NC_037329.1,NC_032651.1,112254770,116676267,116676268,a,at,1
NC_037329.1,NC_032651.1,112257185,116678683,116678698,t,tatNNNNNNNtatata,15
NC_037329.1,NC_032651.1,112265219,116686726,116686729,g,gttt,3
NC_037329.1,NC_032651.1,112280331,116704422,116704423,T,TK,1
NC_037329.1,NC_032651.1,112318589,116742692,116742694,t,ttc,2
NC_037329.1,NC_032651.1,112328007,116752109,116752110,T,TC,1
NC_037329.1,NC_032651.1,112332955,116757062,116757063,C,CY,1
NC_037329.1,NC_032651.1,112340601,116764713,116764714,A,AG,1
NC_037329.1,NC_032651.1,112413283,116837730,116837731,G,GW,1
NC_037329.1,NC_032651.1,112414395,116838844,116838845,C,CM,1
NC_037329.1,NC_032651.1,112417527,116841979,116841980,a,ag,1
NC_037329.1,NC_032651.1,112418073,116842526,116842527,T,TG,1
NC_037329.1,NC_032651.1,112435831,116860291,116860292,T,TY,1
NC_037329.1,NC_032651.1,112453901,116878362,116878365,a,attt,3
NC_037329.1,NC_032651.1,112454925,116879387,116879390,c,ctaa,3
NC_037329.1,NC_032651.1,112474081,116899386,116899387,G,GA,1
NC_037329.1,NC_032651.1,112482612,116907918,116907919,G,GC,1
NC_037329.1,NC_032651.1,112482654,116907961,116907962,T,TC,1
NC_037329.1,NC_032651.1,112482709,116908016,116908017,A,AC,1
NC_037329.1,NC_032651.1,112482713,116908021,116908022,G,GC,1
NC_037329.1,NC_032651.1,112483911,116909221,116909222,c,ca,1
NC_037329.1,NC_032651.1,112487061,116912384,116912385,t,ta,1
NC_037329.1,NC_032651.1,112507083,116932410,116932411,C,CA,1
NC_037329.1,NC_032651.1,112508090,116933418,116933419,a,ag,1
NC_037329.1,NC_032651.1,112534090,116959426,116959428,A,AAG,2
NC_037329.1,NC_032651.1,112595347,117025520,117025524,A,AACAG,4
NC_037329.1,NC_032651.1,112602398,117033514,117033517,a,aaag,3
NC_037329.1,NC_032651.1,112640995,117072114,117072115,A,AT,1
NC_037329.1,NC_032651.1,112695776,117126760,117126762,C,CTT,2
NC_037329.1,NC_032651.1,112712510,117144064,117144065,G,GT,1
NC_037329.1,NC_032651.1,112762843,117194618,117194620,A,AAG,2
NC_037329.1,NC_032651.1,112772007,117204070,117204072,t,tNN,2
NC_037329.1,NC_032651.1,112775361,117207427,117207429,a,aat,2
NC_037329.1,NC_032651.1,112779122,117212884,117212888,t,taata,4
NC_037329.1,NC_032651.1,112779278,117213045,117213046,T,TA,1
NC_037329.1,NC_032651.1,112793197,117226958,117226960,t,ttg,2
NC_037329.1,NC_032651.1,112799426,117234791,117234793,C,CGA,2
NC_037329.1,NC_032651.1,112799709,117235074,117235075,C,CA,1
NC_037329.1,NC_032651.1,112804069,117239436,117239440,C,CTATG,4
NC_037329.1,NC_032651.1,112825141,117260186,117260187,a,ag,1
NC_037329.1,NC_032651.1,112909633,117344129,117344130,T,TW,1
NC_037329.1,NC_032651.1,112910718,117345209,117345211,a,aat,2
NC_037329.1,NC_032651.1,112913634,117348133,117348134,T,TC,1
NC_037329.1,NC_032651.1,113036577,117470982,117470983,T,TC,1
NC_037329.1,NC_032651.1,113048380,117482789,117482790,a,at,1
NC_037329.1,NC_032651.1,113054640,117489050,117489051,t,tc,1
NC_037329.1,NC_032651.1,113080591,117515003,117515004,c,ca,1
NC_037329.1,NC_032651.1,113150813,117585230,117585231,A,AM,1
NC_037329.1,NC_032651.1,113151513,117585931,117585932,A,AC,1
NC_037329.1,NC_032651.1,113151525,117585944,117585947,t,tttg,3
NC_037329.1,NC_032651.1,113151635,117586057,117586058,a,ag,1
NC_037329.1,NC_032651.1,113153974,117588398,117588399,g,ga,1
NC_037329.1,NC_032651.1,113207921,117655435,117655437,t,taa,2
NC_037329.1,NC_032651.1,113215239,117662254,117662257,a,aaac,3
NC_037329.1,NC_032651.1,113216072,117663090,117663092,T,TGA,2
NC_037329.1,NC_032651.1,113285777,117772794,117772797,a,aaag,3
NC_037329.1,NC_032651.1,113328040,117790270,117790271,g,ga,1
NC_037329.1,NC_032651.1,113328049,117790280,117790281,t,tc,1
NC_037329.1,NC_032651.1,113328297,117790529,117790530,a,at,1
NC_037329.1,NC_032651.1,113339430,117801649,117801650,G,GK,1
NC_037329.1,NC_032651.1,113340498,117802717,117802719,T,TAG,2
NC_037329.1,NC_032651.1,113340745,117802966,117802967,C,CA,1
NC_037329.1,NC_032651.1,113340785,117803007,117803052,a,attttaattttaatttaattttaaNNNNNNNNNNttttaatttaat,45
NC_037329.1,NC_032651.1,113351410,117813683,117813685,c,ctt,2
NC_037329.1,NC_032651.1,113376648,117838900,117838901,t,ta,1
NC_037329.1,NC_032651.1,113452994,117915291,117915292,T,TG,1
NC_037329.1,NC_032651.1,113493959,117956257,117956258,a,ac,1
NC_037329.1,NC_032651.1,113494950,117957245,117957246,A,AT,1
NC_037329.1,NC_032651.1,113553433,118015992,118015993,A,AC,1
NC_037329.1,NC_032651.1,113562521,118025081,118025082,C,CY,1
NC_037329.1,NC_032651.1,113577109,118039665,118039675,T,TAATATTTGAG,10
NC_037329.1,NC_032651.1,113584617,118047229,118047230,A,AR,1
NC_037329.1,NC_032651.1,113587857,118050473,118050474,C,CY,1
NC_037329.1,NC_032651.1,113598217,118060834,118060835,a,ag,1
NC_037329.1,NC_032651.1,113611531,118074138,118074149,t,tctgagctacca,11
NC_037329.1,NC_032651.1,113621581,118084205,118084207,A,AAG,2
NC_037329.1,NC_032651.1,113627989,118090617,118090620,T,TCTY,3
NC_037329.1,NC_032651.1,113628276,118090907,118090910,T,TCMM,3
NC_037329.1,NC_032651.1,113640254,118102809,118102810,A,AT,1
NC_037329.1,NC_032651.1,113646213,118108769,118108770,G,GR,1
NC_037329.1,NC_032651.1,113658105,118120647,118120648,T,TG,1
NC_037329.1,NC_032651.1,113672471,118135142,118135143,t,ta,1
NC_037329.1,NC_032651.1,113672506,118135178,118135179,g,gc,1
NC_037329.1,NC_032651.1,113674492,118137165,118137166,A,AR,1
NC_037329.1,NC_032651.1,113675400,118138077,118138090,G,GTGTTTAATTTACT,13
NC_037329.1,NC_032651.1,113682994,118145690,118145693,G,GTGA,3
NC_037329.1,NC_032651.1,113721851,118184577,118184578,c,ct,1
NC_037329.1,NC_032651.1,113738872,118201599,118201605,a,aNNNNNN,6
NC_037329.1,NC_032651.1,113759030,118221767,118221768,t,tN,1
NC_037329.1,NC_032651.1,113885080,118349554,118349555,a,ac,1
NC_037329.1,NC_032651.1,113885918,118350393,118350397,c,ctatt,4
NC_037329.1,NC_032651.1,113892184,118356662,118356669,c,cttttttt,7
NC_037329.1,NC_032651.1,113896610,118361094,118361096,a,aac,2
NC_037329.1,NC_032651.1,113897640,118362126,118362127,g,gc,1
NC_037329.1,NC_032651.1,113899021,118363508,118363509,T,TC,1
NC_037329.1,NC_032651.1,113987030,118451522,118451533,a,atatatatatat,11
NC_037329.1,NC_032651.1,114026215,118490468,118490469,t,tg,1
NC_037329.1,NC_032651.1,114026325,118490579,118490582,a,aaat,3
NC_037329.1,NC_032651.1,114059146,118523226,118523228,t,tNN,2
NC_037329.1,NC_032651.1,114169057,118636948,118636950,t,tNN,2
NC_037329.1,NC_032651.1,114175737,118643629,118643630,G,GA,1
NC_037329.1,NC_032651.1,114188931,118656824,118656825,t,ta,1
NC_037329.1,NC_032651.1,114291850,118735630,118735639,A,AGTTACTCCT,9
NC_037329.1,NC_032651.1,114355769,118799478,118799479,a,aW,1
NC_037329.1,NC_032651.1,114439743,118883569,118883570,t,tc,1
NC_037329.1,NC_032651.1,114471036,118914874,118914875,t,tc,1
NC_037329.1,NC_032651.1,114474711,118918544,118918545,t,tc,1
NC_037329.1,NC_032651.1,114536152,118979984,118979985,t,ta,1
NC_037329.1,NC_032651.1,114754467,119198745,119198748,T,TCTY,3
NC_037329.1,NC_032651.1,114812445,119276686,119276721,C,CANNNNNNNNNNNNNNNNNNNNNNNNNNNNNNNNNN,35
NC_037329.1,NC_032651.1,114834659,119298936,119298942,t,taaaaac,6
NC_037329.1,NC_032651.1,114855711,119319981,119319983,c,cag,2
NC_037329.1,NC_032651.1,114873990,119338278,119338280,t,tta,2
NC_037329.1,NC_032651.1,114920145,119384442,119384444,t,tNN,2
NC_037329.1,NC_032651.1,114949994,119414301,119414302,A,AR,1
NC_037329.1,NC_032651.1,114969497,119433807,119433808,t,tc,1
NC_037329.1,NC_032651.1,114984410,119449059,119449060,T,TS,1
NC_037329.1,NC_032651.1,114984939,119449589,119449590,T,TY,1
NC_037329.1,NC_032651.1,115039182,119503817,119503818,A,AC,1
NC_037329.1,NC_032651.1,115040165,119504800,119504801,C,CT,1
NC_037329.1,NC_032651.1,115156915,119629602,119629603,C,CS,1
NC_037329.1,NC_032651.1,115264515,119778602,119778606,T,TCGAC,4
NC_037329.1,NC_032651.1,115270760,119784854,119784855,A,AC,1
NC_037329.1,NC_032651.1,115271935,119786030,119786032,c,caa,2
NC_037329.1,NC_032651.1,115273085,119787182,119787185,T,TCTC,3
NC_037329.1,NC_032651.1,115276690,119790741,119790742,G,GC,1
NC_037329.1,NC_032651.1,115306237,119819519,119819520,a,ac,1
NC_037329.1,NC_032651.1,115340015,119853300,119853302,c,caa,2
NC_037329.1,NC_032651.1,115340160,119853447,119853472,A,AWACTGCTTTTGTTAACTTTGCAATC,25
NC_037329.1,NC_032651.1,115361214,119874348,119874349,C,CT,1
NC_037329.1,NC_032651.1,115386274,119899394,119899400,c,cttcact,6
NC_037329.1,NC_032651.1,115400860,119913987,119913991,a,aaaat,4
NC_037329.1,NC_032651.1,115555334,120070359,120070360,A,AG,1
NC_037329.1,NC_032651.1,115779696,120305173,120305174,T,TA,1
NC_037329.1,NC_032651.1,115791420,120316899,120316908,c,ctggttgttg,9
NC_037329.1,NC_032651.1,115810511,120334158,120334159,T,TY,1
NC_037329.1,NC_032651.1,115847397,120370874,120370875,C,CA,1
NC_037329.1,NC_032651.1,115866436,120389887,120389888,A,AG,1
NC_037329.1,NC_032651.1,115871887,120395057,120395058,c,cg,1
NC_037329.1,NC_032651.1,115879128,120402299,120402300,a,aN,1
NC_037329.1,NC_032651.1,115882406,120405580,120405581,G,GA,1
NC_037329.1,NC_032651.1,115991522,120514629,120514630,t,ta,1
NC_037329.1,NC_032651.1,115991576,120514684,120514685,g,ga,1
NC_037329.1,NC_032651.1,115991602,120514711,120514712,t,ta,1
NC_037329.1,NC_032651.1,116075047,120601237,120601238,t,ta,1
NC_037329.1,NC_032651.1,116247326,120773410,120773411,G,GA,1
NC_037329.1,NC_032651.1,116247334,120773419,120773420,C,CT,1
NC_037329.1,NC_032651.1,116258604,120785004,120785010,t,tagcagc,6
NC_037329.1,NC_032651.1,116301713,120828217,120828218,A,AR,1
NC_037329.1,NC_032651.1,116524672,121067045,121067046,g,gt,1
NC_037329.1,NC_032651.1,116524757,121067130,121067131,g,gt,1
NC_037329.1,NC_032651.1,116524772,121067146,121067147,t,ta,1
NC_037329.1,NC_032651.1,116524798,121067172,121067173,t,tc,1
NC_037329.1,NC_032651.1,116524830,121067205,121067206,t,tg,1
NC_037329.1,NC_032651.1,116588235,121129949,121129950,a,at,1
NC_037329.1,NC_032651.1,116592522,121134237,121134238,G,GR,1
NC_037329.1,NC_032651.1,116640766,121182667,121182668,C,CA,1
NC_037329.1,NC_032651.1,116640774,121182676,121182677,C,CA,1
NC_037329.1,NC_032651.1,117383929,121476625,121476626,C,CN,1
NC_037329.1,NC_032651.1,117773999,121780231,121780232,g,gc,1
NC_037329.1,NC_032651.1,117859889,121890879,121890881,c,cat,2
NC_037329.1,NC_032651.1,118042097,122072450,122072452,T,TTA,2
NC_037329.1,NC_032651.1,118355318,122389843,122389844,A,AC,1
NC_037329.1,NC_032651.1,118365274,122399795,122399796,c,cg,1
NC_037329.1,NC_032651.1,118547279,122581065,122581066,C,CT,1
NC_037329.1,NC_032651.1,118797618,122853537,122853538,C,CA,1
NC_037329.1,NC_032651.1,118883539,122939701,122939702,T,TK,1
NC_037329.1,NC_032651.1,118883546,122939709,122939710,A,AW,1
NC_037329.1,NC_032651.1,118947584,123003570,123003571,g,ga,1
NC_037329.1,NC_032651.1,119127375,123183241,123183244,C,CACA,3
NC_037329.1,NC_032651.1,119175456,123231439,123231440,G,GC,1
NC_037329.1,NC_032651.1,119354935,123400359,123400360,C,CY,1
NC_037329.1,NC_032651.1,119356786,123402211,123402212,c,ca,1
NC_037329.1,NC_032651.1,119472524,123516001,123516003,a,aNN,2
NC_037329.1,NC_032651.1,119863019,123906247,123906248,C,CY,1
NC_037329.1,NC_032651.1,119970403,124013119,124013120,A,AR,1
NC_037329.1,NC_032651.1,120126011,124169236,124169237,G,GN,1
NC_037329.1,NC_032651.1,120137102,124180328,124180329,g,ga,1
NC_037329.1,NC_032651.1,120381226,124448888,124448890,c,cgG,2
NC_037329.1,NC_032651.1,120444620,124512372,124512373,T,TY,1
NC_037329.1,NC_032651.1,120946128,125012124,125012125,t,tN,1
NC_037329.1,NC_032651.1,121040759,125106663,125106664,a,at,1
NC_037329.1,NC_032651.1,121040798,125106703,125106706,g,gtcc,3
NC_037329.1,NC_032651.1,121172010,125272344,125272345,A,AG,1
NC_037329.1,NC_032651.1,121172020,125272355,125272357,C,CCT,2
NC_037329.1,NC_032651.1,121326185,125425884,125425885,t,ta,1
NC_037329.1,NC_032651.1,121326205,125425905,125425906,g,gc,1
NC_037329.1,NC_032651.1,121335894,125435608,125435609,T,TA,1
NC_037329.1,NC_032651.1,121335950,125435665,125435666,T,TA,1
NC_037329.1,NC_032651.1,122053752,125912315,125912316,A,AT,1
NC_037329.1,NC_032651.1,122148689,126006582,126006583,a,ag,1
NC_037329.1,NC_032651.1,122408330,126261961,126261962,A,AC,1
NC_037329.1,NC_032651.1,122437457,126291051,126291052,a,at,1
NC_037329.1,NC_032651.1,122531061,126384663,126384665,G,GGA,2
NC_037329.1,NC_032651.1,122531076,126384680,126384681,G,GC,1
NC_037329.1,NC_032651.1,122531091,126384696,126384697,A,AT,1
NC_037329.1,NC_032651.1,122710589,126564274,126564275,T,TA,1
NC_037329.1,NC_032651.1,122843157,126697983,126697984,C,CN,1
NC_037329.1,NC_032651.1,122871544,126726370,126726372,T,TTG,2
NC_037329.1,NC_032651.1,122900291,126755112,126755113,g,ga,1
NC_037329.1,NC_032651.1,122921459,126776279,126776280,T,TA,1
NC_037329.1,NC_032651.1,123179353,127037741,127037743,t,tag,2
NC_037329.1,NC_032651.1,123328361,127186796,127186797,g,gt,1
NC_037329.1,NC_032651.1,123336693,127195129,127195130,C,CT,1
NC_037329.1,NC_032651.1,123629257,127478515,127478516,C,CK,1
NC_037329.1,NC_032651.1,123673073,127522331,127522332,t,ta,1
NC_037329.1,NC_032651.1,123993762,128023848,128023851,g,ggat,3
NC_037329.1,NC_032651.1,124079019,128107955,128107956,t,tg,1
NC_037329.1,NC_032651.1,124234244,128262994,128262995,C,CA,1
NC_037329.1,NC_032651.1,124235463,128264245,128264246,G,GS,1
NC_037329.1,NC_032651.1,124527271,128573639,128573640,C,CT,1
NC_037329.1,NC_032651.1,124561225,128607596,128607597,G,GS,1
NC_037329.1,NC_032651.1,124630207,128676697,128676698,a,ac,1
NC_037329.1,NC_032651.1,124800574,128847987,128847990,C,CCTT,3
NC_037329.1,NC_032651.1,124986259,129033282,129033283,T,TG,1
NC_037329.1,NC_032651.1,125150925,129205015,129205016,G,GS,1
NC_037329.1,NC_032651.1,125150932,129205023,129205024,T,TG,1
NC_037329.1,NC_032651.1,125285657,129340974,129340975,T,TA,1
NC_037329.1,NC_032651.1,125366681,129445880,129445881,c,ct,1
NC_037329.1,NC_032651.1,125679046,129758587,129758590,C,CATT,3
NC_037329.1,NC_032651.1,125707231,129786779,129786780,G,GK,1
NC_037329.1,NC_032651.1,125718209,129797557,129797558,G,GK,1
NC_037329.1,NC_032651.1,125911301,130011574,130011575,C,CY,1
NC_037329.1,NC_032651.1,125921609,130021887,130021888,T,TC,1
NC_037329.1,NC_032651.1,125977096,130088738,130088739,T,TK,1
NC_037329.1,NC_032651.1,126100712,130209811,130209812,g,gc,1
NC_037329.1,NC_032651.1,126169892,130266430,130266431,T,TA,1
NC_037329.1,NC_032651.1,126250869,130347885,130347888,g,gagt,3
NC_037329.1,NC_032651.1,126254794,130351813,130351814,a,at,1
NC_037329.1,NC_032651.1,126645573,130786813,130786814,C,CR,1
NC_037329.1,NC_032651.1,126764115,130905357,130905358,G,GC,1
NC_037329.1,NC_032651.1,127048626,131189870,131189871,a,ag,1
NC_037329.1,NC_032651.1,127104593,131247280,131247282,t,tNN,2
NC_037329.1,NC_032651.1,127361765,131504295,131504296,T,TN,1
NC_037329.1,NC_032651.1,127535961,131571659,131571660,G,GA,1
NC_037329.1,NC_032651.1,127538003,131820827,131820828,T,TN,1
NC_037329.1,NC_032651.1,127610477,131893215,131893216,g,gt,1
NC_037329.1,NC_032651.1,127657520,131940259,131940260,T,TA,1
NC_037329.1,NC_032651.1,127709237,131991979,131991997,G,GGTNNNNNNNNNNNNNNNN,18
NC_037329.1,NC_032651.1,127722286,132005048,132005050,A,AAM,2
NC_037329.1,NC_032651.1,127864672,132147439,132147442,A,AANN,3
NC_037329.1,NC_032651.1,127904239,132186485,132186486,A,AM,1
NC_037329.1,NC_032651.1,127911256,132193503,132193504,G,GS,1
NC_037329.1,NC_032651.1,127995683,132277931,132277932,a,at,1
NC_037329.1,NC_032651.1,128001217,132283464,132283465,a,ac,1
NC_037329.1,NC_032651.1,128003286,132285534,132285552,G,GCACCCCACGATGGTTGGK,18
NC_037329.1,NC_032651.1,128041806,132324333,132324334,T,TG,1
NC_037329.1,NC_032651.1,128163247,132466064,132466065,C,CG,1
NC_037329.1,NC_032651.1,128307649,132601487,132601488,C,CG,1
NC_037329.1,NC_032651.1,128370288,132664128,132664129,T,TA,1
NC_037329.1,NC_032651.1,128370328,132664169,132664170,C,CT,1
NC_037329.1,NC_032651.1,128372016,132665859,132665860,G,GR,1
NC_037329.1,NC_032651.1,128373722,132667566,132667567,c,ct,1
NC_037329.1,NC_032651.1,128376313,132670158,132670165,A,AAATATCC,7
NC_037329.1,NC_032651.1,128376909,132670757,132670759,a,aat,2
NC_037329.1,NC_032651.1,128389202,132683052,132683053,c,ct,1
NC_037329.1,NC_032651.1,128460313,132753970,132753971,t,tg,1
NC_037329.1,NC_032651.1,128567961,132891715,132891716,A,AG,1
NC_037329.1,NC_032651.1,128595492,132919247,132919248,C,CY,1
NC_037329.1,NC_032651.1,128719426,133044453,133044454,G,GA,1
NC_037329.1,NC_032651.1,128974315,133296456,133296457,t,ta,1
NC_037329.1,NC_032651.1,128977717,133299862,133299865,t,tatc,3
NC_037329.1,NC_032651.1,129013530,133335677,133335678,G,GC,1
NC_037329.1,NC_032651.1,129013616,133335763,133335764,A,AR,1
NC_037329.1,NC_032651.1,129050108,133372256,133372257,t,ta,1
NC_037329.1,NC_032651.1,129088621,133410213,133410214,g,ga,1
NC_037329.1,NC_032651.1,129133898,133455376,133455377,c,ca,1
NC_037329.1,NC_032651.1,129136278,133457759,133457760,T,TG,1
NC_037329.1,NC_032651.1,129184008,133505489,133505490,A,AG,1
NC_037329.1,NC_032651.1,129355998,133678658,133678659,C,CA,1
NC_037329.1,NC_032651.1,129356128,133678789,133678790,t,tc,1
NC_037329.1,NC_032651.1,129561140,133883266,133883267,G,GA,1
NC_037329.1,NC_032651.1,129570309,133892436,133892437,a,at,1
NC_037329.1,NC_032651.1,129719036,134040727,134040740,c,cttttcactttcat,13
NC_037329.1,NC_032651.1,129813236,134134941,134134942,c,ct,1
NC_037329.1,NC_032651.1,129914004,134235965,134235967,T,TCC,2
NC_037329.1,NC_032651.1,129917259,134240178,134240185,C,CCACACAA,7
NC_037329.1,NC_032651.1,129975179,134299164,134299165,T,TA,1
NC_037329.1,NC_032651.1,129978910,134302896,134302899,c,cccg,3
NC_037329.1,NC_032651.1,129998455,134322447,134322460,A,AAGCCGTCTAGTNN,13
NC_037329.1,NC_032651.1,130017559,134341589,134341590,C,CY,1
NC_037329.1,NC_032651.1,130059379,134383512,134383513,G,GC,1
NC_037329.1,NC_032651.1,130092587,134417082,134417083,c,ct,1
NC_037329.1,NC_032651.1,130118459,134481866,134481867,t,tg,1
NC_037329.1,NC_032651.1,130161228,134524635,134524636,A,AT,1
NC_037329.1,NC_032651.1,130200012,134563350,134563352,C,CGT,2
NC_037329.1,NC_032651.1,130215853,134579195,134579198,C,CCAA,3
NC_037329.1,NC_032651.1,130307754,134671444,134671448,A,ANNNN,4
NC_037329.1,NC_032651.1,130398841,134762877,134762878,G,GC,1
NC_037329.1,NC_032651.1,130402918,134766955,134766956,G,GT,1
NC_037329.1,NC_032651.1,130520393,134884240,134884241,A,AR,1
NC_037329.1,NC_032651.1,130527524,134894768,134894769,A,AW,1
NC_037329.1,NC_032651.1,130587548,134953875,134953876,T,TG,1
NC_037329.1,NC_032651.1,130680065,135046398,135046399,C,CT,1
NC_037329.1,NC_032651.1,130680137,135046471,135046473,C,CCA,2
NC_037329.1,NC_032651.1,130680174,135046510,135046511,g,gc,1
NC_037329.1,NC_032651.1,130692590,135058351,135058352,a,at,1
NC_037329.1,NC_032651.1,130704588,135070354,135070355,C,CT,1
NC_037329.1,NC_032651.1,130720253,135086019,135086020,G,GS,1
NC_037329.1,NC_032651.1,130765148,135130736,135130740,g,ggact,4
NC_037329.1,NC_032651.1,130771407,135136998,135136999,c,ct,1
NC_037329.1,NC_032651.1,130813368,135178943,135178945,c,ctt,2
NC_037329.1,NC_032651.1,130820722,135186296,135186297,G,GR,1
NC_037329.1,NC_032651.1,130843155,135209021,135209022,G,GR,1
NC_037329.1,NC_032651.1,130870292,135236243,135236244,c,ca,1
NC_037329.1,NC_032651.1,130881488,135247350,135247351,C,CA,1
NC_037329.1,NC_032651.1,131004849,135371054,135371055,G,GA,1
NC_037329.1,NC_032651.1,131060470,135426567,135426569,g,gta,2
NC_037329.1,NC_032651.1,131064433,135430529,135430530,C,CA,1
NC_037329.1,NC_032651.1,131167143,135532944,135532945,G,GA,1
NC_037329.1,NC_032651.1,131180961,135546764,135546765,T,TA,1
NC_037329.1,NC_032651.1,131254897,135617511,135617516,c,cgtgaa,5
NC_037329.1,NC_032651.1,131296209,135656837,135656838,C,CA,1
NC_037329.1,NC_032651.1,131382009,135742141,135742142,A,AC,1
NC_037329.1,NC_032651.1,131484022,135844148,135844183,T,TNNNNNNNNNNNNNNNNNNNNNNNNNNNNNNNNNNN,35
NC_037329.1,NC_032651.1,131520518,135880675,135880676,C,CA,1
NC_037329.1,NC_032651.1,131867476,136227005,136227006,C,CM,1
NC_037329.1,NC_032651.1,131867518,136227048,136227050,T,TTA,2
NC_037329.1,NC_032651.1,131874834,136235091,136235092,a,at,1
NC_037329.1,NC_032651.1,131897236,136257255,136257256,g,gt,1
NC_037329.1,NC_032651.1,131917266,136277287,136277288,t,tg,1
NC_037329.1,NC_032651.1,131917310,136277332,136277333,t,tc,1
NC_037329.1,NC_032651.1,131977396,136338157,136338165,t,tcgtacaca,8
NC_037329.1,NC_032651.1,131977533,136338302,136338303,t,tc,1
NC_037329.1,NC_032651.1,131983973,136344578,136344579,A,AC,1
NC_037329.1,NC_032651.1,131987373,136347979,136347980,G,GC,1
NC_037329.1,NC_032651.1,132015038,136375468,136375469,a,ag,1
NC_037329.1,NC_032651.1,132015445,136375876,136375877,g,gc,1
NC_037329.1,NC_032651.1,132055249,136415952,136415953,a,ag,1
NC_037329.1,NC_032651.1,132061895,136422605,136422606,a,ag,1
NC_037329.1,NC_032651.1,132073673,136434420,136434421,G,GA,1
NC_037329.1,NC_032651.1,132107427,136463970,136463971,t,ta,1
NC_037329.1,NC_032651.1,132133818,136490178,136490181,G,GTTR,3
NC_037329.1,NC_032651.1,132174092,136530027,136530028,T,TG,1
NC_037329.1,NC_032651.1,132175205,136531141,136531142,T,TY,1
NC_037329.1,NC_032651.1,132182469,136536828,136536829,C,CY,1
NC_037329.1,NC_032651.1,132233169,136587609,136587614,a,atggac,5
NC_037329.1,NC_032651.1,132233300,136587759,136587760,A,AC,1
NC_037329.1,NC_032651.1,132473282,136894021,136894022,a,ac,1
NC_037329.1,NC_032651.1,132498631,136919490,136919491,C,CG,1
NC_037329.1,NC_032651.1,132503915,136925033,136925034,A,AC,1
NC_037329.1,NC_032651.1,132516345,136937461,136937463,A,AYR,2
NC_037329.1,NC_032651.1,132517249,136938367,136938368,g,ga,1
NC_037329.1,NC_032651.1,132517427,136938546,136938547,a,ag,1
NC_037329.1,NC_032651.1,132537290,136958484,136958485,G,GS,1
NC_037329.1,NC_032651.1,132706128,137126977,137126991,T,TAANNNNNNNNNNNN,14
NC_037329.1,NC_032651.1,132764631,137185049,137185053,g,ggttt,4
NC_037329.1,NC_032651.1,132777302,137199280,137199281,C,CT,1
NC_037329.1,NC_032651.1,132971422,137474291,137474292,G,GN,1
NC_037329.1,NC_032651.1,132974136,137477006,137477007,T,TK,1
NC_037329.1,NC_032651.1,132974355,137477225,137477226,a,ac,1
NC_037329.1,NC_032651.1,132999254,137502166,137502167,t,ta,1
NC_037329.1,NC_032651.1,133028849,137531762,137531764,C,CCA,2
NC_037329.1,NC_032651.1,133031473,137534387,137534388,G,GR,1
NC_037329.1,NC_032651.1,133110256,137613178,137613179,c,ct,1
NC_037329.1,NC_032651.1,133133057,137636045,137636053,a,aaNNNNNNN,8
NC_037329.1,NC_032651.1,133258388,137759902,137759903,G,GR,1
NC_037329.1,NC_032651.1,133364633,137866438,137866439,G,GA,1
NC_037329.1,NC_032651.1,133364694,137866500,137866501,G,GR,1
NC_037329.1,NC_032651.1,133399337,137904598,137904599,C,CY,1
NC_037329.1,NC_032651.1,133400305,137905567,137905571,g,gtata,4
NC_037329.1,NC_032651.1,133403895,137909157,137909158,T,TC,1
NC_037329.1,NC_032651.1,133405135,137910399,137910408,G,GCAGCTGGAR,9
NC_037329.1,NC_032651.1,133499546,138004663,138004665,c,cat,2
NC_037329.1,NC_032651.1,133499934,138005053,138005055,g,gga,2
NC_037329.1,NC_032651.1,133589824,138094945,138094949,c,cgtgt,4
NC_037329.1,NC_032651.1,133589924,138095049,138095051,g,ggt,2
NC_037329.1,NC_032651.1,133590321,138095448,138095450,c,cgt,2
NC_037329.1,NC_032651.1,133636887,138141001,138141002,G,GC,1
NC_037329.1,NC_032651.1,133672469,138176579,138176588,t,tttttttttc,9
NC_037329.1,NC_032651.1,133777258,138280884,138280885,c,ct,1
NC_037329.1,NC_032651.1,133799895,138302769,138302772,t,tata,3
NC_037329.1,NC_032651.1,133816716,138319699,138319700,T,TK,1
NC_037329.1,NC_032651.1,133827918,138330898,138330899,C,CT,1
NC_037329.1,NC_032651.1,133829230,138332194,138332195,T,TG,1
NC_037329.1,NC_032651.1,133846751,138349990,138349991,G,GT,1
NC_037329.1,NC_032651.1,133851115,138354355,138354372,c,ccccacccccgcgcccca,17
NC_037329.1,NC_032651.1,133856669,138359925,138359927,C,CGT,2
NC_037329.1,NC_032651.1,133895053,138395768,138395769,C,CT,1
NC_037329.1,NC_032651.1,133923694,138425740,138425741,c,ct,1
NC_037329.1,NC_032651.1,133947769,138449817,138449820,G,GCTC,3
NC_037329.1,NC_032651.1,133954421,138455855,138455856,C,CA,1
NC_037329.1,NC_032651.1,133961186,138462621,138462622,T,TG,1
NC_037329.1,NC_032651.1,133964547,138465983,138465986,T,TGAY,3
NC_037329.1,NC_032651.1,133970665,138472601,138472602,G,GR,1
NC_037329.1,NC_032651.1,133975190,138477122,138477123,T,TG,1
NC_037329.1,NC_032651.1,133993411,138495802,138495803,g,gc,1
NC_037329.1,NC_032651.1,133994935,138497326,138497327,G,GA,1
NC_037329.1,NC_032651.1,134028153,138530876,138530878,g,gtc,2
NC_037329.1,NC_032651.1,134030380,138533108,138533109,A,AG,1
NC_037329.1,NC_032651.1,134034112,138536837,138536838,t,tA,1
NC_037329.1,NC_032651.1,134049750,138552476,138552477,C,CG,1
NC_037329.1,NC_032651.1,134052323,138555051,138555066,t,tggtggtgggaggggg,15
NC_037329.1,NC_032651.1,134059086,138561833,138561835,C,CTG,2
NC_037329.1,NC_032651.1,134063849,138566597,138566598,A,AR,1
NC_037329.1,NC_032651.1,134332792,138836185,138836186,G,GC,1
NC_037329.1,NC_032651.1,134346838,138849244,138849253,g,gaaacagtgt,9
NC_037329.1,NC_032651.1,134356115,138864479,138864498,T,TGGGGACCCACCCGGAGCCC,19
NC_037329.1,NC_032651.1,134412414,138920857,138920858,G,GT,1
NC_037329.1,NC_032651.1,134417149,138925593,138925601,T,TGTTGGCAG,8
NC_037329.1,NC_032651.1,134426849,138935321,138935322,C,CA,1
NC_037329.1,NC_032651.1,134534336,139074710,139074711,G,GT,1
NC_037329.1,NC_032651.1,134542026,139082398,139082399,T,TC,1
NC_037329.1,NC_032651.1,134543956,139084329,139084340,G,GGGTACAAACCA,11
NC_037329.1,NC_032651.1,134595235,139133277,139133278,G,GK,1
NC_037329.1,NC_032651.1,134630118,139167956,139167957,a,ag,1
NC_037329.1,NC_032651.1,134666037,139204343,139204344,C,CY,1
NC_037329.1,NC_032651.1,134716199,139254311,139254312,G,GS,1
NC_037329.1,NC_032651.1,134725764,139264068,139264069,C,CT,1
NC_037329.1,NC_032651.1,134727975,139266278,139266279,a,at,1
NC_037329.1,NC_032651.1,134728292,139266596,139266597,A,AG,1
NC_037329.1,NC_032651.1,134737249,139275549,139275551,T,TTA,2
NC_037329.1,NC_032651.1,134752119,139290415,139290416,A,AG,1
NC_037329.1,NC_032651.1,134763514,139301808,139301809,C,CS,1
NC_037329.1,NC_032651.1,134919259,139458626,139458627,G,GC,1
NC_037329.1,NC_032651.1,134973457,139512745,139512746,t,tc,1
NC_037329.1,NC_032651.1,134994498,139531704,139531705,g,gc,1
NC_037329.1,NC_032651.1,135007684,139544855,139544856,t,ta,1
NC_037329.1,NC_032651.1,135025863,139563259,139563260,C,CT,1
NC_037329.1,NC_032651.1,135040998,139578399,139578400,G,GT,1
NC_037329.1,NC_032651.1,135093666,139631529,139631530,C,CY,1
NC_037329.1,NC_032651.1,135121439,139659366,139659367,c,ca,1
NC_037329.1,NC_032651.1,135163907,139701166,139701167,A,AC,1
NC_037329.1,NC_032651.1,135170417,139707678,139707679,g,ga,1
NC_037329.1,NC_032651.1,135181570,139718833,139718835,c,cct,2
NC_037329.1,NC_032651.1,135183547,139720812,139720813,C,CT,1
NC_037329.1,NC_032651.1,135194435,139731702,139731720,C,CTTCAAGATCTCAATGCAG,18
NC_037329.1,NC_032651.1,135195229,139732509,139732512,A,AAAC,3
NC_037329.1,NC_032651.1,135302682,139841709,139841710,G,GN,1
NC_037329.1,NC_032651.1,135313165,139852196,139852197,C,CN,1
NC_037329.1,NC_032651.1,135347771,139886795,139886801,C,CAGTCAG,6
NC_037329.1,NC_032651.1,135349489,139888519,139888550,C,CCTGCCTCCCCGCTCTGGCCTCTCCRTGTTGT,31
NC_037329.1,NC_032651.1,135379468,139918523,139918524,A,AT,1
NC_037329.1,NC_032651.1,135394113,139933188,139933189,A,AG,1
NC_037329.1,NC_032651.1,135395307,139934380,139934383,G,GAGA,3
NC_037329.1,NC_032651.1,135396199,139935253,139935254,t,tg,1
NC_037329.1,NC_032651.1,135402814,139941872,139941874,G,GST,2
NC_037329.1,NC_032651.1,135416528,139955840,139955841,T,TK,1
NC_037329.1,NC_032651.1,135447360,139986683,139986684,G,GA,1
NC_037329.1,NC_032651.1,135475153,140016898,140016899,G,GC,1
NC_037329.1,NC_032651.1,135497195,140038929,140038930,a,ac,1
NC_037329.1,NC_032651.1,135524007,140065743,140065744,c,ca,1
NC_037329.1,NC_032651.1,135542212,140083947,140083954,C,CSGGGGGG,7
NC_037329.1,NC_032651.1,135548802,140090545,140090546,G,GC,1
NC_037329.1,NC_032651.1,135581073,140122762,140122764,G,GGC,2
NC_037329.1,NC_032651.1,135595590,140137256,140137273,T,TCTGTCTTGCGCCCCAGG,17
NC_037329.1,NC_032651.1,135605558,140147185,140147186,T,TK,1
NC_037329.1,NC_032651.1,135607428,140149056,140149060,T,TCCTG,4
NC_037329.1,NC_032651.1,135608826,140150458,140150461,G,GCTK,3
NC_037329.1,NC_032651.1,135614058,140155771,140155772,A,AG,1
NC_037329.1,NC_032651.1,135651351,140192892,140192893,G,GR,1
NC_037329.1,NC_032651.1,135773304,140314564,140314565,G,GC,1
NC_037329.1,NC_032651.1,135773312,140314573,140314574,A,AT,1
NC_037329.1,NC_032651.1,135783804,140325069,140325070,T,TA,1
NC_037329.1,NC_032651.1,135791263,140332532,140332533,t,ta,1
NC_037329.1,NC_032651.1,135792269,140333539,140333540,T,TC,1
NC_037329.1,NC_032651.1,135792269,140346018,140346019,T,TC,1
NC_037329.1,NC_032651.1,135808338,140411077,140411078,t,ta,1
NC_037329.1,NC_032651.1,135808354,140411094,140411095,t,tc,1
NC_037329.1,NC_032651.1,135821300,140424031,140424032,C,CT,1
NC_037329.1,NC_032651.1,135824882,140427612,140427613,c,ct,1
NC_037329.1,NC_032651.1,135834781,140437517,140437518,T,TA,1
NC_037329.1,NC_032651.1,135847093,140449831,140449832,A,AG,1
NC_037329.1,NC_032651.1,135892021,140494761,140494762,G,GA,1
NC_037329.1,NC_032651.1,135930481,140533221,140533222,G,GT,1
NC_037329.1,NC_032651.1,135972481,140574948,140574949,g,gt,1
